8761 4 0.7842 0.8137 0.1523 0.1834 24512861.4267 22544516.3060 251396119.7681 27682.6048 393217.2895 29838461.6545 28300791.2518 12961723.1782 12539345.8763 12539345.8763 12539345.8763 12539345.8763 12539345.8763 12539345.8763 1.0162 0.4005 0.2387 0.2236 0.1891 0.1859 0.1859 0.1859 0.1859 0.1859 0.1859 0.2262 0.0529 0.6088 1.3854 1.5348 1.5376 1.5376 1.5376 1.5376 1.5376 1.5376 1.5376 0.1031 0.0753 0.0634 0.0567 0.0563 0.0563 0.0563 0.0563 0.0563 0.0563 0.0769  
8761 12 1.6071 0.6901 0.0176 0.0304 16552164.9800 3549021.9026 1255131627.9506 42435.9057 768920494.7359 4027598955.5661 1661563761.5000 290220142.3443 85814206.4409 53990633.8219 34018468.6771 18546137.9263 10861788.0868 8410395.4540 391.3798 0.5773 0.0190 0.0269 0.0416 0.0470 0.0482 0.0491 0.0510 0.0538 0.0556 0.0375 0.0184 0.1356 0.2769 0.3802 0.4349 0.4701 0.5127 0.5465 0.5634 0.5688 1.1640 0.1882 0.1141 0.0854 0.0733 0.0673 0.0657 0.0651 0.0639 0.0621 0.0609 0.1008  
8761 15 0.0035 0.6902 0.0007 0.0017 6221454.0691 0.0000 1204184321.8293 2117.1191 1528846219.7126 13159874128.6937 7472302477.7479 3859286605.1354 1791767736.7042 1525786007.2463 1506244934.9048 1504518962.1037 1501471080.8494 1497782491.0640 0.0000 0.8904 0.0024 0.0017 0.0017 0.0017 0.0017 0.0018 0.0020 0.0024 0.0030 0.0000 0.0045 0.0337 0.0592 0.0853 0.1005 0.1024 0.1026 0.1027 0.1028 0.1030 1.6453 0.2679 0.2027 0.1620 0.1523 0.1376 0.1336 0.1333 0.1333 0.1333 0.1333 0.0000  
8761 29 0.5399 0.6776 0.0417 0.0863 70039330.5238 178134679.9498 175687339.3214 69104.2273 4786888.4814 478813264.5117 936920289.8840 747347625.1282 501063351.6154 335558260.6288 230356614.4864 159687540.8558 130215417.8809 119504061.2771 73.5439 4.2465 0.9587 0.1718 0.0582 0.0466 0.0830 0.2669 0.5635 0.7397 0.8097 0.0422 0.0010 0.0099 0.0325 0.0678 0.1129 0.1628 0.2161 0.2679 0.3137 0.3560 2.5550 0.1502 0.1161 0.1009 0.0810 0.0677 0.0593 0.0537 0.0494 0.0466 0.0448 0.0671  
8761 30 0.1320 0.8889 0.0182 0.0365 21011571.5646 35950.3322 166911982.2270 4129.7013 7.6305 3957.6923 1193036.4350 10803839.4932 19662879.7075 21266807.4611 21343926.6917 21344601.4873 21344601.4873 21344601.4873 0.7780 1.2015 3.3481 0.8636 0.2031 0.0629 0.0298 0.0242 0.0239 0.0239 0.0239 0.2463 0.0091 0.1156 0.3985 0.8371 1.2571 1.4233 1.4453 1.4461 1.4461 1.4461 1.4461 0.1306 0.0829 0.0684 0.0639 0.0595 0.0568 0.0563 0.0563 0.0563 0.0563 0.0661  
8761 35 0.9368 0.4468 0.2852 0.5745 12255406.9365 1718578.8106 104666126.5882 11761.6181 2920267.3780 33763845.6011 61232859.2108 65565213.4036 44743827.2558 22773945.9503 14337578.6950 12772356.2044 12465217.4151 12237011.8927 9.2960 0.5339 2.0110 1.8107 0.2615 0.1904 0.1313 0.0631 0.0424 0.0406 0.0404 0.0688 0.0142 0.1164 0.2522 0.3538 0.4235 0.4826 0.5056 0.5112 0.5153 0.5197 1.4702 0.1359 0.1122 0.0839 0.0758 0.0726 0.0699 0.0669 0.0660 0.0658 0.0658 0.0970  
8761 36 1.2301 0.5684 0.0432 0.0999 150546899.8205 1540378.0369 246945960.2651 217002.7576 39746692890.4210 40527315720.3489 7469658938.3210 7316545328.2983 7026891177.4764 6361042974.1569 5333353326.4911 4138461606.6513 3006000231.2946 2277170203.9997 1.1085 1.1609 0.1331 0.1420 0.1421 0.1421 0.1421 0.1421 0.1421 0.1422 0.1422 0.1567 0.0007 0.0051 0.0076 0.0077 0.0082 0.0095 0.0115 0.0137 0.0159 0.0173 1.4359 0.1898 0.1842 0.1300 0.1289 0.1289 0.1289 0.1289 0.1289 0.1289 0.1289 0.0960  
17545 4 3.4319 1.6486 0.0549 0.0599 16224260.2978 4492371.2113 480213013.1073 17607.3535 542858.5790 45563436.5311 49763260.7696 29601289.8924 29038165.4208 29038165.4208 29038165.4208 29038165.4208 29038165.4208 29038165.4208 1.7395 0.1543 0.0499 0.0459 0.0430 0.0428 0.0428 0.0428 0.0428 0.0428 0.0428 0.0488 0.0529 0.6088 1.3854 1.5348 1.5376 1.5376 1.5376 1.5376 1.5376 1.5376 1.5376 0.1040 0.0747 0.0624 0.0565 0.0563 0.0563 0.0563 0.0563 0.0563 0.0563 0.0762  
17545 12 1.9315 1.9355 0.0089 0.0129 17983425.5859 214974.5607 3184562016.1729 683050.1203 1745047098.4321 9149190235.7263 5356421731.9017 1186908365.9372 225955885.3215 100904230.2657 59715980.2223 29296813.6013 14189728.6371 9372842.2688 785.0952 0.1354 0.0043 0.0079 0.0135 0.0170 0.0180 0.0182 0.0186 0.0193 0.0199 0.0044 0.0184 0.1356 0.2769 0.3802 0.4349 0.4701 0.5127 0.5465 0.5634 0.5688 1.1640 0.1888 0.1092 0.0833 0.0748 0.0691 0.0659 0.0654 0.0645 0.0629 0.0615 0.1017  
17545 15 1.1176 1.0643 0.0004 0.0005 1246440.2884 147021.0523 1275075439.0969 412959.4051 1573730500.9680 13040694131.5789 10584639049.1568 5038700501.0936 1773168322.8414 1353064936.2978 1322702007.0147 1320847195.9130 1318169975.5178 1314929965.3224 0.0000 0.0151 0.0004 0.0004 0.0005 0.0005 0.0005 0.0005 0.0005 0.0005 0.0005 0.0000 0.0045 0.0337 0.0592 0.0853 0.1005 0.1024 0.1026 0.1027 0.1028 0.1030 1.6453 0.2829 0.1968 0.1616 0.1556 0.1403 0.1339 0.1333 0.1333 0.1333 0.1333 0.0000  
17545 29 0.7960 0.8820 0.0289 0.0570 16143513.3842 980843.0115 157179462.5922 104443.7629 1969271.2715 215139973.6872 667758643.4737 738198096.9187 520902354.8927 333209389.4215 216481970.6233 142882883.7677 111167855.9310 97966300.2096 78.9977 2.6587 0.4240 0.1775 0.0275 0.0078 0.0102 0.0279 0.0668 0.1127 0.1542 0.0056 0.0010 0.0099 0.0325 0.0678 0.1129 0.1628 0.2161 0.2679 0.3137 0.3560 2.5550 0.1994 0.1118 0.0948 0.0794 0.0679 0.0599 0.0545 0.0501 0.0470 0.0451 0.0670  
17545 30 1.5193 1.8849 0.0033 0.0075 4117279.4982 1855687.5895 176071870.0690 37054.3921 3199964.3356 69016886.7563 102434612.4720 37444382.8298 18460639.1342 21557046.4829 22454876.7394 22499403.0497 22499403.0497 22499403.0497 5.8954 0.0052 0.0267 0.0980 0.0744 0.0085 0.0045 0.0039 0.0038 0.0038 0.0038 0.1413 0.0091 0.1156 0.3985 0.8371 1.2571 1.4233 1.4453 1.4461 1.4461 1.4461 1.4461 0.1866 0.1307 0.1021 0.0776 0.0588 0.0564 0.0563 0.0563 0.0563 0.0563 0.0843  
17545 35 1.0152 0.8462 0.1921 0.2546 9674548.4851 1746.4063 92561913.6643 9782.2478 542021.3065 9865980.0962 40572166.9352 58387517.2585 43073783.3132 21757986.4399 13495895.9989 11965810.7467 11673057.0565 11458566.8330 4.3993 0.4415 1.3607 0.5410 0.1631 0.1577 0.1034 0.0326 0.0097 0.0077 0.0075 0.0686 0.0142 0.1164 0.2522 0.3538 0.4235 0.4826 0.5056 0.5112 0.5153 0.5197 1.4702 0.1352 0.1072 0.0809 0.0748 0.0726 0.0701 0.0670 0.0660 0.0659 0.0658 0.0907  
17545 36 0.9642 0.9380 0.0536 0.0991 148831596.3993 677457.8464 230883982.1576 768014.9198 34353529905.0188 35574975600.9720 7384772813.5226 7247019053.3486 6960076581.9526 6300461904.7337 5282393265.2035 4098687863.2420 2976828345.4005 2254821467.3416 0.8723 0.0984 0.0988 0.1281 0.1334 0.1334 0.1334 0.1334 0.1334 0.1334 0.1334 0.1397 0.0007 0.0051 0.0076 0.0077 0.0082 0.0095 0.0115 0.0137 0.0159 0.0173 1.4359 0.1946 0.1883 0.1348 0.1338 0.1338 0.1338 0.1338 0.1338 0.1338 0.1338 0.0999  
26305 4 1.8347 1.4108 0.0276 0.0414 17440488.5095 26779371.8590 708529018.9248 60426.5184 644319.9730 58546162.2911 77087884.9669 51205587.6595 50424901.6756 50424901.6756 50424901.6756 50424901.6756 50424901.6756 50424901.6756 2.1049 0.1432 0.0427 0.0418 0.0364 0.0361 0.0361 0.0361 0.0361 0.0361 0.0361 0.0360 0.0529 0.6088 1.3854 1.5348 1.5376 1.5376 1.5376 1.5376 1.5376 1.5376 1.5376 0.1052 0.0741 0.0617 0.0565 0.0563 0.0563 0.0563 0.0563 0.0563 0.0563 0.0760  
26305 12 0.9906 0.9490 0.0057 0.0068 22430250.8558 237994.2113 4210535840.7944 1319329.4832 74446479.4961 4160386257.7168 8376526379.5500 2910019414.5117 577654192.2029 245056889.9794 140567175.2917 63820193.8309 25706196.9499 13557042.4061 194.3439 0.0704 0.0039 0.0049 0.0071 0.0081 0.0086 0.0088 0.0091 0.0098 0.0107 0.0056 0.0184 0.1356 0.2769 0.3802 0.4349 0.4701 0.5127 0.5465 0.5634 0.5688 1.1640 0.1385 0.0907 0.0807 0.0743 0.0697 0.0661 0.0657 0.0652 0.0642 0.0628 0.0914  
26305 15 1.4582 1.2541 0.0006 0.0006 3558123.4177 0.0000 1498313881.1687 461528.1369 3118778198.6663 19734607762.8858 15773188821.4880 7028122075.3594 1876297597.6446 1213527031.7093 1166062573.2276 1163896530.3934 1161537142.6306 1158681778.1044 0.0000 0.0345 0.0005 0.0005 0.0006 0.0006 0.0006 0.0006 0.0006 0.0006 0.0006 0.0000 0.0045 0.0337 0.0592 0.0853 0.1005 0.1024 0.1026 0.1027 0.1028 0.1030 1.6453 0.2832 0.2003 0.1616 0.1573 0.1431 0.1343 0.1333 0.1333 0.1333 0.1333 0.0000  
26305 29 1.0739 0.8746 0.0232 0.0680 22605946.1457 874214.7614 133511039.4608 83134.1015 255084.3199 50329561.3599 462632467.6272 684839102.2930 512406669.1308 322831119.1900 200015295.5344 122234691.6872 87587541.2927 71965974.3342 79.6013 4.1650 1.0788 0.2221 0.0270 0.0093 0.0154 0.0455 0.1140 0.1934 0.2638 0.0066 0.0010 0.0099 0.0325 0.0678 0.1129 0.1628 0.2161 0.2679 0.3137 0.3560 2.5550 0.2297 0.1046 0.0871 0.0780 0.0678 0.0602 0.0547 0.0504 0.0472 0.0454 0.0670  
26305 30 1.6005 1.3596 0.0038 0.0206 37030432.1799 3471286.6127 221871088.7612 56295.4074 5198894.4064 101370442.4268 177717317.2264 93076038.3428 36763115.4885 24234448.5007 23066827.6179 23030943.0808 23030943.0808 23030943.0808 11.9990 0.0062 0.0807 0.2767 0.2297 0.0494 0.0083 0.0068 0.0067 0.0067 0.0067 0.3389 0.0091 0.1156 0.3985 0.8371 1.2571 1.4233 1.4453 1.4461 1.4461 1.4461 1.4461 0.1881 0.1289 0.0965 0.0767 0.0621 0.0568 0.0563 0.0563 0.0563 0.0563 0.0827  
26305 35 0.9170 0.8954 0.1549 0.2864 9781543.1824 2771.1911 83167096.7654 9931.2576 507981.7115 7724048.7189 30671036.0144 49231724.0888 37546789.8325 19468161.7630 12438228.4326 11130461.8816 10866957.9995 10668390.9666 3.1298 0.4250 1.5051 0.6607 0.1900 0.1820 0.1181 0.0378 0.0124 0.0102 0.0100 0.0726 0.0142 0.1164 0.2522 0.3538 0.4235 0.4826 0.5056 0.5112 0.5153 0.5197 1.4702 0.1358 0.1089 0.0806 0.0745 0.0726 0.0700 0.0669 0.0660 0.0658 0.0658 0.0922  
26305 36 0.9097 0.8965 0.0562 0.0991 138489431.2573 830694.6747 209571748.7657 740554.8492 28008474419.9844 29420272780.3699 6727319992.6690 6610890180.3788 6349115094.4908 5747354441.8372 4818579401.2384 3738695403.2276 2715232859.3468 2056552352.6092 0.6860 0.0986 0.0991 0.1312 0.1346 0.1346 0.1346 0.1346 0.1346 0.1346 0.1346 0.1405 0.0007 0.0051 0.0076 0.0077 0.0082 0.0095 0.0115 0.0137 0.0159 0.0173 1.4359 0.1946 0.1874 0.1346 0.1338 0.1338 0.1338 0.1338 0.1338 0.1338 0.1338 0.0999  
35065 4 1.1930 1.0821 0.0442 0.0434 34796572.0019 7542678.7898 831114863.3074 110863.6764 290765.7742 30721714.1172 66095303.2422 64584130.3025 64471221.4987 64471221.4987 64471221.4987 64471221.4987 64471221.4987 64471221.4987 1.0663 0.1623 0.0476 0.0444 0.0429 0.0428 0.0428 0.0428 0.0428 0.0428 0.0428 0.0467 0.0529 0.6088 1.3854 1.5348 1.5376 1.5376 1.5376 1.5376 1.5376 1.5376 1.5376 0.1046 0.0726 0.0596 0.0564 0.0563 0.0563 0.0563 0.0563 0.0563 0.0563 0.0754  
35065 12 0.9442 0.9471 0.0028 0.0029 11331021.4805 49363.6845 4454050535.4334 1306923.6647 5009900.1235 2203223755.0259 7231084668.1161 3800394513.9747 1036307403.3907 545911797.7277 314520736.2805 138429911.7850 50980598.5583 23108155.1642 224.1683 0.1516 0.0018 0.0021 0.0027 0.0030 0.0032 0.0032 0.0033 0.0035 0.0038 0.0046 0.0184 0.1356 0.2769 0.3802 0.4349 0.4701 0.5127 0.5465 0.5634 0.5688 1.1640 0.1495 0.0830 0.0782 0.0734 0.0690 0.0661 0.0658 0.0656 0.0651 0.0641 0.0690  
35065 15 1.0954 1.0364 0.0003 0.0004 4781737.8235 0.0000 1653938589.5747 672983.9298 1882882399.5429 17348816488.4022 20733101772.0876 9020227023.3042 1998799541.5951 1095508833.8405 1031084590.7576 1028593441.1307 1026508292.9888 1023984817.1539 0.0000 0.0448 0.0003 0.0003 0.0004 0.0004 0.0004 0.0004 0.0004 0.0004 0.0004 0.0000 0.0045 0.0337 0.0592 0.0853 0.1005 0.1024 0.1026 0.1027 0.1028 0.1030 1.6453 0.2797 0.1919 0.1614 0.1586 0.1464 0.1348 0.1334 0.1333 0.1333 0.1333 0.0000  
35065 29 0.9998 0.9124 0.0164 0.0275 28192270.5056 1006662.5251 106754748.7826 89278.3809 34879.6264 26539116.6924 385825928.1995 618662821.8206 486847299.1253 306764328.3934 180350702.9952 96771240.1644 60039842.8946 44365304.6270 77.0219 5.5609 0.5101 0.0535 0.0140 0.0118 0.0239 0.0736 0.1957 0.3337 0.4391 0.0085 0.0010 0.0099 0.0325 0.0678 0.1129 0.1628 0.2161 0.2679 0.3137 0.3560 2.5550 0.2638 0.0949 0.0839 0.0772 0.0676 0.0603 0.0551 0.0509 0.0477 0.0459 0.0670  
35065 30 1.0189 1.0300 0.0027 0.0264 56279500.1607 2447077.1580 305761166.5400 90102.4843 4059936.3986 66746231.8420 148315768.5222 124105969.4615 65276135.9703 32950615.5330 28143468.2165 27945635.7916 27945635.7916 27945635.7916 13.4288 0.0120 0.1339 0.3714 0.2445 0.0565 0.0140 0.0098 0.0097 0.0097 0.0097 0.3783 0.0091 0.1156 0.3985 0.8371 1.2571 1.4233 1.4453 1.4461 1.4461 1.4461 1.4461 0.1904 0.1262 0.0918 0.0728 0.0629 0.0574 0.0563 0.0563 0.0563 0.0563 0.0784  
35065 35 0.8569 0.9038 0.2656 0.3430 9578828.2131 2767.2082 68358025.2773 9107.0751 592142.3027 8937412.6825 25596513.4015 40066403.5260 30919071.9251 16837112.3137 11358893.9891 10329745.3770 10099266.2315 9916488.0746 2.9117 0.4763 1.4678 0.8125 0.2262 0.2105 0.1321 0.0410 0.0138 0.0115 0.0112 0.0780 0.0142 0.1164 0.2522 0.3538 0.4235 0.4826 0.5056 0.5112 0.5153 0.5197 1.4702 0.1357 0.1104 0.0811 0.0745 0.0725 0.0698 0.0669 0.0660 0.0658 0.0658 0.0946  
35065 36 0.8859 0.9275 0.0567 0.0991 124250985.8031 792103.0734 181995101.6433 673717.2009 25519812632.2583 26690216230.9869 5932625554.5307 5827686204.3681 5596912259.4275 5066416092.0980 4247632748.6161 3295635772.1879 2393378446.9909 1812703252.2854 0.5393 0.0986 0.0990 0.1300 0.1343 0.1343 0.1343 0.1343 0.1343 0.1343 0.1343 0.1406 0.0007 0.0051 0.0076 0.0077 0.0082 0.0095 0.0115 0.0137 0.0159 0.0173 1.4359 0.1946 0.1875 0.1346 0.1338 0.1338 0.1338 0.1338 0.1338 0.1338 0.1338 0.0999  
43825 4 1.3359 1.1493 0.0301 0.0293 21342572.6774 17349232.7984 950672629.3690 132258.9578 469328.9735 46305054.3089 86229061.7083 76908112.8783 76541467.7029 76541467.7029 76541467.7029 76541467.7029 76541467.7029 76541467.7029 1.5938 0.1268 0.0339 0.0289 0.0261 0.0260 0.0260 0.0260 0.0260 0.0260 0.0260 0.0313 0.0529 0.6088 1.3854 1.5348 1.5376 1.5376 1.5376 1.5376 1.5376 1.5376 1.5376 0.1046 0.0738 0.0599 0.0564 0.0563 0.0563 0.0563 0.0563 0.0563 0.0563 0.0763  
43825 12 0.9383 0.9485 0.0022 0.0022 10804156.3144 34938.1646 4554226773.0115 1233958.2910 2112598.7475 1206279311.9989 5770272323.3634 4050675585.1682 1464495810.2309 887599095.0017 513811182.7385 223953081.2670 80005598.2557 34127018.8074 359.4109 0.2234 0.0016 0.0020 0.0023 0.0026 0.0027 0.0027 0.0027 0.0028 0.0030 0.0036 0.0184 0.1356 0.2769 0.3802 0.4349 0.4701 0.5127 0.5465 0.5634 0.5688 1.1640 0.1770 0.0816 0.0764 0.0726 0.0682 0.0660 0.0659 0.0658 0.0654 0.0648 0.0659  
43825 15 1.1629 1.1466 0.0002 0.0003 4479259.2088 0.0000 1893665813.6569 737173.9808 2161550632.2094 21532981815.5250 26512036065.3016 11299660093.2578 2172283106.1042 998066817.2221 914521967.1644 911635324.0412 909787255.6983 907550697.2018 0.0000 0.0430 0.0003 0.0003 0.0003 0.0003 0.0003 0.0003 0.0003 0.0003 0.0003 0.0000 0.0045 0.0337 0.0592 0.0853 0.1005 0.1024 0.1026 0.1027 0.1028 0.1030 1.6453 0.2851 0.1921 0.1613 0.1593 0.1489 0.1355 0.1334 0.1333 0.1333 0.1333 0.0000  
43825 29 0.8993 0.9178 0.0160 0.0189 25882511.9806 1021249.2822 83622524.6900 89256.4368 13113.5152 21630457.6503 334683775.3570 558174423.6224 458014908.5400 288806480.3008 160274122.9221 71798018.1422 35412481.5632 22900273.7517 73.4656 6.0565 0.2761 0.0190 0.0125 0.0138 0.0291 0.0892 0.2632 0.4852 0.6168 0.0099 0.0010 0.0099 0.0325 0.0678 0.1129 0.1628 0.2161 0.2679 0.3137 0.3560 2.5550 0.2876 0.0903 0.0833 0.0767 0.0674 0.0604 0.0556 0.0519 0.0484 0.0466 0.0671  
43825 30 1.1198 0.8999 0.0226 0.0408 90065342.5099 44156.6516 397914798.6196 91804.8963 3403681.9212 39380083.2824 59759950.6168 90260194.2470 77472638.4931 46119606.8354 40121408.8052 39847183.8838 39847183.8838 39847183.8838 8.6947 0.0265 0.4888 1.0558 0.3656 0.0776 0.0283 0.0195 0.0191 0.0191 0.0191 0.6358 0.0091 0.1156 0.3985 0.8371 1.2571 1.4233 1.4453 1.4461 1.4461 1.4461 1.4461 0.1914 0.1295 0.0913 0.0693 0.0619 0.0574 0.0563 0.0563 0.0563 0.0563 0.0738  
43825 35 0.8974 0.8538 0.2972 0.3503 8981465.5638 2447.9359 55847282.3604 7803.6115 266393.1883 4433574.1282 18499244.4080 30812886.2118 24602260.0587 14328723.4575 10320952.7612 9555913.5235 9357045.4153 9189584.9868 1.8338 0.4434 1.5995 0.7439 0.2644 0.2478 0.1465 0.0437 0.0154 0.0130 0.0127 0.1049 0.0142 0.1164 0.2522 0.3538 0.4235 0.4826 0.5056 0.5112 0.5153 0.5197 1.4702 0.1367 0.1086 0.0805 0.0744 0.0723 0.0695 0.0667 0.0660 0.0658 0.0658 0.0927  
43825 36 0.8687 0.9025 0.0567 0.0989 106238861.3019 687563.6150 157308887.8528 596843.5303 21953754538.6452 22987321524.8592 5148989994.3526 5058448801.6205 4858128462.3714 4397638122.9509 3686903827.6664 2860535160.6406 2077342354.5935 1573294759.4011 0.4246 0.0984 0.0988 0.1309 0.1344 0.1344 0.1344 0.1344 0.1344 0.1344 0.1344 0.1393 0.0007 0.0051 0.0076 0.0077 0.0082 0.0095 0.0115 0.0137 0.0159 0.0173 1.4359 0.1946 0.1874 0.1346 0.1338 0.1338 0.1338 0.1338 0.1338 0.1338 0.1338 0.0999  
52609 4 0.9747 0.9873 0.0296 0.0284 23723459.1661 17191291.6019 947634941.1047 176682.5817 119444.3157 16841966.8610 67703776.4498 81518668.9416 81809785.0470 81809785.0470 81809785.0470 81809785.0470 81809785.0470 81809785.0470 0.4998 0.1331 0.0329 0.0289 0.0277 0.0276 0.0276 0.0276 0.0276 0.0276 0.0276 0.0325 0.0529 0.6088 1.3854 1.5348 1.5376 1.5376 1.5376 1.5376 1.5376 1.5376 1.5376 0.1031 0.0702 0.0580 0.0563 0.0563 0.0563 0.0563 0.0563 0.0563 0.0563 0.0751  
52609 12 0.9420 0.9501 0.0022 0.0021 10752973.4787 38295.1201 4512879624.0221 1157770.9384 2861874.3723 673141768.1017 4481108878.7358 3867302649.5191 1823130878.8379 1216569591.9426 706670997.9276 306723044.5630 108103643.3837 44800955.8725 493.6080 0.2625 0.0019 0.0020 0.0022 0.0024 0.0025 0.0025 0.0025 0.0026 0.0027 0.0029 0.0184 0.1356 0.2769 0.3802 0.4349 0.4701 0.5127 0.5465 0.5634 0.5688 1.1640 0.1902 0.0808 0.0752 0.0719 0.0675 0.0660 0.0659 0.0658 0.0656 0.0652 0.0659  
52609 15 1.0285 1.0020 0.0003 0.0004 5393811.5897 0.0000 1979672171.6054 857282.9206 985171747.7645 16961458954.8591 30982227067.8864 13131185081.4628 2304504828.5150 911677066.7673 812707372.3224 809508015.0222 807866972.6555 805880959.9313 0.0000 0.0681 0.0004 0.0004 0.0004 0.0004 0.0004 0.0004 0.0004 0.0004 0.0004 0.0000 0.0045 0.0337 0.0592 0.0853 0.1005 0.1024 0.1026 0.1027 0.1028 0.1030 1.6453 0.2857 0.1827 0.1611 0.1597 0.1510 0.1362 0.1334 0.1333 0.1333 0.1333 0.0000  
52609 29 0.8247 0.9191 0.0193 0.0207 21346620.7604 827987.9611 66084618.3927 80271.5475 18864.5189 18550109.6045 288929998.3017 501542878.9665 429831602.1806 271507950.0415 142715552.4659 51564777.0020 16966194.8585 8621023.7355 69.8790 6.1038 0.4034 0.0176 0.0138 0.0171 0.0347 0.0946 0.3044 0.6982 0.9346 0.0124 0.0010 0.0099 0.0325 0.0678 0.1129 0.1628 0.2161 0.2679 0.3137 0.3560 2.5550 0.2908 0.0934 0.0831 0.0763 0.0672 0.0605 0.0561 0.0532 0.0496 0.0474 0.0671  
52609 30 1.0815 0.9666 0.0210 0.0352 84065787.7351 45035.3813 435104796.9502 102799.1326 4000968.4939 42853359.1891 38365413.0105 41300696.5358 55369930.2569 54865270.5063 54213214.4440 54173983.6922 54173983.6922 54173983.6922 3.5676 0.0350 0.7104 1.6136 0.4746 0.0609 0.0244 0.0192 0.0190 0.0190 0.0190 1.1043 0.0091 0.1156 0.3985 0.8371 1.2571 1.4233 1.4453 1.4461 1.4461 1.4461 1.4461 0.1902 0.1339 0.0994 0.0676 0.0598 0.0569 0.0563 0.0563 0.0563 0.0563 0.0742  
52609 35 0.8487 0.8545 0.1444 0.3715 7803283.0764 44110.7248 52510560.7416 7002.8675 210532.8637 2883681.0806 12277801.9926 22849799.9649 19218013.3466 12143249.7959 9368885.0708 8825868.1870 8654760.8177 8501538.9001 1.1132 0.4494 1.6174 0.7675 0.2953 0.2751 0.1518 0.0440 0.0167 0.0145 0.0142 0.1107 0.0142 0.1164 0.2522 0.3538 0.4235 0.4826 0.5056 0.5112 0.5153 0.5197 1.4702 0.1390 0.1093 0.0800 0.0742 0.0721 0.0691 0.0666 0.0659 0.0658 0.0658 0.0929  
52609 36 0.8456 0.8886 0.0549 0.0952 88741273.2298 683570.3000 132905958.2934 518477.2838 18294625717.8389 19234590575.6125 4424403193.1576 4348173474.6353 4175975633.4127 3780132442.1329 3169176451.4248 2458819724.5977 1785577501.7482 1352291954.8017 0.3361 0.0934 0.0939 0.1257 0.1284 0.1284 0.1284 0.1284 0.1285 0.1285 0.1285 0.1338 0.0007 0.0051 0.0076 0.0077 0.0082 0.0095 0.0115 0.0137 0.0159 0.0173 1.4359 0.1946 0.1871 0.1346 0.1338 0.1338 0.1338 0.1338 0.1338 0.1338 0.1338 0.0998  
61369 4 0.9683 0.9740 0.0251 0.0241 19016932.2792 14572264.2644 924975392.6354 172212.2757 77618.1037 12151281.1579 62363056.7935 79398618.4007 79791834.7734 79791834.7734 79791834.7734 79791834.7734 79791834.7734 79791834.7734 0.3242 0.1422 0.0300 0.0239 0.0232 0.0232 0.0232 0.0232 0.0232 0.0232 0.0232 0.0334 0.0529 0.6088 1.3854 1.5348 1.5376 1.5376 1.5376 1.5376 1.5376 1.5376 1.5376 0.1031 0.0701 0.0573 0.0563 0.0563 0.0563 0.0563 0.0563 0.0563 0.0563 0.0757  
61369 12 0.9378 0.9506 0.0022 0.0021 10797829.8544 30860.0352 4390221530.4207 1090644.2172 1484213.1133 382798673.5217 3563617309.7199 3585379062.8524 2013152069.5945 1409667879.1752 820202883.5390 355383522.5457 124548225.5926 50978271.9727 572.0851 0.2560 0.0022 0.0021 0.0022 0.0024 0.0025 0.0025 0.0025 0.0026 0.0027 0.0029 0.0184 0.1356 0.2769 0.3802 0.4349 0.4701 0.5127 0.5465 0.5634 0.5688 1.1640 0.1858 0.0796 0.0743 0.0713 0.0671 0.0659 0.0659 0.0658 0.0657 0.0653 0.0659  
61369 15 0.9579 0.9618 0.0001 0.0003 4804309.1246 0.0000 1904575559.7775 881705.6134 441542453.6569 14022389089.6111 31207111623.6548 13199107297.6321 2233932710.3469 823287977.8263 723099773.1137 719942084.0439 718482607.9642 716716329.3340 0.0000 0.1034 0.0003 0.0003 0.0004 0.0004 0.0004 0.0004 0.0004 0.0004 0.0004 0.0000 0.0045 0.0337 0.0592 0.0853 0.1005 0.1024 0.1026 0.1027 0.1028 0.1030 1.6453 0.2930 0.1742 0.1610 0.1599 0.1522 0.1367 0.1334 0.1333 0.1333 0.1333 0.0000  
61369 29 0.7774 0.9242 0.0217 0.0243 15513471.6361 467733.4865 55004267.0676 66201.7356 11735.8554 16064733.3102 252229424.1185 451042771.4510 398095025.9880 251516747.3070 127905509.6935 39498256.4834 7571266.1525 1991283.6837 65.3328 6.1558 0.2908 0.0173 0.0165 0.0229 0.0410 0.0826 0.2403 0.7768 1.4327 0.0177 0.0010 0.0099 0.0325 0.0678 0.1129 0.1628 0.2161 0.2679 0.3137 0.3560 2.5550 0.3019 0.0911 0.0830 0.0759 0.0671 0.0606 0.0566 0.0548 0.0523 0.0493 0.0670  
61369 30 1.0274 1.0344 0.0221 0.0320 86144961.0660 52358.0950 434803157.1894 111173.8953 4700583.6068 54214632.9747 54556617.1712 29979834.4867 43721791.7450 56034169.5634 58105756.4218 58198171.0365 58198171.0365 58198171.0365 3.3240 0.0327 0.6222 1.4721 0.7495 0.0551 0.0211 0.0190 0.0189 0.0189 0.0189 1.5598 0.0091 0.1156 0.3985 0.8371 1.2571 1.4233 1.4453 1.4461 1.4461 1.4461 1.4461 0.1910 0.1329 0.1022 0.0711 0.0583 0.0565 0.0563 0.0563 0.0563 0.0563 0.0805  
61369 35 0.8457 0.9121 0.2004 0.5465 7002539.2703 38395.9198 43832761.7205 5943.5597 465721.5881 5492015.8803 10789045.9951 17514677.4364 14957171.4694 10323304.4565 8504574.5420 8134434.1442 7986787.7720 7846769.3590 1.3702 0.4546 1.7405 1.4098 0.3509 0.2998 0.1546 0.0442 0.0186 0.0165 0.0162 0.0861 0.0142 0.1164 0.2522 0.3538 0.4235 0.4826 0.5056 0.5112 0.5153 0.5197 1.4702 0.1378 0.1126 0.0824 0.0744 0.0719 0.0687 0.0665 0.0659 0.0658 0.0658 0.0985  
61369 36 0.8308 0.8869 0.0540 0.0940 73891562.9590 531739.5025 109602650.6354 438422.7048 15734175689.8404 16440695004.6375 3632114300.3009 3567561467.7236 3426275943.4606 3101493051.7994 2600213611.6262 2017377486.3410 1464993207.0700 1109489472.4206 0.2661 0.0931 0.0936 0.1253 0.1281 0.1281 0.1281 0.1281 0.1281 0.1281 0.1281 0.1336 0.0007 0.0051 0.0076 0.0077 0.0082 0.0095 0.0115 0.0137 0.0159 0.0173 1.4359 0.1946 0.1872 0.1346 0.1338 0.1338 0.1338 0.1338 0.1338 0.1338 0.1338 0.0998  
70129 4 0.9900 1.0055 0.0238 0.0234 18780399.6031 14204288.1884 921041380.9828 166760.5153 186142.7996 20214635.5513 66409303.3838 78472098.6352 78736967.7771 78736967.7771 78736967.7771 78736967.7771 78736967.7771 78736967.7771 0.7485 0.1156 0.0296 0.0238 0.0229 0.0229 0.0229 0.0229 0.0229 0.0229 0.0229 0.0292 0.0529 0.6088 1.3854 1.5348 1.5376 1.5376 1.5376 1.5376 1.5376 1.5376 1.5376 0.1033 0.0727 0.0579 0.0563 0.0563 0.0563 0.0563 0.0563 0.0563 0.0563 0.0762  
70129 12 0.9450 0.9519 0.0022 0.0022 10730899.8923 41102.5074 4313852457.4872 1022851.1867 2904956.9575 246294911.8962 2579486338.2825 3105718401.6616 2258870439.4553 1673343842.7431 975537830.7899 422035329.4330 147158941.6950 59552965.4882 680.7561 0.2440 0.0034 0.0021 0.0023 0.0025 0.0025 0.0025 0.0025 0.0025 0.0026 0.0026 0.0184 0.1356 0.2769 0.3802 0.4349 0.4701 0.5127 0.5465 0.5634 0.5688 1.1640 0.1913 0.0795 0.0738 0.0706 0.0668 0.0659 0.0659 0.0658 0.0657 0.0654 0.0659  
70129 15 1.0249 1.0225 0.0001 0.0004 4683780.8970 0.0000 1915691790.0154 844602.0986 683458816.4572 15789093302.3940 31634362261.6364 13310759885.5180 2176834303.0767 744480148.5626 642793509.9084 639662742.4676 638366008.7146 636796683.1542 0.0000 0.0754 0.0003 0.0003 0.0004 0.0004 0.0004 0.0004 0.0004 0.0004 0.0004 0.0000 0.0045 0.0337 0.0592 0.0853 0.1005 0.1024 0.1026 0.1027 0.1028 0.1030 1.6453 0.2914 0.1780 0.1610 0.1600 0.1528 0.1370 0.1334 0.1333 0.1333 0.1333 0.0000  
70129 29 0.4260 0.9300 0.0249 0.0299 8232739.9349 348450.2384 49316658.3981 51464.8749 25815.3114 14077064.7165 220784954.0870 405110587.1119 365934390.8586 230758495.9347 116041922.8179 34602122.5860 5546296.0574 868828.4549 60.6109 5.9880 0.6149 0.0283 0.0219 0.0268 0.0435 0.0626 0.1015 0.2915 0.8451 0.0206 0.0010 0.0099 0.0325 0.0678 0.1129 0.1628 0.2161 0.2679 0.3137 0.3560 2.5550 0.2890 0.0979 0.0830 0.0756 0.0670 0.0606 0.0567 0.0556 0.0552 0.0544 0.0670  
70129 30 0.9636 0.9472 0.0228 0.0332 80150729.9588 51746.7869 426828112.4345 114217.2776 3118116.2892 39084211.9303 41075046.9003 30696969.8501 42645020.4326 54797915.3058 57161243.4841 57275545.6201 57275545.6201 57275545.6201 2.9805 0.0377 0.6589 1.4988 0.8038 0.0606 0.0202 0.0190 0.0189 0.0189 0.0189 1.4838 0.0091 0.1156 0.3985 0.8371 1.2571 1.4233 1.4453 1.4461 1.4461 1.4461 1.4461 0.1908 0.1313 0.0996 0.0722 0.0582 0.0564 0.0563 0.0563 0.0563 0.0563 0.0804  
70129 35 0.7152 0.8576 0.1539 0.5787 5943186.3748 66056.5951 38549054.7445 5026.1973 259145.9978 2561270.5666 7786304.5503 12990957.3229 11641481.6074 8836774.9865 7728048.1063 7487142.5850 7358995.2546 7231096.3253 0.8329 0.5142 2.1205 1.4593 0.3845 0.3235 0.1530 0.0431 0.0195 0.0176 0.0174 0.1051 0.0142 0.1164 0.2522 0.3538 0.4235 0.4826 0.5056 0.5112 0.5153 0.5197 1.4702 0.1403 0.1119 0.0820 0.0744 0.0715 0.0683 0.0663 0.0659 0.0658 0.0658 0.0964  
70129 36 0.8448 0.8875 0.0539 0.0938 61474523.0199 414240.3012 91488529.1238 364253.5514 13317055025.5820 13899955952.6670 3048524540.9542 2994037306.1255 2875462659.0354 2602886845.1647 2182185340.0371 1693036941.9656 1229445421.7502 931086972.8421 0.2106 0.0933 0.0938 0.1255 0.1283 0.1283 0.1283 0.1283 0.1283 0.1283 0.1283 0.1341 0.0007 0.0051 0.0076 0.0077 0.0082 0.0095 0.0115 0.0137 0.0159 0.0173 1.4359 0.1946 0.1874 0.1346 0.1338 0.1338 0.1338 0.1338 0.1338 0.1338 0.1338 0.0998  
78889 4 0.9855 0.9898 0.0248 0.0239 18962579.2318 14652350.7335 915989804.9937 165100.7156 155521.6605 17266919.3078 64016471.9514 77876906.2570 78193442.5246 78193442.5246 78193442.5246 78193442.5246 78193442.5246 78193442.5246 0.7118 0.1056 0.0283 0.0244 0.0236 0.0236 0.0236 0.0236 0.0236 0.0236 0.0236 0.0287 0.0529 0.6088 1.3854 1.5348 1.5376 1.5376 1.5376 1.5376 1.5376 1.5376 1.5376 0.1033 0.0717 0.0577 0.0563 0.0563 0.0563 0.0563 0.0563 0.0563 0.0563 0.0754  
78889 12 0.9458 0.9532 0.0023 0.0022 10817963.1060 47695.4563 4213130434.8738 966622.6031 4620146.1495 148325258.2816 1682397721.8227 2636574126.1666 2483232441.5530 1917540309.1690 1119454494.6080 483785831.1331 168104760.9676 67494215.9912 781.4265 0.2273 0.0056 0.0021 0.0024 0.0025 0.0025 0.0025 0.0025 0.0026 0.0026 0.0025 0.0184 0.1356 0.2769 0.3802 0.4349 0.4701 0.5127 0.5465 0.5634 0.5688 1.1640 0.1924 0.0809 0.0733 0.0695 0.0664 0.0659 0.0659 0.0659 0.0658 0.0655 0.0659  
78889 15 1.0328 1.0238 0.0002 0.0002 4036579.9686 0.0000 1951912122.9200 865594.7804 916463465.9920 16529711825.1909 32832675462.1800 13759970262.8509 2172693829.6884 682017130.5682 576234069.9526 573052414.0526 571890713.3209 570484806.6364 0.0000 0.0749 0.0002 0.0002 0.0002 0.0002 0.0002 0.0002 0.0002 0.0002 0.0002 0.0000 0.0045 0.0337 0.0592 0.0853 0.1005 0.1024 0.1026 0.1027 0.1028 0.1030 1.6453 0.2914 0.1788 0.1610 0.1601 0.1536 0.1375 0.1334 0.1333 0.1333 0.1333 0.0000  
78889 29 0.7184 0.9363 0.0190 0.0276 4453616.3519 199952.9441 46028617.4316 21925.2364 557433.7977 13312228.5264 190861824.4715 362378359.8891 338551340.1978 215757139.0899 108830675.7017 32466475.9942 5195337.5885 808052.4931 56.4476 2.7571 0.5670 0.0368 0.0225 0.0206 0.0302 0.0390 0.0435 0.0560 0.1051 0.0152 0.0010 0.0099 0.0325 0.0678 0.1129 0.1628 0.2161 0.2679 0.3137 0.3560 2.5550 0.2371 0.1095 0.0830 0.0753 0.0669 0.0606 0.0568 0.0557 0.0555 0.0555 0.0670  
78889 30 1.0099 1.0443 0.0232 0.0320 79940968.6164 53218.4585 425050379.1530 110059.2769 3312090.2112 53082758.7915 55094896.2275 33789664.8176 43770808.0626 54245678.3336 56237872.1049 56333725.3126 56333725.3126 56333725.3126 3.6338 0.0353 0.5554 1.3416 0.7174 0.0565 0.0203 0.0189 0.0189 0.0189 0.0189 1.3231 0.0091 0.1156 0.3985 0.8371 1.2571 1.4233 1.4453 1.4461 1.4461 1.4461 1.4461 0.1888 0.1315 0.1015 0.0720 0.0584 0.0564 0.0563 0.0563 0.0563 0.0563 0.0791  
78889 35 1.0047 0.8899 0.1673 0.6475 5025890.5014 60779.4105 33645762.9596 3594.8855 247495.3848 2253572.8765 6442395.8363 9689324.3518 9003174.2884 7586378.5821 7020622.5578 6879272.7469 6767796.0101 6651125.5748 0.7429 0.5350 2.2946 1.6883 0.4305 0.3365 0.1463 0.0415 0.0205 0.0189 0.0187 0.1205 0.0142 0.1164 0.2522 0.3538 0.4235 0.4826 0.5056 0.5112 0.5153 0.5197 1.4702 0.1400 0.1125 0.0827 0.0746 0.0712 0.0679 0.0662 0.0659 0.0658 0.0658 0.0964  
78889 36 0.8084 0.8675 0.0538 0.0934 50895941.7541 474312.4228 74617578.4121 307722.5846 10842907133.8628 11325690353.2688 2496036474.2808 2451591189.4953 2354498344.4288 2131304247.5780 1786819932.7747 1386289036.8977 1006684958.3464 762379186.7173 0.1669 0.0927 0.0933 0.1258 0.1279 0.1279 0.1279 0.1279 0.1279 0.1279 0.1279 0.1332 0.0007 0.0051 0.0076 0.0077 0.0082 0.0095 0.0115 0.0137 0.0159 0.0173 1.4359 0.1946 0.1872 0.1346 0.1338 0.1338 0.1338 0.1338 0.1338 0.1338 0.1338 0.0998  
87673 4 1.0355 1.0123 0.0244 0.0235 18472756.3889 14538855.3711 917903078.5208 162700.3655 314720.5534 24402221.6283 68123204.7499 77918128.5126 78129876.4909 78129876.4909 78129876.4909 78129876.4909 78129876.4909 78129876.4909 1.1121 0.0981 0.0287 0.0240 0.0228 0.0228 0.0228 0.0228 0.0228 0.0228 0.0228 0.0290 0.0529 0.6088 1.3854 1.5348 1.5376 1.5376 1.5376 1.5376 1.5376 1.5376 1.5376 0.1038 0.0730 0.0582 0.0563 0.0563 0.0563 0.0563 0.0563 0.0563 0.0563 0.0755  
87673 12 0.9429 0.9535 0.0024 0.0023 10846223.2484 43837.1672 4067251531.3592 914252.6895 3870042.0182 91923735.3127 986791255.9045 2223387125.6424 2622742491.4018 2081846496.7845 1216467827.3718 525371199.8644 182163957.1344 72780766.6685 848.8281 0.2080 0.0077 0.0022 0.0025 0.0025 0.0026 0.0026 0.0026 0.0026 0.0027 0.0025 0.0184 0.1356 0.2769 0.3802 0.4349 0.4701 0.5127 0.5465 0.5634 0.5688 1.1640 0.1848 0.0831 0.0727 0.0683 0.0662 0.0659 0.0659 0.0659 0.0658 0.0656 0.0660  
87673 15 1.0514 1.0306 0.0002 0.0002 4080150.7559 0.0000 2012614760.4734 894009.7546 913943582.2441 17294678786.2866 34662894887.7434 14472950414.6285 2205345138.5523 627145694.1182 515196813.1922 511906706.7079 510868961.3257 509613067.1613 0.0000 0.0519 0.0002 0.0001 0.0002 0.0002 0.0002 0.0002 0.0002 0.0002 0.0002 0.0000 0.0045 0.0337 0.0592 0.0853 0.1005 0.1024 0.1026 0.1027 0.1028 0.1030 1.6453 0.2902 0.1789 0.1610 0.1603 0.1544 0.1381 0.1335 0.1333 0.1333 0.1333 0.0000  
87673 29 0.8772 0.9316 0.0271 0.0366 5812666.3690 262236.1939 42510936.4738 15750.0033 1446234.5927 13731351.8463 166496424.3324 321813888.0025 307173425.6922 198840917.0813 101266960.8483 30289336.9729 4847297.9362 753154.3540 51.1839 2.4721 0.7702 0.0456 0.0269 0.0294 0.0462 0.0601 0.0653 0.0734 0.1045 0.0218 0.0010 0.0099 0.0325 0.0678 0.1129 0.1628 0.2161 0.2679 0.3137 0.3560 2.5550 0.2342 0.1253 0.0831 0.0750 0.0667 0.0606 0.0567 0.0557 0.0555 0.0555 0.0671  
87673 30 0.9663 0.9490 0.0226 0.0336 79286697.0332 52132.8316 425907829.9783 111149.0481 2044161.1297 36805399.6260 41226963.2142 30082975.2387 42963979.0030 54535548.5970 56698102.0929 56801301.4558 56801301.4558 56801301.4558 3.0617 0.0441 0.6711 1.4949 0.7675 0.0618 0.0205 0.0189 0.0189 0.0189 0.0189 1.3651 0.0091 0.1156 0.3985 0.8371 1.2571 1.4233 1.4453 1.4461 1.4461 1.4461 1.4461 0.1877 0.1298 0.0998 0.0715 0.0584 0.0564 0.0563 0.0563 0.0563 0.0563 0.0789  
87673 35 0.9431 0.9151 0.1634 0.6493 3594786.8846 183076.7362 30517800.0462 3611.8231 177537.8808 2041309.9949 5340237.5707 8001131.2163 7667309.2602 6782519.9060 6423946.9555 6322581.4841 6222480.8590 6115689.5762 0.6428 0.4712 2.3112 1.8402 0.3622 0.2807 0.1145 0.0352 0.0203 0.0191 0.0190 0.0858 0.0142 0.1164 0.2522 0.3538 0.4235 0.4826 0.5056 0.5112 0.5153 0.5197 1.4702 0.1380 0.1126 0.0834 0.0747 0.0708 0.0676 0.0662 0.0659 0.0658 0.0658 0.0972  
87673 36 0.6680 0.8854 0.0194 0.0704 22237417.3304 347404.0679 63641506.9962 248758.9538 9120748847.6624 9524393145.0825 2095418424.2079 2058056510.2495 1976548492.4181 1789180325.2322 1499990800.9783 1163750994.8406 845078944.5643 639987836.3988 0.1361 0.0621 0.0627 0.0958 0.0978 0.0978 0.0978 0.0978 0.0978 0.0978 0.0978 0.1043 0.0007 0.0051 0.0076 0.0077 0.0082 0.0095 0.0115 0.0137 0.0159 0.0173 1.4359 0.1944 0.1871 0.1344 0.1337 0.1337 0.1336 0.1336 0.1336 0.1336 0.1336 0.0997  
96433 4 1.0042 0.9863 0.0249 0.0239 18898567.7296 13826887.0811 912095974.7671 168479.7876 232817.3026 17389561.0601 64109617.6635 77646946.3037 77949896.3657 77949896.3657 77949896.3657 77949896.3657 77949896.3657 77949896.3657 0.6864 0.1081 0.0326 0.0248 0.0231 0.0231 0.0231 0.0231 0.0231 0.0231 0.0231 0.0345 0.0529 0.6088 1.3854 1.5348 1.5376 1.5376 1.5376 1.5376 1.5376 1.5376 1.5376 0.1042 0.0715 0.0578 0.0563 0.0563 0.0563 0.0563 0.0563 0.0563 0.0563 0.0750  
96433 12 0.9387 0.9554 0.0025 0.0024 10790618.3243 56500.3024 3864326466.1990 862067.2941 6683808.8320 79005030.3644 651724353.3289 1965274148.0855 2593358690.5221 2082049768.1492 1217030260.0151 525479310.1188 182046466.1858 72591456.3132 850.4621 0.1847 0.0129 0.0022 0.0026 0.0026 0.0026 0.0026 0.0026 0.0027 0.0027 0.0026 0.0184 0.1356 0.2769 0.3802 0.4349 0.4701 0.5127 0.5465 0.5634 0.5688 1.1640 0.1868 0.0898 0.0721 0.0674 0.0660 0.0659 0.0659 0.0659 0.0658 0.0656 0.0660  
96433 15 1.0419 1.0320 0.0001 0.0001 4108119.0194 0.0000 2080675434.2520 939923.1882 1105928885.0448 18200482695.5358 36426012651.9184 15162101728.3788 2242227465.2336 580115111.0285 462252067.9206 458853379.3150 457923184.4051 456797449.3460 0.0000 0.0494 0.0002 0.0001 0.0001 0.0001 0.0001 0.0001 0.0001 0.0001 0.0001 0.0000 0.0045 0.0337 0.0592 0.0853 0.1005 0.1024 0.1026 0.1027 0.1028 0.1030 1.6453 0.2907 0.1791 0.1610 0.1604 0.1552 0.1388 0.1335 0.1333 0.1333 0.1333 0.0000  
96433 29 0.9073 0.9256 0.0309 0.0404 6658110.7746 315403.5363 39290756.4795 13816.5981 710570.5871 10617112.5741 143440681.6745 283188828.3732 276797724.9666 183398721.5354 94856376.1441 28493112.2331 4562290.0631 708941.5535 45.9263 2.5727 0.6472 0.0475 0.0272 0.0319 0.0556 0.0743 0.0807 0.0885 0.1177 0.0213 0.0010 0.0099 0.0325 0.0678 0.1129 0.1628 0.2161 0.2679 0.3137 0.3560 2.5550 0.2354 0.1165 0.0829 0.0748 0.0666 0.0604 0.0567 0.0557 0.0555 0.0555 0.0670  
96433 30 0.9999 0.9285 0.0191 0.0312 65361278.8658 47046.0609 419746498.9311 107403.7431 1414752.2599 24040179.5796 22606339.2598 20732020.0313 40313104.5515 54339515.1861 56814699.4487 56929822.8301 56929822.8301 56929822.8301 1.8293 0.0525 0.8543 1.8675 0.7797 0.0539 0.0202 0.0189 0.0189 0.0189 0.0189 1.5213 0.0091 0.1156 0.3985 0.8371 1.2571 1.4233 1.4453 1.4461 1.4461 1.4461 1.4461 0.1879 0.1309 0.1009 0.0694 0.0580 0.0564 0.0563 0.0563 0.0563 0.0563 0.0771  
96433 35 0.8768 0.9056 0.1752 0.7349 3611702.0844 177397.7379 26043678.7520 3406.1336 126193.1853 1719285.2995 4347041.5100 6322835.1832 6322133.8043 5998357.3369 5858753.6946 5799243.8442 5710149.4348 5612664.5832 0.5431 0.4730 2.4128 2.0754 0.4373 0.3175 0.1235 0.0378 0.0221 0.0209 0.0207 0.1049 0.0142 0.1164 0.2522 0.3538 0.4235 0.4826 0.5056 0.5112 0.5153 0.5197 1.4702 0.1365 0.1121 0.0839 0.0747 0.0706 0.0674 0.0661 0.0659 0.0658 0.0658 0.0979  
96433 36 0.3586 0.9883 0.0062 0.0190 1038717.5530 318422.8533 57891714.1069 166179.9238 9454455339.1920 9722614465.0566 1916875138.9041 1879633214.9261 1805191033.4311 1634065597.1892 1369945580.2449 1062854016.2503 771807279.5509 584495283.7142 0.1215 0.0014 0.0019 0.0064 0.0065 0.0065 0.0065 0.0065 0.0065 0.0065 0.0065 0.0140 0.0007 0.0051 0.0076 0.0077 0.0082 0.0095 0.0115 0.0137 0.0159 0.0173 1.4359 0.1940 0.1874 0.1341 0.1332 0.1332 0.1332 0.1332 0.1332 0.1332 0.1332 0.0994  
