8761 4 0.7905 0.8116 0.1530 0.1877 24457201.2446 25158978.8298 273816393.3405 27903.8882 384909.8662 31617436.1662 30176659.9460 12428350.9962 11930429.7560 11930429.7560 11930429.7560 11930429.7560 11930429.7560 11930429.7560 0.9629 0.3958 0.2352 0.2235 0.1988 0.1963 0.1963 0.1963 0.1963 0.1963 0.1963 0.2150 0.0529 0.6088 1.3854 1.5348 1.5376 1.5376 1.5376 1.5376 1.5376 1.5376 1.5376 0.1031 0.0751 0.0635 0.0567 0.0563 0.0563 0.0563 0.0563 0.0563 0.0563 0.0769  
8761 12 1.6411 0.6910 0.0186 0.0309 16470575.7175 4235653.2787 1161402294.3543 43334.4509 828076281.5615 4150125610.9584 1471101270.5442 307043708.4291 90097332.8111 54559855.8902 34285361.0885 18662950.5834 10904069.0371 8428921.6302 420.3012 0.5709 0.0189 0.0272 0.0424 0.0475 0.0487 0.0495 0.0512 0.0536 0.0553 0.0355 0.0184 0.1356 0.2769 0.3802 0.4349 0.4701 0.5127 0.5465 0.5634 0.5688 1.1640 0.1877 0.1146 0.0856 0.0731 0.0674 0.0657 0.0651 0.0639 0.0621 0.0609 0.1010  
8761 15 0.0051 0.6884 0.0011 0.0015 5901873.5126 0.0000 1192606411.2678 3054.4342 1679678017.7232 13368258048.1986 7136865319.5874 3719325431.4514 1775554547.4436 1525492713.3920 1507077909.2431 1505379904.7815 1502329688.8368 1498638273.7747 0.0000 0.9071 0.0023 0.0016 0.0016 0.0016 0.0016 0.0017 0.0018 0.0023 0.0028 0.0000 0.0045 0.0337 0.0592 0.0853 0.1005 0.1024 0.1026 0.1027 0.1028 0.1030 1.6453 0.2693 0.2031 0.1620 0.1521 0.1375 0.1336 0.1333 0.1333 0.1333 0.1333 0.0000  
8761 29 0.5563 0.6773 0.0492 0.0843 68486260.8229 182295257.4041 174021744.9976 71202.2226 4957894.4721 492720465.6165 946925434.3246 737639482.6800 490513113.0883 332250744.8905 229846528.7076 158991563.4127 129292902.6331 118550243.2718 71.3024 4.2584 0.9625 0.1713 0.0555 0.0437 0.0806 0.2666 0.5675 0.7467 0.8177 0.0394 0.0010 0.0099 0.0325 0.0678 0.1129 0.1628 0.2161 0.2679 0.3137 0.3560 2.5550 0.1498 0.1161 0.1010 0.0811 0.0677 0.0593 0.0537 0.0494 0.0466 0.0448 0.0671  
8761 30 0.1226 0.8882 0.0173 0.0378 21335316.1115 28577.8860 167854837.2353 3835.3644 14.8019 5427.4719 1121662.4305 10659110.6041 20354499.4127 21367297.3697 21173520.1009 21156964.0656 21156964.0656 21156964.0656 0.4828 0.8890 3.1475 0.8586 0.2050 0.0649 0.0310 0.0249 0.0246 0.0246 0.0246 0.2509 0.0091 0.1156 0.3985 0.8371 1.2571 1.4233 1.4453 1.4461 1.4461 1.4461 1.4461 0.1311 0.0836 0.0688 0.0637 0.0595 0.0568 0.0563 0.0563 0.0563 0.0563 0.0661  
8761 35 1.0406 0.4720 0.2772 0.5484 12269642.5524 1841152.1487 109228578.7197 13064.3473 4705409.4147 53888641.4972 63899463.6595 65031311.8726 44050387.8789 22542027.0674 14291730.7613 12759402.7963 12454842.6211 12226986.5098 11.6249 0.5123 1.6354 1.7050 0.2575 0.1904 0.1320 0.0647 0.0443 0.0426 0.0424 0.0641 0.0142 0.1164 0.2522 0.3538 0.4235 0.4826 0.5056 0.5112 0.5153 0.5197 1.4702 0.1355 0.1130 0.0843 0.0758 0.0726 0.0698 0.0669 0.0660 0.0658 0.0658 0.0983  
8761 36 1.3098 0.5683 0.0433 0.0997 149036175.4949 1999983.4357 235751677.9427 231071.0523 40167232511.7804 40832407369.2833 7338571404.0117 7185062216.4375 6900617153.3745 6246743443.5354 5237535580.2395 4064132576.5214 2952037181.3780 2236314301.1848 1.1096 1.1606 0.1329 0.1428 0.1430 0.1430 0.1430 0.1430 0.1430 0.1430 0.1430 0.1556 0.0007 0.0051 0.0076 0.0077 0.0082 0.0095 0.0115 0.0137 0.0159 0.0173 1.4359 0.1898 0.1843 0.1300 0.1289 0.1289 0.1289 0.1289 0.1289 0.1289 0.1289 0.0960  
17545 4 4.9185 1.9249 0.0500 0.0551 16549653.6332 4615204.1068 551157941.0066 17102.2144 942994.0723 71420507.5643 72165197.6697 33519665.3074 32421230.6444 32421230.6444 32421230.6444 32421230.6444 32421230.6444 32421230.6444 1.9089 0.1097 0.0404 0.0389 0.0382 0.0382 0.0382 0.0382 0.0382 0.0382 0.0382 0.0372 0.0529 0.6088 1.3854 1.5348 1.5376 1.5376 1.5376 1.5376 1.5376 1.5376 1.5376 0.1035 0.0749 0.0629 0.0566 0.0563 0.0563 0.0563 0.0563 0.0563 0.0563 0.0772  
17545 12 1.3219 1.4736 0.0101 0.0142 18262179.9989 186561.4197 2515710740.3414 684544.5855 838272824.0712 5357107064.5443 4023628268.6785 1441292355.7983 264021615.0120 99198219.1013 57973908.9212 28543928.4612 13928085.8231 9267763.0766 487.2343 0.1219 0.0048 0.0089 0.0152 0.0176 0.0188 0.0190 0.0195 0.0204 0.0212 0.0052 0.0184 0.1356 0.2769 0.3802 0.4349 0.4701 0.5127 0.5465 0.5634 0.5688 1.1640 0.1858 0.1053 0.0822 0.0740 0.0696 0.0660 0.0654 0.0645 0.0628 0.0615 0.0989  
17545 15 1.2090 1.1438 0.0003 0.0005 1345566.2698 75372.7758 1323729119.9994 415726.1562 2648936511.0568 15251030875.1158 11100120062.4054 5233470658.3154 1798244427.2817 1356310288.3500 1324401356.5788 1322505472.0846 1319824779.9025 1316580568.1385 0.0000 0.0159 0.0004 0.0004 0.0005 0.0005 0.0005 0.0005 0.0005 0.0005 0.0005 0.0000 0.0045 0.0337 0.0592 0.0853 0.1005 0.1024 0.1026 0.1027 0.1028 0.1030 1.6453 0.2879 0.2000 0.1617 0.1555 0.1403 0.1339 0.1333 0.1333 0.1333 0.1333 0.0000  
17545 29 0.6932 0.8732 0.0372 0.0629 16500358.5298 863684.1991 154123445.0052 104094.8969 2352051.4403 250040710.2539 674290998.8105 695044287.6203 491906768.4092 323867053.2494 214526046.7634 141768503.0794 109984121.6887 96712120.3689 73.7736 2.2877 0.4408 0.1987 0.0310 0.0080 0.0105 0.0286 0.0686 0.1159 0.1590 0.0057 0.0010 0.0099 0.0325 0.0678 0.1129 0.1628 0.2161 0.2679 0.3137 0.3560 2.5550 0.1885 0.1122 0.0961 0.0797 0.0678 0.0598 0.0544 0.0501 0.0470 0.0451 0.0670  
17545 30 1.9271 2.0780 0.0033 0.0074 3822979.1940 1776341.4064 182473351.0643 36833.8452 3753113.9871 83562302.7252 125304380.4794 47435741.3520 19933314.9068 21838533.2258 22704784.1243 22749803.1769 22749803.1769 22749803.1769 6.2152 0.0038 0.0194 0.0733 0.0665 0.0083 0.0042 0.0036 0.0035 0.0035 0.0035 0.1382 0.0091 0.1156 0.3985 0.8371 1.2571 1.4233 1.4453 1.4461 1.4461 1.4461 1.4461 0.1840 0.1308 0.1018 0.0787 0.0591 0.0564 0.0563 0.0563 0.0563 0.0563 0.0860  
17545 35 0.9824 0.8150 0.2154 0.2948 10733720.2773 2376.2880 90242573.0823 9963.4526 967172.7600 15715287.0969 44452354.7087 56742456.1279 40884456.9415 21058789.3091 13398312.2366 11974284.7797 11689110.2826 11474903.7959 5.6000 0.4399 1.2921 0.6602 0.1856 0.1766 0.1145 0.0357 0.0107 0.0086 0.0083 0.0707 0.0142 0.1164 0.2522 0.3538 0.4235 0.4826 0.5056 0.5112 0.5153 0.5197 1.4702 0.1338 0.1089 0.0817 0.0751 0.0726 0.0700 0.0669 0.0660 0.0659 0.0658 0.0927  
17545 36 0.9139 0.9064 0.0532 0.0989 136920659.0098 644776.3210 205619086.3397 741279.0235 34117202095.8337 34904759630.3279 6611272499.1395 6478679218.4756 6222175891.3358 5632533798.8088 4722462898.3459 3664326148.7519 2661474610.4739 2016058943.7595 0.8743 0.0983 0.0987 0.1291 0.1333 0.1333 0.1333 0.1333 0.1333 0.1333 0.1333 0.1385 0.0007 0.0051 0.0076 0.0077 0.0082 0.0095 0.0115 0.0137 0.0159 0.0173 1.4359 0.1946 0.1886 0.1348 0.1338 0.1338 0.1338 0.1338 0.1338 0.1338 0.1338 0.0999  
26305 4 1.5026 1.2569 0.0295 0.0391 16975103.1323 35799867.4573 752079040.4201 84117.6331 664148.1653 55787049.1472 76738233.4565 55313541.8925 54664734.3015 54664734.3015 54664734.3015 54664734.3015 54664734.3015 54664734.3015 1.4791 0.0978 0.0428 0.0393 0.0349 0.0346 0.0346 0.0346 0.0346 0.0346 0.0346 0.0368 0.0529 0.6088 1.3854 1.5348 1.5376 1.5376 1.5376 1.5376 1.5376 1.5376 1.5376 0.1030 0.0736 0.0612 0.0564 0.0563 0.0563 0.0563 0.0563 0.0563 0.0563 0.0767  
26305 12 1.0885 1.0378 0.0051 0.0059 15506430.6475 277617.2418 3495423728.7185 904912.9877 237435596.5141 2932832768.9306 5310773862.2253 2904630884.0944 717070601.3077 348660865.4851 200847432.8652 89753136.4471 34581848.4155 16996445.2308 324.4489 0.1246 0.0038 0.0040 0.0057 0.0063 0.0067 0.0068 0.0071 0.0076 0.0084 0.0043 0.0184 0.1356 0.2769 0.3802 0.4349 0.4701 0.5127 0.5465 0.5634 0.5688 1.1640 0.1777 0.0962 0.0789 0.0734 0.0695 0.0661 0.0657 0.0653 0.0644 0.0631 0.0904  
26305 15 1.1631 1.0930 0.0003 0.0005 3236771.5807 0.0000 1425881305.3684 502611.3362 2323736154.2920 16386937607.9939 15193367021.9253 6821065731.0998 1852865076.5512 1213717295.7856 1167923957.1265 1165799246.7761 1163435982.3587 1160575926.2568 0.0000 0.0880 0.0004 0.0004 0.0005 0.0005 0.0005 0.0005 0.0005 0.0005 0.0005 0.0000 0.0045 0.0337 0.0592 0.0853 0.1005 0.1024 0.1026 0.1027 0.1028 0.1030 1.6453 0.2869 0.1957 0.1615 0.1575 0.1434 0.1343 0.1333 0.1333 0.1333 0.1333 0.0000  
26305 29 1.0142 0.8584 0.0349 0.0854 20241049.1844 1097924.8265 132500778.4520 72161.4513 441247.2129 64340319.1311 429654215.2781 628494041.0763 491595138.3698 316405707.2449 198078238.5757 122170395.2696 88261006.5142 72959993.7225 77.1622 3.5607 1.1277 0.2881 0.0336 0.0094 0.0144 0.0414 0.1029 0.1740 0.2369 0.0066 0.0010 0.0099 0.0325 0.0678 0.1129 0.1628 0.2161 0.2679 0.3137 0.3560 2.5550 0.2069 0.1079 0.0891 0.0780 0.0676 0.0600 0.0547 0.0504 0.0472 0.0454 0.0670  
26305 30 1.1293 1.1570 0.0036 0.0199 36813431.5594 3605192.0979 242130823.5518 70983.8752 3231866.5299 76711876.8794 143079389.4389 94054484.8229 43622641.4025 26280085.3137 24249646.3587 24177666.6674 24177666.6674 24177666.6674 10.0318 0.0064 0.0891 0.2505 0.2217 0.0476 0.0082 0.0065 0.0065 0.0065 0.0065 0.3341 0.0091 0.1156 0.3985 0.8371 1.2571 1.4233 1.4453 1.4461 1.4461 1.4461 1.4461 0.1843 0.1271 0.0945 0.0747 0.0625 0.0569 0.0563 0.0563 0.0563 0.0563 0.0801  
26305 35 0.9587 0.8800 0.2050 0.2674 9961272.5747 2931.4073 80473661.4475 9788.1502 678832.3831 11235902.9892 34457573.6729 46113601.0040 34131363.4581 18416721.9102 12332124.8296 11190604.1328 10938105.3266 10738978.9333 4.1638 0.4011 1.1349 0.5471 0.2007 0.1948 0.1226 0.0382 0.0128 0.0106 0.0103 0.0803 0.0142 0.1164 0.2522 0.3538 0.4235 0.4826 0.5056 0.5112 0.5153 0.5197 1.4702 0.1343 0.1085 0.0812 0.0748 0.0725 0.0698 0.0669 0.0660 0.0658 0.0658 0.0921  
26305 36 0.8448 0.8704 0.0562 0.0991 119668452.9592 763889.0276 174941051.3632 677486.5370 27156398443.0525 28021165434.6152 5666465159.1586 5558568817.3052 5338483016.6592 4832556432.7190 4051694503.9883 3143788644.4573 2283318777.5133 1729537174.3055 0.6870 0.0986 0.0992 0.1332 0.1358 0.1358 0.1358 0.1358 0.1358 0.1358 0.1358 0.1412 0.0007 0.0051 0.0076 0.0077 0.0082 0.0095 0.0115 0.0137 0.0159 0.0173 1.4359 0.1946 0.1881 0.1347 0.1338 0.1338 0.1338 0.1338 0.1338 0.1338 0.1338 0.0999  
35065 4 1.2256 1.1096 0.0361 0.0356 30076678.7727 6996304.4214 850326290.7387 126399.1209 440004.1781 42426734.3730 76612059.0829 68780028.1348 68499448.9732 68499448.9732 68499448.9732 68499448.9732 68499448.9732 68499448.9732 1.0837 0.1045 0.0398 0.0362 0.0342 0.0341 0.0341 0.0341 0.0341 0.0341 0.0341 0.0409 0.0529 0.6088 1.3854 1.5348 1.5376 1.5376 1.5376 1.5376 1.5376 1.5376 1.5376 0.1020 0.0732 0.0600 0.0564 0.0563 0.0563 0.0563 0.0563 0.0563 0.0563 0.0763  
35065 12 0.9794 0.9531 0.0032 0.0034 12499920.8726 99136.8529 3897383455.9420 985035.9004 20930960.9509 953444253.1910 4547627061.7720 3532681650.2706 1313462192.6093 803030194.4358 465408270.7987 203332009.3393 73181291.9990 31699692.3649 353.2670 0.1357 0.0030 0.0028 0.0033 0.0036 0.0037 0.0038 0.0038 0.0040 0.0043 0.0040 0.0184 0.1356 0.2769 0.3802 0.4349 0.4701 0.5127 0.5465 0.5634 0.5688 1.1640 0.1583 0.0878 0.0761 0.0725 0.0682 0.0660 0.0658 0.0657 0.0653 0.0646 0.0730  
35065 15 1.1557 1.1040 0.0003 0.0005 3545417.2860 0.0000 1538691783.4137 584604.6570 3601551404.5170 18530153156.4487 18469603403.8459 8080570269.3165 1891018250.0667 1094746419.4302 1037893679.3443 1035591149.8298 1033491800.4753 1030951138.1368 0.0000 0.0693 0.0004 0.0004 0.0005 0.0005 0.0005 0.0005 0.0005 0.0005 0.0005 0.0000 0.0045 0.0337 0.0592 0.0853 0.1005 0.1024 0.1026 0.1027 0.1028 0.1030 1.6453 0.2901 0.1954 0.1614 0.1584 0.1456 0.1347 0.1334 0.1333 0.1333 0.1333 0.0000  
35065 29 1.1826 0.9048 0.0178 0.0374 26944447.4386 965636.8860 107120672.4393 73189.7125 77310.6795 25483674.2460 327610425.0063 564900177.9956 484951456.4799 305695657.7599 177806535.0866 97046662.2818 61600211.7241 46082208.4952 79.5355 4.9299 0.7679 0.0914 0.0162 0.0113 0.0225 0.0698 0.1847 0.3135 0.4142 0.0081 0.0010 0.0099 0.0325 0.0678 0.1129 0.1628 0.2161 0.2679 0.3137 0.3560 2.5550 0.2470 0.0987 0.0842 0.0765 0.0673 0.0603 0.0551 0.0509 0.0476 0.0459 0.0670  
35065 30 1.0796 1.0189 0.0051 0.0343 70961493.5653 1001906.7001 319750710.0355 80162.2801 3748975.9424 69521679.9241 107702497.8979 90472962.1882 55812304.2354 36137607.1280 33447567.4217 33346014.7892 33346014.7892 33346014.7892 9.4349 0.0170 0.2409 0.6537 0.3163 0.0705 0.0204 0.0150 0.0148 0.0148 0.0148 0.4858 0.0091 0.1156 0.3985 0.8371 1.2571 1.4233 1.4453 1.4461 1.4461 1.4461 1.4461 0.1842 0.1294 0.0935 0.0716 0.0624 0.0572 0.0563 0.0563 0.0563 0.0563 0.0757  
35065 35 0.7770 0.9107 0.2573 0.3249 9786782.0061 3817.7921 68916584.8931 9383.8708 1055159.4457 15106551.1501 27534182.7378 36808799.0971 27914048.5274 15966092.1012 11332731.7409 10451501.7923 10229319.3064 10044328.2669 3.9302 0.3476 1.0138 0.6972 0.2439 0.2300 0.1380 0.0414 0.0144 0.0121 0.0119 0.0817 0.0142 0.1164 0.2522 0.3538 0.4235 0.4826 0.5056 0.5112 0.5153 0.5197 1.4702 0.1341 0.1110 0.0819 0.0748 0.0724 0.0695 0.0667 0.0660 0.0658 0.0658 0.0953  
35065 36 0.8528 0.8857 0.0545 0.0964 97497838.0034 805141.5315 149544361.9238 572370.8944 22728454562.4309 23483584604.9630 4795804996.3712 4705189906.7011 4518885587.1358 4090614850.3765 3429609234.0645 2661059955.2030 1932665607.9963 1463885230.2703 0.5419 0.0951 0.0956 0.1287 0.1317 0.1317 0.1317 0.1317 0.1317 0.1317 0.1317 0.1375 0.0007 0.0051 0.0076 0.0077 0.0082 0.0095 0.0115 0.0137 0.0159 0.0173 1.4359 0.1946 0.1879 0.1347 0.1338 0.1338 0.1338 0.1338 0.1338 0.1338 0.1338 0.0999  
43825 4 0.9486 0.9891 0.0313 0.0302 21890115.9059 15922991.8617 860820642.7296 154916.8567 128238.5335 16301765.9451 62007272.9940 72887299.7941 73105354.9034 73105354.9034 73105354.9034 73105354.9034 73105354.9034 73105354.9034 0.3155 0.1215 0.0364 0.0306 0.0284 0.0283 0.0283 0.0283 0.0283 0.0283 0.0283 0.0346 0.0529 0.6088 1.3854 1.5348 1.5376 1.5376 1.5376 1.5376 1.5376 1.5376 1.5376 0.1021 0.0703 0.0581 0.0563 0.0563 0.0563 0.0563 0.0563 0.0563 0.0563 0.0758  
43825 12 0.9483 0.9527 0.0027 0.0026 11204458.6977 62143.7605 3879290433.8568 964749.9102 8467247.6680 422953332.4931 3603657845.6822 3397738338.6073 1608967597.9509 1073231027.3225 623763808.4320 271246354.6462 96181482.4317 40385632.4006 442.1764 0.2031 0.0038 0.0024 0.0027 0.0029 0.0030 0.0030 0.0030 0.0031 0.0033 0.0034 0.0184 0.1356 0.2769 0.3802 0.4349 0.4701 0.5127 0.5465 0.5634 0.5688 1.1640 0.1807 0.0831 0.0744 0.0718 0.0675 0.0660 0.0659 0.0658 0.0656 0.0651 0.0667  
43825 15 1.1484 1.0931 0.0003 0.0005 3721489.2144 0.0000 1697293204.2434 675633.5507 3637102809.3632 20886458630.4247 22498505979.7562 9659153357.2629 1987367572.4937 1000409764.8950 930111566.3681 927551937.1588 925671593.9236 923395975.8980 0.0000 0.0656 0.0005 0.0005 0.0005 0.0005 0.0005 0.0005 0.0005 0.0005 0.0005 0.0000 0.0045 0.0337 0.0592 0.0853 0.1005 0.1024 0.1026 0.1027 0.1028 0.1030 1.6453 0.2896 0.1943 0.1614 0.1590 0.1478 0.1352 0.1334 0.1333 0.1333 0.1333 0.0000  
43825 29 0.8982 0.9106 0.0186 0.0236 29437877.3636 913712.1100 81370622.2292 86551.6881 18984.8643 17190791.4552 271701667.6652 509019749.2732 464269631.8940 288062458.3316 154448939.7888 68679467.9013 34013242.2350 22110705.1382 78.1628 6.0815 0.4306 0.0298 0.0137 0.0153 0.0333 0.1037 0.3030 0.5485 0.6888 0.0109 0.0010 0.0099 0.0325 0.0678 0.1129 0.1628 0.2161 0.2679 0.3137 0.3560 2.5550 0.2857 0.0929 0.0830 0.0755 0.0670 0.0606 0.0557 0.0518 0.0483 0.0466 0.0670  
43825 30 1.1381 1.0449 0.0107 0.0355 80131680.7769 447312.0917 375829639.1283 86547.0643 5008063.6686 78062559.5879 97341479.7638 73036166.8741 52974783.4167 45125450.9674 44381862.6652 44364302.5302 44364302.5302 44364302.5302 7.6480 0.0202 0.3025 0.8385 0.3961 0.0702 0.0205 0.0161 0.0159 0.0159 0.0159 0.7067 0.0091 0.1156 0.3985 0.8371 1.2571 1.4233 1.4453 1.4461 1.4461 1.4461 1.4461 0.1842 0.1317 0.0958 0.0716 0.0612 0.0569 0.0563 0.0563 0.0563 0.0563 0.0766  
43825 35 0.8676 0.8932 0.2970 0.3390 8171884.8135 2620.2248 58924587.7827 7291.3746 970109.3445 14487877.8420 22249668.5559 28819069.3779 22310732.3290 13726623.3321 10395319.7849 9747922.6456 9553609.0631 9382044.0286 3.4542 0.3386 0.9449 0.7322 0.2565 0.2359 0.1336 0.0393 0.0149 0.0129 0.0126 0.0798 0.0142 0.1164 0.2522 0.3538 0.4235 0.4826 0.5056 0.5112 0.5153 0.5197 1.4702 0.1322 0.1111 0.0823 0.0748 0.0722 0.0692 0.0666 0.0659 0.0658 0.0658 0.0966  
43825 36 0.8561 0.9163 0.0539 0.0944 82101268.7636 498619.7520 125105201.3588 488110.5864 20552326763.1119 21088716439.1872 4087898871.5108 4007407585.5762 3848726468.0493 3483955112.8454 2920956304.6240 2266359252.2399 1645963389.7018 1246688727.8157 0.4292 0.0933 0.0937 0.1234 0.1275 0.1275 0.1275 0.1275 0.1275 0.1275 0.1275 0.1332 0.0007 0.0051 0.0076 0.0077 0.0082 0.0095 0.0115 0.0137 0.0159 0.0173 1.4359 0.1946 0.1882 0.1347 0.1338 0.1338 0.1338 0.1338 0.1338 0.1338 0.1338 0.0998  
52609 4 1.0529 1.0103 0.0269 0.0253 18554889.1004 14206793.7478 868684346.5106 146950.2343 167238.6763 20544971.9520 64382744.6810 73212505.4833 73388478.3474 73388478.3474 73388478.3474 73388478.3474 73388478.3474 73388478.3474 0.4244 0.1030 0.0284 0.0252 0.0243 0.0243 0.0243 0.0243 0.0243 0.0243 0.0243 0.0286 0.0529 0.6088 1.3854 1.5348 1.5376 1.5376 1.5376 1.5376 1.5376 1.5376 1.5376 0.1021 0.0723 0.0581 0.0563 0.0563 0.0563 0.0563 0.0563 0.0563 0.0563 0.0767  
52609 12 0.9435 0.9540 0.0026 0.0025 10875296.0861 67863.2755 3763781284.4278 914884.6733 8241514.0724 253285317.1443 2876608432.3941 3091160791.7729 1763300754.3349 1238714898.4538 721188825.5599 312965715.4946 110236772.0874 45624353.6023 507.9890 0.2238 0.0060 0.0024 0.0026 0.0028 0.0029 0.0029 0.0029 0.0030 0.0031 0.0031 0.0184 0.1356 0.2769 0.3802 0.4349 0.4701 0.5127 0.5465 0.5634 0.5688 1.1640 0.1860 0.0825 0.0736 0.0713 0.0671 0.0659 0.0659 0.0658 0.0656 0.0652 0.0662  
52609 15 1.0048 0.9753 0.0004 0.0004 5075548.5643 0.0000 1760290565.4747 775872.8777 1645804994.9529 16692453505.1376 25491619307.0002 10890896003.8219 2072619361.5276 938168131.5569 857464933.1988 854697587.8752 852964933.1842 850868049.9281 0.0000 0.0743 0.0004 0.0004 0.0004 0.0004 0.0004 0.0004 0.0004 0.0004 0.0004 0.0000 0.0045 0.0337 0.0592 0.0853 0.1005 0.1024 0.1026 0.1027 0.1028 0.1030 1.6453 0.2899 0.1858 0.1612 0.1595 0.1496 0.1357 0.1334 0.1333 0.1333 0.1333 0.0000  
52609 29 0.7705 0.9176 0.0235 0.0223 21329851.1888 840055.6294 64120372.5147 77740.1868 18259.2917 14376899.8756 230818702.7667 457189204.1659 436482369.1655 270009876.3199 136489562.2789 48664299.0990 15931182.9161 8085812.9634 74.5445 5.9988 0.4641 0.0205 0.0158 0.0178 0.0350 0.0969 0.3135 0.7190 0.9629 0.0129 0.0010 0.0099 0.0325 0.0678 0.1129 0.1628 0.2161 0.2679 0.3137 0.3560 2.5550 0.2781 0.0941 0.0827 0.0749 0.0669 0.0608 0.0563 0.0533 0.0496 0.0474 0.0670  
52609 30 1.1013 1.1206 0.0106 0.0331 86516737.6912 570741.2130 409265035.6316 98497.9506 6397536.6300 101966675.1991 133199922.7851 77011476.2856 52209154.8135 49840928.6664 50421558.8399 50472350.3673 50472350.3673 50472350.3673 9.0841 0.0195 0.2838 0.7834 0.4400 0.0643 0.0185 0.0158 0.0157 0.0157 0.0157 0.7330 0.0091 0.1156 0.3985 0.8371 1.2571 1.4233 1.4453 1.4461 1.4461 1.4461 1.4461 0.1844 0.1314 0.0978 0.0732 0.0606 0.0567 0.0563 0.0563 0.0563 0.0563 0.0782  
52609 35 0.9592 0.8982 0.1457 0.3612 7291000.5930 46831.4255 55481568.9461 6325.9491 997858.3412 15342149.6503 17740575.9699 21971220.8781 17502536.2333 11748754.6156 9512670.1895 9062575.2659 8893248.3217 8734699.8986 3.1880 0.3488 0.8123 0.7655 0.2852 0.2606 0.1371 0.0393 0.0161 0.0142 0.0140 0.0774 0.0142 0.1164 0.2522 0.3538 0.4235 0.4826 0.5056 0.5112 0.5153 0.5197 1.4702 0.1311 0.1115 0.0829 0.0748 0.0720 0.0688 0.0665 0.0659 0.0658 0.0658 0.0983  
52609 36 0.8221 0.8619 0.0539 0.0937 68966433.2379 640637.0990 105240330.3163 417867.8462 16275101908.6798 16800672861.3050 3408381167.1817 3343643138.3492 3211241763.8653 2906881487.3477 2437122909.8936 1890935998.5932 1373286096.6253 1040136728.5756 0.3399 0.0930 0.0935 0.1269 0.1289 0.1289 0.1289 0.1289 0.1289 0.1289 0.1289 0.1336 0.0007 0.0051 0.0076 0.0077 0.0082 0.0095 0.0115 0.0137 0.0159 0.0173 1.4359 0.1946 0.1879 0.1347 0.1338 0.1338 0.1338 0.1338 0.1338 0.1338 0.1338 0.0998  
61369 4 0.9967 1.0051 0.0268 0.0258 19677149.1638 14556457.4714 875817165.9975 154730.1115 183158.4912 19461879.7336 64686770.1191 73945606.7205 74125376.3381 74125376.3381 74125376.3381 74125376.3381 74125376.3381 74125376.3381 0.3571 0.1167 0.0326 0.0265 0.0252 0.0251 0.0251 0.0251 0.0251 0.0251 0.0251 0.0337 0.0529 0.6088 1.3854 1.5348 1.5376 1.5376 1.5376 1.5376 1.5376 1.5376 1.5376 0.1036 0.0717 0.0581 0.0563 0.0563 0.0563 0.0563 0.0563 0.0563 0.0563 0.0769  
61369 12 0.9433 0.9551 0.0027 0.0026 10829814.7417 67666.4459 3604520568.3182 863222.6389 7688533.2310 201669215.0588 2354255182.9192 2771787271.3398 1825701688.2932 1325608245.2576 772630214.6309 334917707.6122 117544001.4621 48264327.6753 544.0905 0.2164 0.0075 0.0025 0.0027 0.0029 0.0030 0.0030 0.0030 0.0030 0.0032 0.0031 0.0184 0.1356 0.2769 0.3802 0.4349 0.4701 0.5127 0.5465 0.5634 0.5688 1.1640 0.1844 0.0839 0.0733 0.0708 0.0668 0.0659 0.0659 0.0658 0.0657 0.0653 0.0662  
61369 15 1.0632 1.0504 0.0002 0.0003 4558858.2769 0.0000 1865504771.0725 779563.8241 2322421299.8966 16987255857.1245 28118422327.1472 11941791692.7062 2149546023.3547 889795908.8292 800251297.7980 797303775.8176 795687469.3197 793731392.2958 0.0000 0.1056 0.0003 0.0003 0.0004 0.0004 0.0004 0.0004 0.0004 0.0004 0.0004 0.0000 0.0045 0.0337 0.0592 0.0853 0.1005 0.1024 0.1026 0.1027 0.1028 0.1030 1.6453 0.3081 0.1849 0.1611 0.1597 0.1507 0.1361 0.1334 0.1333 0.1333 0.1333 0.0000  
61369 29 0.7698 0.9222 0.0249 0.0289 14615500.1169 545215.8717 54052498.9398 59896.3692 15160.8833 12068542.7828 196078649.4320 406827068.4540 403449756.4654 251785302.3547 124017543.9613 37865118.8029 7194097.1700 1862384.1407 69.3597 6.0174 0.4643 0.0306 0.0232 0.0236 0.0393 0.0803 0.2367 0.7719 1.4368 0.0177 0.0010 0.0099 0.0325 0.0678 0.1129 0.1628 0.2161 0.2679 0.3137 0.3560 2.5550 0.2828 0.0939 0.0825 0.0744 0.0667 0.0608 0.0567 0.0548 0.0523 0.0494 0.0671  
61369 30 1.1133 1.0084 0.0210 0.0370 98464858.1657 237085.3906 443321766.8379 108472.7791 4874908.6593 83573366.5142 122938051.6861 89742187.5668 60059837.0997 53504367.4511 53780842.2243 53831933.4596 53831933.4596 53831933.4596 10.8047 0.0232 0.3256 0.8202 0.4548 0.0729 0.0209 0.0182 0.0181 0.0181 0.0181 0.7179 0.0091 0.1156 0.3985 0.8371 1.2571 1.4233 1.4453 1.4461 1.4461 1.4461 1.4461 0.1830 0.1296 0.0954 0.0733 0.0609 0.0567 0.0563 0.0563 0.0563 0.0563 0.0782  
61369 35 0.6807 1.0013 0.1210 0.4076 6325698.0395 91317.0684 46757131.1825 6067.7371 1989324.3245 27307445.9412 18010940.4622 17333788.4222 13592050.1040 10053815.4568 8689077.0164 8396820.2787 8249359.5167 8103377.7024 4.5817 0.3373 0.6814 0.9330 0.3072 0.2676 0.1303 0.0372 0.0169 0.0153 0.0151 0.0637 0.0142 0.1164 0.2522 0.3538 0.4235 0.4826 0.5056 0.5112 0.5153 0.5197 1.4702 0.1320 0.1128 0.0853 0.0753 0.0717 0.0684 0.0664 0.0659 0.0658 0.0658 0.1014  
61369 36 0.8280 0.9040 0.0542 0.0937 57545766.7806 529464.1633 88409000.0625 343545.9871 14502938046.8800 14848366942.1676 2828477086.9065 2772004076.4752 2662236077.6205 2409904720.6480 2020449103.6561 1567630207.4414 1138470056.5553 862270964.2858 0.2687 0.0932 0.0937 0.1252 0.1289 0.1289 0.1289 0.1289 0.1289 0.1289 0.1289 0.1349 0.0007 0.0051 0.0076 0.0077 0.0082 0.0095 0.0115 0.0137 0.0159 0.0173 1.4359 0.1946 0.1883 0.1347 0.1338 0.1338 0.1338 0.1338 0.1338 0.1338 0.1338 0.0998  
70129 4 0.9990 1.0047 0.0259 0.0252 18994957.0795 15087819.9819 877738680.3364 154222.9484 187531.9312 19252483.6108 65424138.5311 74457114.8442 74620065.7640 74620065.7640 74620065.7640 74620065.7640 74620065.7640 74620065.7640 0.3850 0.1194 0.0300 0.0257 0.0246 0.0246 0.0246 0.0246 0.0246 0.0246 0.0246 0.0294 0.0529 0.6088 1.3854 1.5348 1.5376 1.5376 1.5376 1.5376 1.5376 1.5376 1.5376 0.1046 0.0716 0.0581 0.0563 0.0563 0.0563 0.0563 0.0563 0.0563 0.0563 0.0773  
70129 12 0.9430 0.9563 0.0028 0.0027 10816302.0331 71521.6700 3426782128.5230 814309.3991 8936791.5445 185804237.0046 1994786930.4501 2506890565.6205 1819438072.2591 1346837701.8428 785502961.1832 340290899.3670 119192849.3655 48726307.1070 553.8931 0.2167 0.0078 0.0025 0.0028 0.0030 0.0031 0.0031 0.0031 0.0032 0.0033 0.0031 0.0184 0.1356 0.2769 0.3802 0.4349 0.4701 0.5127 0.5465 0.5634 0.5688 1.1640 0.1843 0.0862 0.0732 0.0704 0.0667 0.0659 0.0659 0.0658 0.0657 0.0654 0.0663  
70129 15 1.0959 1.0616 0.0001 0.0003 4787367.8039 0.0000 2023285917.5394 828807.7748 2025547062.6243 18378831575.2701 31525175490.6202 13315387931.5067 2284885879.2731 865836913.4438 765033940.8635 761826361.9794 760281975.4527 758412936.9970 0.0000 0.0821 0.0003 0.0003 0.0003 0.0003 0.0004 0.0004 0.0004 0.0004 0.0004 0.0000 0.0045 0.0337 0.0592 0.0853 0.1005 0.1024 0.1026 0.1027 0.1028 0.1030 1.6453 0.3034 0.1846 0.1611 0.1598 0.1517 0.1365 0.1334 0.1333 0.1333 0.1333 0.0000  
70129 29 0.4537 0.9291 0.0242 0.0316 8000885.6997 399808.0500 49331354.6357 46109.9001 18209.8766 10257844.3505 167999853.3872 360373098.1895 367957426.6703 233935221.1556 116018084.1724 34435583.9013 5514868.7131 862862.1562 63.2445 5.6700 0.4529 0.0312 0.0251 0.0274 0.0431 0.0619 0.0983 0.2741 0.7931 0.0207 0.0010 0.0099 0.0325 0.0678 0.1129 0.1628 0.2161 0.2679 0.3137 0.3560 2.5550 0.2867 0.0937 0.0823 0.0741 0.0666 0.0608 0.0568 0.0556 0.0553 0.0545 0.0671  
70129 30 1.0384 0.9754 0.0268 0.0372 102570121.1402 53302.1533 477291190.6213 120768.0054 4284459.0772 69233408.9656 93439176.2490 85695930.1271 66463978.8637 57849569.9099 57716506.4649 57753552.9280 57753552.9280 57753552.9280 9.9752 0.0257 0.4358 1.0116 0.4378 0.0706 0.0220 0.0189 0.0188 0.0188 0.0188 0.6819 0.0091 0.1156 0.3985 0.8371 1.2571 1.4233 1.4453 1.4461 1.4461 1.4461 1.4461 0.1830 0.1298 0.0954 0.0714 0.0610 0.0567 0.0563 0.0563 0.0563 0.0563 0.0747  
70129 35 0.9387 0.8504 0.1943 0.4617 6067367.5242 27921.5901 41188068.7920 4130.2499 1441065.8960 19339771.7586 13786613.6526 12493232.0547 10205239.6606 8545393.1876 7906381.5294 7746125.6950 7618399.4770 7484587.9480 3.3784 0.3356 0.7517 0.9959 0.3925 0.3245 0.1428 0.0407 0.0201 0.0185 0.0183 0.0960 0.0142 0.1164 0.2522 0.3538 0.4235 0.4826 0.5056 0.5112 0.5153 0.5197 1.4702 0.1310 0.1122 0.0851 0.0755 0.0713 0.0680 0.0663 0.0659 0.0658 0.0658 0.1005  
70129 36 0.8530 0.9017 0.0539 0.0935 47886440.6209 277501.6477 75535135.9643 284439.2877 12748307750.5954 12983090185.9463 2369323340.7428 2320363626.6585 2228477777.8530 2017253366.7221 1691243415.6316 1312192607.8772 952946332.5256 721742445.2816 0.2124 0.0929 0.0934 0.1245 0.1283 0.1283 0.1283 0.1283 0.1283 0.1283 0.1283 0.1353 0.0007 0.0051 0.0076 0.0077 0.0082 0.0095 0.0115 0.0137 0.0159 0.0173 1.4359 0.1946 0.1886 0.1348 0.1338 0.1338 0.1338 0.1338 0.1338 0.1338 0.1338 0.0998  
78889 4 1.0289 0.9895 0.0268 0.0250 18761378.2832 14029235.7311 871908515.4432 154071.0824 164734.4831 14663458.9122 61625753.1731 74272232.1176 74537795.8272 74537795.8272 74537795.8272 74537795.8272 74537795.8272 74537795.8272 0.2517 0.1233 0.0315 0.0258 0.0243 0.0243 0.0243 0.0243 0.0243 0.0243 0.0243 0.0362 0.0529 0.6088 1.3854 1.5348 1.5376 1.5376 1.5376 1.5376 1.5376 1.5376 1.5376 0.1055 0.0709 0.0577 0.0563 0.0563 0.0563 0.0563 0.0563 0.0563 0.0563 0.0775  
78889 12 0.9532 0.9659 0.0030 0.0028 10827700.9757 94969.3409 3274616299.7288 767927.0898 22497090.2778 256274801.9315 1704957013.0454 2267559748.0905 1802820049.8524 1356487350.6621 791548042.6395 342737273.7034 119852086.2592 48816067.0906 567.0824 0.2044 0.0086 0.0026 0.0030 0.0032 0.0032 0.0032 0.0032 0.0033 0.0034 0.0032 0.0184 0.1356 0.2769 0.3802 0.4349 0.4701 0.5127 0.5465 0.5634 0.5688 1.1640 0.1866 0.0946 0.0733 0.0700 0.0665 0.0659 0.0659 0.0658 0.0657 0.0654 0.0667  
78889 15 0.9815 0.9752 0.0001 0.0002 4281301.3274 0.0000 1994243994.4675 908331.0049 860243588.4332 15462541407.3749 32734888853.4293 13820079716.2507 2313224322.0165 832893590.7037 727770827.4148 724482792.3782 723014109.2243 721236688.0631 0.0000 0.1670 0.0002 0.0002 0.0002 0.0002 0.0002 0.0002 0.0002 0.0002 0.0002 0.0000 0.0045 0.0337 0.0592 0.0853 0.1005 0.1024 0.1026 0.1027 0.1028 0.1030 1.6453 0.3067 0.1761 0.1610 0.1600 0.1525 0.1369 0.1334 0.1333 0.1333 0.1333 0.0000  
78889 29 0.7009 0.9376 0.0204 0.0280 4692645.0264 210052.7568 46350709.5143 20920.4730 911969.8394 10844612.8702 145507900.6140 320333410.8964 336119629.4391 219418984.3244 110880459.2487 33079719.5620 5293070.1005 822981.9814 57.4880 2.4692 0.7099 0.0369 0.0223 0.0211 0.0311 0.0402 0.0444 0.0543 0.0930 0.0158 0.0010 0.0099 0.0325 0.0678 0.1129 0.1628 0.2161 0.2679 0.3137 0.3560 2.5550 0.2314 0.1195 0.0825 0.0738 0.0664 0.0606 0.0568 0.0557 0.0555 0.0555 0.0670  
78889 30 1.0737 1.0599 0.0284 0.0346 98369056.7429 51776.5060 500341152.5565 125401.6589 5858880.7242 84491576.0468 110261188.2232 83801818.3511 65149776.3045 61509219.4607 62318038.4027 62398408.4386 62398408.4386 62398408.4386 10.5378 0.0244 0.3921 0.9435 0.4237 0.0629 0.0215 0.0188 0.0188 0.0188 0.0188 0.6682 0.0091 0.1156 0.3985 0.8371 1.2571 1.4233 1.4453 1.4461 1.4461 1.4461 1.4461 0.1861 0.1311 0.0974 0.0715 0.0606 0.0567 0.0563 0.0563 0.0563 0.0563 0.0748  
78889 35 0.8380 0.9120 0.1414 0.4553 4130059.3314 152471.9785 36569490.3213 3876.8924 1315301.2047 16809320.9421 12053076.1686 10148768.8252 8413415.2893 7572058.2819 7251160.7754 7150725.1906 7036533.6559 6913504.4200 2.9657 0.3474 0.8420 1.1361 0.3230 0.2566 0.1046 0.0315 0.0177 0.0166 0.0165 0.0704 0.0142 0.1164 0.2522 0.3538 0.4235 0.4826 0.5056 0.5112 0.5153 0.5197 1.4702 0.1323 0.1127 0.0859 0.0758 0.0709 0.0676 0.0662 0.0659 0.0658 0.0658 0.1011  
78889 36 0.6619 0.9561 0.0194 0.0702 21506071.7918 312561.9306 66470405.7647 242619.1036 12461632906.2211 12547836425.9888 2072646009.0453 2026204900.5948 1945965406.7540 1761513284.2651 1476824468.7245 1145817623.3008 832105123.7566 630205885.4542 0.1730 0.0620 0.0625 0.0912 0.0967 0.0967 0.0967 0.0967 0.0967 0.0967 0.0967 0.1056 0.0007 0.0051 0.0076 0.0077 0.0082 0.0095 0.0115 0.0137 0.0159 0.0173 1.4359 0.1944 0.1891 0.1348 0.1337 0.1337 0.1336 0.1336 0.1336 0.1336 0.1336 0.0997  
87673 4 0.9748 1.0032 0.0259 0.0253 19072294.8113 14255082.3433 884262285.1657 158520.9908 243782.6530 17793170.7218 63524784.0279 73993758.6124 74195356.4031 74195356.4031 74195356.4031 74195356.4031 74195356.4031 74195356.4031 0.3429 0.1253 0.0314 0.0261 0.0245 0.0245 0.0245 0.0245 0.0245 0.0245 0.0245 0.0323 0.0529 0.6088 1.3854 1.5348 1.5376 1.5376 1.5376 1.5376 1.5376 1.5376 1.5376 0.1053 0.0722 0.0579 0.0563 0.0563 0.0563 0.0563 0.0563 0.0563 0.0563 0.0779  
87673 12 0.9562 0.9669 0.0031 0.0029 10952689.1623 99995.0361 3129908118.1081 732011.5471 21435075.5856 299161487.9123 1522136003.9452 2084317439.1780 1758114004.5398 1335844318.7546 779737847.1791 337512720.8036 117898065.2507 47904468.7014 563.9808 0.1966 0.0076 0.0027 0.0032 0.0034 0.0034 0.0034 0.0034 0.0035 0.0036 0.0033 0.0184 0.1356 0.2769 0.3802 0.4349 0.4701 0.5127 0.5465 0.5634 0.5688 1.1640 0.1833 0.0957 0.0735 0.0697 0.0664 0.0659 0.0659 0.0658 0.0657 0.0654 0.0670  
87673 15 0.9638 0.9774 0.0002 0.0002 3846055.6235 0.0000 1911951620.5077 891504.8783 1341394575.1372 14833361850.3811 31558442989.5714 13308860400.7286 2203994291.5150 775378568.7351 673941737.7359 670792029.4796 669432189.0730 667786490.9467 0.0000 0.1365 0.0002 0.0002 0.0002 0.0002 0.0002 0.0002 0.0002 0.0002 0.0002 0.0000 0.0045 0.0337 0.0592 0.0853 0.1005 0.1024 0.1026 0.1027 0.1028 0.1030 1.6453 0.3142 0.1750 0.1610 0.1600 0.1528 0.1370 0.1334 0.1333 0.1333 0.1333 0.0000  
87673 29 0.9292 0.9295 0.0260 0.0352 5866135.4161 276074.4664 42690908.6380 14664.0682 456195.4549 8533430.2353 124690494.5212 283863051.1081 305660558.8900 202662120.6661 103376954.9713 30921826.8149 4949895.8173 769979.5840 52.2641 2.5846 0.6235 0.0416 0.0265 0.0291 0.0450 0.0582 0.0633 0.0719 0.1051 0.0217 0.0010 0.0099 0.0325 0.0678 0.1129 0.1628 0.2161 0.2679 0.3137 0.3560 2.5550 0.2282 0.1127 0.0823 0.0735 0.0662 0.0605 0.0567 0.0557 0.0555 0.0555 0.0671  
87673 30 1.0228 0.9550 0.0265 0.0349 97986633.5585 56919.3066 516199955.6066 134647.2459 3983732.6085 58540488.1737 82594707.8891 84337728.5653 67804304.9998 63475050.8015 64385430.3096 64477436.7087 64477436.7087 64477436.7087 10.1195 0.0267 0.4628 1.0570 0.4272 0.0646 0.0213 0.0188 0.0188 0.0188 0.0188 0.7096 0.0091 0.1156 0.3985 0.8371 1.2571 1.4233 1.4453 1.4461 1.4461 1.4461 1.4461 0.1842 0.1300 0.0950 0.0711 0.0607 0.0567 0.0563 0.0563 0.0563 0.0563 0.0746  
87673 35 0.7758 0.9194 0.1489 0.4929 3876717.8964 155247.5021 32859839.0114 3248.7385 1295499.1240 15761864.9008 9602348.9306 8277717.5841 7231966.5502 6817925.0472 6657200.5761 6588480.8765 6485180.1942 6372129.1592 2.5739 0.3387 0.8118 1.2244 0.3699 0.2768 0.1066 0.0332 0.0198 0.0188 0.0187 0.0829 0.0142 0.1164 0.2522 0.3538 0.4235 0.4826 0.5056 0.5112 0.5153 0.5197 1.4702 0.1324 0.1130 0.0864 0.0759 0.0706 0.0674 0.0661 0.0659 0.0658 0.0658 0.1017  
87673 36 0.3719 0.9683 0.0062 0.0189 1090587.6228 298475.8990 64376240.4719 160587.9121 11747817512.5044 11870622201.3706 2024477749.0979 1980285296.4971 1901861624.4706 1721583658.2324 1443337357.9422 1119821205.9894 813208028.3584 615877775.0481 0.1545 0.0014 0.0018 0.0061 0.0062 0.0062 0.0062 0.0062 0.0062 0.0062 0.0062 0.0137 0.0007 0.0051 0.0076 0.0077 0.0082 0.0095 0.0115 0.0137 0.0159 0.0173 1.4359 0.1940 0.1885 0.1343 0.1332 0.1332 0.1332 0.1332 0.1332 0.1332 0.1332 0.0994  
96433 4 1.0839 1.0394 0.0235 0.0234 17910768.2009 14671279.5617 904818681.0792 154522.6809 486817.5949 26995451.8451 70797660.4341 76578926.3682 76654248.4646 76654248.4646 76654248.4646 76654248.4646 76654248.4646 76654248.4646 0.6003 0.1099 0.0283 0.0238 0.0225 0.0225 0.0225 0.0225 0.0225 0.0225 0.0225 0.0285 0.0529 0.6088 1.3854 1.5348 1.5376 1.5376 1.5376 1.5376 1.5376 1.5376 1.5376 0.1058 0.0736 0.0585 0.0563 0.0563 0.0563 0.0563 0.0563 0.0563 0.0563 0.0784  
96433 12 0.9600 0.9693 0.0032 0.0031 10974802.6546 97025.9132 3005638682.6665 699927.0684 21385513.6863 326074072.9993 1355675071.8861 1926738458.2389 1722905513.5899 1320879171.2926 771204611.0508 333706401.0270 116439210.1829 47193844.7585 561.5347 0.1984 0.0068 0.0028 0.0033 0.0035 0.0036 0.0036 0.0036 0.0036 0.0038 0.0034 0.0184 0.1356 0.2769 0.3802 0.4349 0.4701 0.5127 0.5465 0.5634 0.5688 1.1640 0.1838 0.0961 0.0738 0.0695 0.0664 0.0659 0.0659 0.0658 0.0657 0.0655 0.0672  
96433 15 0.9902 0.9947 0.0001 0.0001 3703159.0902 0.0000 1879296651.4017 859225.2595 1800329010.1328 14597122071.0478 31289189002.3694 13170214250.2367 2141702149.6921 722909200.8598 622192203.4614 619103065.7682 617848010.0525 616329123.8437 0.0000 0.1370 0.0002 0.0001 0.0001 0.0001 0.0001 0.0001 0.0001 0.0001 0.0001 0.0000 0.0045 0.0337 0.0592 0.0853 0.1005 0.1024 0.1026 0.1027 0.1028 0.1030 1.6453 0.3125 0.1764 0.1610 0.1601 0.1531 0.1372 0.1334 0.1333 0.1333 0.1333 0.0000  
96433 29 0.8167 0.9249 0.0348 0.0467 7004478.4718 221426.7332 38566781.8775 13625.3363 1257590.3939 8925584.2715 105304265.8855 250354691.8308 276887795.9317 183899176.1926 93586744.4726 27972222.6599 4477382.5419 696519.6245 47.6713 2.4891 0.9261 0.0614 0.0354 0.0343 0.0577 0.0776 0.0848 0.0947 0.1322 0.0220 0.0010 0.0099 0.0325 0.0678 0.1129 0.1628 0.2161 0.2679 0.3137 0.3560 2.5550 0.2313 0.1316 0.0823 0.0732 0.0661 0.0605 0.0567 0.0557 0.0555 0.0555 0.0671  
96433 30 1.0315 0.9678 0.0232 0.0327 87971619.9486 48272.3008 532892281.0549 137720.4773 3765082.1386 53422806.8873 59685459.0964 70055047.8856 67324734.9080 66290647.8783 67367205.5342 67458894.0456 67458894.0456 67458894.0456 8.4179 0.0288 0.5263 1.2307 0.3897 0.0576 0.0212 0.0188 0.0187 0.0187 0.0187 0.6465 0.0091 0.1156 0.3985 0.8371 1.2571 1.4233 1.4453 1.4461 1.4461 1.4461 1.4461 0.1817 0.1324 0.0962 0.0695 0.0604 0.0567 0.0563 0.0563 0.0563 0.0563 0.0720  
96433 35 0.8849 0.9186 0.1800 0.5222 3248571.0888 178783.3951 29877710.8073 2520.4414 1178973.8564 13983757.0417 7758055.8946 6984848.7983 6383546.6029 6195032.8263 6118006.1933 6067277.5742 5973232.4609 5869372.1394 2.1831 0.4048 0.8592 1.3544 0.3704 0.2681 0.1009 0.0318 0.0195 0.0185 0.0184 0.0743 0.0142 0.1164 0.2522 0.3538 0.4235 0.4826 0.5056 0.5112 0.5153 0.5197 1.4702 0.1320 0.1134 0.0869 0.0757 0.0705 0.0673 0.0661 0.0659 0.0658 0.0658 0.1027  
96433 36 1.0529 0.9755 0.0025 0.0060 1107711.3129 336392.5139 61325705.1068 59717.4160 11435737608.3632 11528489561.4865 1925193366.5230 1882439729.9754 1807889382.3621 1636515297.1589 1372011508.0344 1064473733.2501 773004099.3192 585419935.0272 0.1382 0.0012 0.0016 0.0057 0.0061 0.0061 0.0061 0.0061 0.0061 0.0061 0.0061 0.0125 0.0007 0.0051 0.0076 0.0077 0.0082 0.0095 0.0115 0.0137 0.0159 0.0173 1.4359 0.1940 0.1885 0.1343 0.1332 0.1332 0.1332 0.1332 0.1332 0.1332 0.1332 0.0994  
