8761 4 0.7784 0.8133 0.1498 0.1836 24337192.5786 23416583.7866 242773361.9029 27478.7670 396950.1205 31452011.8119 29460904.3615 12588759.4692 12121717.3158 12121717.3158 12121717.3158 12121717.3158 12121717.3158 12121717.3158 1.1126 0.4070 0.2349 0.2192 0.1938 0.1915 0.1915 0.1915 0.1915 0.1915 0.1915 0.2264 0.0529 0.6088 1.3854 1.5348 1.5376 1.5376 1.5376 1.5376 1.5376 1.5376 1.5376 0.1035 0.0753 0.0635 0.0567 0.0563 0.0563 0.0563 0.0563 0.0563 0.0563 0.0769  
8761 12 1.6652 0.6895 0.0188 0.0311 16591534.1117 3708267.6078 1223588050.9877 43968.4179 763434003.2589 4216680788.3885 1447816400.1450 309988168.2500 89589310.1310 53352648.7795 33560309.4340 18349013.7556 10794297.1229 8384219.4310 440.4691 0.5791 0.0192 0.0273 0.0427 0.0477 0.0490 0.0498 0.0515 0.0541 0.0558 0.0337 0.0184 0.1356 0.2769 0.3802 0.4349 0.4701 0.5127 0.5465 0.5634 0.5688 1.1640 0.1877 0.1143 0.0857 0.0730 0.0674 0.0657 0.0651 0.0639 0.0621 0.0609 0.1009  
8761 15 0.0040 0.6887 0.0008 0.0018 6649461.7943 0.0000 1165470167.4281 2405.1214 1584992377.9410 13942827085.9150 6827858286.6435 3585472639.1101 1759419007.9706 1524501229.5635 1507158435.4973 1505488130.1779 1502438376.9011 1498747521.5362 0.0000 0.9057 0.0026 0.0019 0.0019 0.0019 0.0019 0.0020 0.0022 0.0026 0.0032 0.0000 0.0045 0.0337 0.0592 0.0853 0.1005 0.1024 0.1026 0.1027 0.1028 0.1030 1.6453 0.2674 0.2031 0.1621 0.1520 0.1374 0.1336 0.1333 0.1333 0.1333 0.1333 0.0000  
8761 29 0.5608 0.6727 0.0539 0.0866 68994746.7126 188715562.3989 172075175.4065 71768.5683 4168263.6961 421460273.2570 922671808.6915 789129629.3419 509602323.8322 335970479.9830 228543494.6680 155500069.1639 125211005.7002 114511421.6534 73.5031 4.3767 1.0059 0.1835 0.0550 0.0422 0.0800 0.2734 0.5895 0.7787 0.8523 0.0379 0.0010 0.0099 0.0325 0.0678 0.1129 0.1628 0.2161 0.2679 0.3137 0.3560 2.5550 0.1506 0.1159 0.1000 0.0810 0.0679 0.0593 0.0537 0.0495 0.0466 0.0448 0.0670  
8761 30 0.1196 0.8882 0.0164 0.0371 21128520.5353 22386.6699 165843614.0718 3742.9895 10.2534 5717.2641 1326042.4259 11178084.6667 19859911.1530 21155169.9321 21158773.7003 21155489.9683 21155489.9683 21155489.9683 0.7566 1.0323 3.2513 0.8718 0.2040 0.0632 0.0305 0.0249 0.0247 0.0247 0.0247 0.2498 0.0091 0.1156 0.3985 0.8371 1.2571 1.4233 1.4453 1.4461 1.4461 1.4461 1.4461 0.1309 0.0831 0.0688 0.0639 0.0595 0.0568 0.0563 0.0563 0.0563 0.0563 0.0661  
8761 35 0.9963 0.4610 0.2798 0.5588 12283183.5033 1804071.4583 103278777.7509 12508.1926 3312166.6506 45661121.3271 63966853.1177 64813435.5722 43717883.5390 22446944.8856 14292978.8620 12777534.8252 12473936.6022 12245845.0442 10.9924 0.4993 1.7645 1.7431 0.2609 0.1919 0.1324 0.0641 0.0435 0.0418 0.0416 0.0662 0.0142 0.1164 0.2522 0.3538 0.4235 0.4826 0.5056 0.5112 0.5153 0.5197 1.4702 0.1343 0.1123 0.0842 0.0759 0.0726 0.0698 0.0669 0.0660 0.0658 0.0658 0.0978  
8761 36 1.2016 0.5679 0.0434 0.1001 148464537.2339 1982780.5954 228277707.5269 211972.0643 40686914442.7394 41201509711.9814 7163136564.6589 7009216585.8093 6731736364.5099 6093873222.3593 5109376538.7660 3964705150.7370 2879840210.5158 2181642319.3121 1.1013 1.1611 0.1335 0.1448 0.1450 0.1450 0.1450 0.1450 0.1450 0.1450 0.1450 0.1632 0.0007 0.0051 0.0076 0.0077 0.0082 0.0095 0.0115 0.0137 0.0159 0.0173 1.4359 0.1898 0.1844 0.1300 0.1289 0.1289 0.1289 0.1289 0.1289 0.1289 0.1289 0.0960  
17545 4 3.2624 1.5754 0.0574 0.0620 16078981.8416 4176240.2211 452551214.2553 17203.7852 470944.6613 41693882.7855 47422546.2565 27781401.2204 27215985.4505 27215985.4505 27215985.4505 27215985.4505 27215985.4505 27215985.4505 1.4717 0.1309 0.0518 0.0488 0.0448 0.0446 0.0446 0.0446 0.0446 0.0446 0.0446 0.0486 0.0529 0.6088 1.3854 1.5348 1.5376 1.5376 1.5376 1.5376 1.5376 1.5376 1.5376 0.1033 0.0745 0.0622 0.0565 0.0563 0.0563 0.0563 0.0563 0.0563 0.0563 0.0763  
17545 12 1.9878 1.9782 0.0091 0.0136 18574419.4808 201621.1927 3360810507.3807 681770.6589 1615350403.6090 9667300734.0733 5149441972.3457 1487460505.3199 275479129.4266 108578881.2317 63459683.4272 30904682.9363 14736917.5169 9581988.3377 938.0141 0.1199 0.0038 0.0082 0.0146 0.0175 0.0186 0.0188 0.0192 0.0199 0.0205 0.0039 0.0184 0.1356 0.2769 0.3802 0.4349 0.4701 0.5127 0.5465 0.5634 0.5688 1.1640 0.1894 0.1089 0.0836 0.0742 0.0695 0.0660 0.0654 0.0645 0.0629 0.0615 0.1005  
17545 15 1.1425 1.0818 0.0001 0.0003 982455.8641 43061.4881 1242602522.4533 409020.1652 1991003452.6236 14528033256.2100 9819852665.7087 4710204788.6293 1736077747.0507 1353462965.3109 1325752017.9820 1323962744.9381 1321279236.9132 1318031617.3297 0.0000 0.0202 0.0002 0.0002 0.0003 0.0003 0.0003 0.0003 0.0003 0.0003 0.0003 0.0000 0.0045 0.0337 0.0592 0.0853 0.1005 0.1024 0.1026 0.1027 0.1028 0.1030 1.6453 0.2844 0.1990 0.1619 0.1550 0.1397 0.1339 0.1333 0.1333 0.1333 0.1333 0.0000  
17545 29 0.7292 0.8767 0.0355 0.0619 16598408.1574 839068.2964 152870038.3598 102930.6943 1423940.9658 164992003.1434 649334111.2402 766368859.2125 523964687.2047 331670870.8460 213883864.8660 138418005.3046 106007495.6802 92785661.6146 78.2991 3.0119 0.5680 0.1968 0.0281 0.0079 0.0105 0.0290 0.0707 0.1206 0.1657 0.0056 0.0010 0.0099 0.0325 0.0678 0.1129 0.1628 0.2161 0.2679 0.3137 0.3560 2.5550 0.2060 0.1109 0.0927 0.0794 0.0682 0.0599 0.0545 0.0502 0.0470 0.0451 0.0671  
17545 30 1.4968 1.8898 0.0029 0.0074 3731844.3349 1639550.3864 176073859.9457 37042.7716 1861309.3927 63637856.4299 108120968.6020 39484864.2702 18736883.6463 21519827.8252 22364347.6259 22405600.3054 22405600.3054 22405600.3054 5.2115 0.0055 0.0237 0.0870 0.0652 0.0084 0.0042 0.0035 0.0035 0.0035 0.0035 0.1315 0.0091 0.1156 0.3985 0.8371 1.2571 1.4233 1.4453 1.4461 1.4461 1.4461 1.4461 0.1827 0.1286 0.1019 0.0774 0.0589 0.0565 0.0563 0.0563 0.0563 0.0563 0.0843  
17545 35 1.0186 0.8262 0.2024 0.2579 10277072.7886 1354.5779 87254967.6547 10155.2489 779169.2207 15370498.3908 42238295.1364 56153657.2055 40936541.2252 21084288.6339 13403033.5909 11975312.9198 11689927.0528 11475770.9734 5.3078 0.3111 1.0030 0.5211 0.1760 0.1728 0.1114 0.0346 0.0104 0.0083 0.0081 0.0693 0.0142 0.1164 0.2522 0.3538 0.4235 0.4826 0.5056 0.5112 0.5153 0.5197 1.4702 0.1296 0.1076 0.0814 0.0750 0.0726 0.0700 0.0669 0.0660 0.0658 0.0658 0.0923  
17545 36 0.9112 0.8652 0.0532 0.0991 134125779.6509 553044.9612 202531005.0755 726803.2117 30796808765.8527 31822269030.1312 6502114773.5393 6379314159.3562 6126746028.0734 5546150044.8097 4650041174.6851 3608138036.5485 2620671940.8962 1985158044.5928 0.8672 0.0984 0.0988 0.1321 0.1346 0.1346 0.1346 0.1346 0.1346 0.1346 0.1346 0.1391 0.0007 0.0051 0.0076 0.0077 0.0082 0.0095 0.0115 0.0137 0.0159 0.0173 1.4359 0.1946 0.1882 0.1347 0.1338 0.1338 0.1338 0.1338 0.1338 0.1338 0.1338 0.0999  
26305 4 1.9393 1.4230 0.0275 0.0421 17056275.7237 25527357.4914 671890691.9413 56125.9626 723479.4648 58664872.5164 73628306.4728 48009565.9320 47254175.9171 47254175.9171 47254175.9171 47254175.9171 47254175.9171 47254175.9171 1.9046 0.1176 0.0458 0.0422 0.0370 0.0367 0.0367 0.0367 0.0367 0.0367 0.0367 0.0414 0.0529 0.6088 1.3854 1.5348 1.5376 1.5376 1.5376 1.5376 1.5376 1.5376 1.5376 0.1040 0.0744 0.0617 0.0565 0.0563 0.0563 0.0563 0.0563 0.0563 0.0563 0.0764  
26305 12 0.9787 0.9471 0.0055 0.0067 23006003.2197 216572.1512 4617245874.0017 1355236.4409 51014894.8186 3685386663.6143 8289344144.2865 3741193699.5066 722856746.7629 281050299.4991 159742097.8331 72067295.9104 28526411.8194 14647680.9521 238.5402 0.0696 0.0033 0.0048 0.0068 0.0075 0.0080 0.0082 0.0084 0.0091 0.0101 0.0043 0.0184 0.1356 0.2769 0.3802 0.4349 0.4701 0.5127 0.5465 0.5634 0.5688 1.1640 0.1353 0.0908 0.0800 0.0739 0.0700 0.0662 0.0657 0.0653 0.0643 0.0630 0.0902  
26305 15 1.0761 1.0343 0.0004 0.0005 3191311.8748 0.0000 1295172019.2153 467318.9066 1574146665.9798 13335076071.0497 12929776071.0586 5914630136.0957 1744625593.5026 1208163918.8629 1169637841.9455 1167698112.3242 1165331024.3752 1162466340.9724 0.0000 0.0709 0.0005 0.0005 0.0006 0.0006 0.0006 0.0006 0.0006 0.0006 0.0006 0.0000 0.0045 0.0337 0.0592 0.0853 0.1005 0.1024 0.1026 0.1027 0.1028 0.1030 1.6453 0.2808 0.1944 0.1614 0.1570 0.1424 0.1342 0.1333 0.1333 0.1333 0.1333 0.0000  
26305 29 1.2407 0.8869 0.0179 0.0564 20903216.6808 886978.3919 130299949.3393 75059.8535 186181.9950 43467908.0120 470654620.2824 700367655.9115 514713906.8142 320711311.2738 196732558.1715 118486443.2236 83951162.5899 68689887.4422 79.6742 4.7279 1.0390 0.1782 0.0231 0.0090 0.0146 0.0431 0.1095 0.1873 0.2558 0.0064 0.0010 0.0099 0.0325 0.0678 0.1129 0.1628 0.2161 0.2679 0.3137 0.3560 2.5550 0.2481 0.1025 0.0858 0.0781 0.0680 0.0602 0.0548 0.0505 0.0473 0.0454 0.0671  
26305 30 1.3953 1.2359 0.0037 0.0220 37024940.1288 3407215.1480 221747375.0415 55444.4947 2087168.7592 75784108.8029 145524646.8318 87489827.6202 37658567.4178 24163439.7527 22875331.8249 22835708.6481 22835708.6481 22835708.6481 8.6996 0.0092 0.0971 0.3054 0.2537 0.0538 0.0084 0.0067 0.0067 0.0067 0.0067 0.3954 0.0091 0.1156 0.3985 0.8371 1.2571 1.4233 1.4453 1.4461 1.4461 1.4461 1.4461 0.1816 0.1262 0.0953 0.0757 0.0623 0.0568 0.0563 0.0563 0.0563 0.0563 0.0819  
26305 35 0.8718 0.8835 0.1893 0.2471 10153627.7647 3257.8029 75641880.9140 10344.1595 796248.3473 13840903.8736 30992379.6714 45200990.2356 34265683.7025 18448452.0534 12306434.8412 11155027.7463 10902598.4188 10704335.7351 3.9814 0.2974 0.7821 0.4507 0.2057 0.2028 0.1274 0.0397 0.0132 0.0109 0.0106 0.0768 0.0142 0.1164 0.2522 0.3538 0.4235 0.4826 0.5056 0.5112 0.5153 0.5197 1.4702 0.1305 0.1091 0.0810 0.0746 0.0725 0.0698 0.0669 0.0660 0.0658 0.0658 0.0933  
26305 36 0.8934 0.8897 0.0559 0.0991 121317796.0558 856225.9823 182647303.5497 662274.4780 24705769175.9877 25933194598.2615 5903649976.3721 5801129023.5683 5571433037.0314 5043414848.2550 4228456088.8326 3280905944.9241 2382863116.1120 1804900288.4839 0.6824 0.0986 0.0991 0.1316 0.1348 0.1348 0.1348 0.1348 0.1348 0.1348 0.1348 0.1398 0.0007 0.0051 0.0076 0.0077 0.0082 0.0095 0.0115 0.0137 0.0159 0.0173 1.4359 0.1946 0.1875 0.1347 0.1338 0.1338 0.1338 0.1338 0.1338 0.1338 0.1338 0.0999  
35065 4 1.1703 1.0961 0.0471 0.0467 36049121.6926 7492254.2954 767825442.2018 108847.8804 418356.1637 30848332.7989 64673585.2784 62082603.6514 61937344.3819 61937344.3819 61937344.3819 61937344.3819 61937344.3819 61937344.3819 0.7535 0.1392 0.0550 0.0491 0.0455 0.0453 0.0453 0.0453 0.0453 0.0453 0.0453 0.0557 0.0529 0.6088 1.3854 1.5348 1.5376 1.5376 1.5376 1.5376 1.5376 1.5376 1.5376 0.1038 0.0729 0.0598 0.0564 0.0563 0.0563 0.0563 0.0563 0.0563 0.0563 0.0760  
35065 12 0.9379 0.9480 0.0025 0.0027 11177281.7672 42683.0493 4841783468.0557 1326399.7212 4069080.0285 1283927693.5424 7248665366.1126 5049579443.9647 1172711325.0753 529176292.1863 301871893.8434 132991178.7892 49122492.4843 22391212.0339 219.4607 0.1255 0.0016 0.0020 0.0023 0.0025 0.0027 0.0027 0.0028 0.0029 0.0032 0.0036 0.0184 0.1356 0.2769 0.3802 0.4349 0.4701 0.5127 0.5465 0.5634 0.5688 1.1640 0.1460 0.0828 0.0762 0.0732 0.0697 0.0661 0.0658 0.0656 0.0651 0.0641 0.0702  
35065 15 1.1331 1.0746 0.0002 0.0004 4441329.5492 0.0000 1332941332.7017 502875.8007 2788699259.1693 14540350070.3265 14944131830.1967 6658432550.7111 1715848469.4137 1079996215.5931 1034499507.3043 1032490966.3432 1030397919.8144 1027864885.2388 0.0000 0.0522 0.0003 0.0003 0.0004 0.0004 0.0004 0.0004 0.0004 0.0004 0.0004 0.0000 0.0045 0.0337 0.0592 0.0853 0.1005 0.1024 0.1026 0.1027 0.1028 0.1030 1.6453 0.2886 0.1942 0.1613 0.1580 0.1444 0.1345 0.1334 0.1333 0.1333 0.1333 0.0000  
35065 29 0.9657 0.9121 0.0164 0.0244 31637520.8878 960594.0353 101130954.2268 93130.0732 35351.2794 25871759.2284 390782708.5744 633121643.0268 498361414.3986 304837667.0698 172971588.2335 89343929.7413 53526207.7261 38854615.4365 79.9842 5.8965 0.4255 0.0380 0.0133 0.0130 0.0280 0.0873 0.2359 0.4037 0.5244 0.0092 0.0010 0.0099 0.0325 0.0678 0.1129 0.1628 0.2161 0.2679 0.3137 0.3560 2.5550 0.2993 0.0932 0.0836 0.0772 0.0677 0.0605 0.0552 0.0511 0.0478 0.0460 0.0670  
35065 30 1.0026 0.9870 0.0030 0.0272 55425487.7778 2016810.1004 307680165.8061 77361.4535 1456565.8187 52497735.5073 98272075.0215 90720008.4132 62188157.4016 34515201.4874 29160394.0431 28903077.0579 28903077.0579 28903077.0579 6.7311 0.0174 0.2204 0.5165 0.2615 0.0563 0.0155 0.0108 0.0106 0.0106 0.0106 0.4172 0.0091 0.1156 0.3985 0.8371 1.2571 1.4233 1.4453 1.4461 1.4461 1.4461 1.4461 0.1777 0.1255 0.0925 0.0711 0.0621 0.0574 0.0563 0.0563 0.0563 0.0563 0.0758  
35065 35 0.8000 0.8776 0.2612 0.2923 9107240.0573 2779.1957 68936977.1229 9017.7525 679387.2539 11644264.2741 24455227.6643 35169724.8792 27205952.4869 15689137.0628 11212823.7687 10360065.4825 10142044.9499 9959570.3498 3.2391 0.3428 0.9344 0.5848 0.2349 0.2236 0.1334 0.0400 0.0139 0.0117 0.0114 0.0829 0.0142 0.1164 0.2522 0.3538 0.4235 0.4826 0.5056 0.5112 0.5153 0.5197 1.4702 0.1310 0.1100 0.0812 0.0746 0.0724 0.0695 0.0667 0.0660 0.0658 0.0658 0.0946  
35065 36 0.8929 0.9047 0.0566 0.0990 110844338.4272 740103.8381 164280646.6084 591692.2069 20653689558.4434 21918375824.1116 5340597909.6671 5252528626.5450 5044539743.2332 4566421186.8107 3828478983.9295 2970475763.0095 2157301236.1163 1633957990.5701 0.5362 0.0984 0.0990 0.1317 0.1352 0.1352 0.1352 0.1352 0.1352 0.1352 0.1352 0.1411 0.0007 0.0051 0.0076 0.0077 0.0082 0.0095 0.0115 0.0137 0.0159 0.0173 1.4359 0.1946 0.1869 0.1346 0.1338 0.1338 0.1338 0.1338 0.1338 0.1338 0.1338 0.0999  
43825 4 1.0593 1.0240 0.0342 0.0329 20795388.2677 16565877.7590 798907460.0117 127384.8421 269174.5670 19630835.2722 59631227.8679 66804537.3734 66926887.2124 66926887.2124 66926887.2124 66926887.2124 66926887.2124 66926887.2124 0.4577 0.1170 0.0384 0.0326 0.0298 0.0298 0.0298 0.0298 0.0298 0.0298 0.0298 0.0382 0.0529 0.6088 1.3854 1.5348 1.5376 1.5376 1.5376 1.5376 1.5376 1.5376 1.5376 0.1036 0.0725 0.0585 0.0563 0.0563 0.0563 0.0563 0.0563 0.0563 0.0563 0.0765  
43825 12 0.9361 0.9495 0.0021 0.0021 10753889.3496 33848.8418 4760274799.9844 1244031.7686 2139540.8397 579832227.8853 6128020077.9360 5084841041.9950 1424393818.9252 740658648.6821 425409325.7632 185932202.8643 67004520.2924 29099877.0547 298.1277 0.1911 0.0019 0.0020 0.0021 0.0023 0.0024 0.0024 0.0024 0.0025 0.0028 0.0031 0.0184 0.1356 0.2769 0.3802 0.4349 0.4701 0.5127 0.5465 0.5634 0.5688 1.1640 0.1789 0.0795 0.0744 0.0727 0.0690 0.0661 0.0658 0.0657 0.0654 0.0647 0.0661  
43825 15 1.0826 1.0560 0.0002 0.0004 4554303.8848 0.0000 1406034879.7977 569800.2196 2817802238.6148 15522116872.8959 17318730873.1619 7560720759.7349 1721570403.1381 970376957.9876 916772378.6145 914651706.6710 912797524.2818 910553566.4794 0.0000 0.0540 0.0003 0.0003 0.0004 0.0004 0.0004 0.0004 0.0004 0.0004 0.0004 0.0000 0.0045 0.0337 0.0592 0.0853 0.1005 0.1024 0.1026 0.1027 0.1028 0.1030 1.6453 0.2876 0.1932 0.1613 0.1586 0.1462 0.1348 0.1334 0.1333 0.1333 0.1333 0.0000  
43825 29 0.8870 0.9191 0.0162 0.0181 24938963.2006 837082.5541 78604366.8801 89933.9039 25848.7072 21581984.1751 336045380.7309 573631434.4350 475473259.0356 286238318.3815 150757518.1325 64351347.0533 30033026.9600 18915625.8755 78.3205 6.1680 0.3260 0.0155 0.0123 0.0140 0.0295 0.0920 0.2800 0.5310 0.6740 0.0103 0.0010 0.0099 0.0325 0.0678 0.1129 0.1628 0.2161 0.2679 0.3137 0.3560 2.5550 0.3076 0.0922 0.0832 0.0765 0.0675 0.0607 0.0558 0.0521 0.0485 0.0467 0.0670  
43825 30 1.2406 1.0754 0.0128 0.0362 77335853.4515 490831.3461 377993876.0729 77559.3995 2207118.6485 69678741.1038 91185675.0566 68886708.5244 63996586.1238 45580924.8975 41138256.2263 40907293.1627 40907293.1627 40907293.1627 5.0097 0.0278 0.3560 0.8698 0.3697 0.0681 0.0250 0.0173 0.0169 0.0169 0.0169 0.7310 0.0091 0.1156 0.3985 0.8371 1.2571 1.4233 1.4453 1.4461 1.4461 1.4461 1.4461 0.1802 0.1285 0.0976 0.0697 0.0608 0.0572 0.0563 0.0563 0.0563 0.0563 0.0762  
43825 35 0.8224 0.9448 0.3208 0.3600 8400186.2960 3250.8948 61385676.5026 7214.3387 1277223.9086 20295181.8261 22755913.7543 27323482.9103 21017113.0889 13213371.9219 10189791.7639 9598020.0031 9411126.1302 9243661.2625 4.1916 0.3106 0.8205 0.7850 0.2758 0.2505 0.1399 0.0405 0.0153 0.0132 0.0129 0.0745 0.0142 0.1164 0.2522 0.3538 0.4235 0.4826 0.5056 0.5112 0.5153 0.5197 1.4702 0.1310 0.1117 0.0831 0.0749 0.0722 0.0692 0.0666 0.0659 0.0658 0.0658 0.0986  
43825 36 0.9017 0.9212 0.0548 0.0965 94647921.7740 687425.0108 146565885.9474 528304.2078 18177897943.9190 19353654411.5419 4806858655.1959 4728724327.7880 4541466179.2722 4111002809.0554 3446613018.5527 2674128970.4133 1942005436.0437 1470825026.6951 0.4231 0.0951 0.0957 0.1279 0.1317 0.1317 0.1317 0.1317 0.1317 0.1317 0.1317 0.1372 0.0007 0.0051 0.0076 0.0077 0.0082 0.0095 0.0115 0.0137 0.0159 0.0173 1.4359 0.1946 0.1867 0.1346 0.1338 0.1338 0.1338 0.1338 0.1338 0.1338 0.1338 0.0999  
52609 4 1.0703 1.0151 0.0296 0.0285 19666878.0586 15366062.7242 815848870.6323 134936.3111 231614.0407 18361329.0600 59861363.0980 68619711.5697 68784984.0439 68784984.0439 68784984.0439 68784984.0439 68784984.0439 68784984.0439 0.4396 0.1143 0.0327 0.0284 0.0276 0.0276 0.0276 0.0276 0.0276 0.0276 0.0276 0.0346 0.0529 0.6088 1.3854 1.5348 1.5376 1.5376 1.5376 1.5376 1.5376 1.5376 1.5376 0.1035 0.0726 0.0582 0.0563 0.0563 0.0563 0.0563 0.0563 0.0563 0.0563 0.0765  
52609 12 0.9396 0.9499 0.0021 0.0021 10729264.8648 32257.8843 4560992131.1706 1164583.5323 1017333.2139 371962581.0448 5202806444.0435 4672396800.8574 1581804148.9374 919229228.8182 530716981.9956 231043931.7524 82222254.9960 34790354.3571 370.2747 0.2107 0.0022 0.0020 0.0021 0.0023 0.0024 0.0024 0.0024 0.0025 0.0027 0.0030 0.0184 0.1356 0.2769 0.3802 0.4349 0.4701 0.5127 0.5465 0.5634 0.5688 1.1640 0.1790 0.0770 0.0737 0.0724 0.0683 0.0660 0.0659 0.0658 0.0655 0.0650 0.0659  
52609 15 1.2476 1.1872 0.0005 0.0005 3559833.7290 0.0000 1593389777.1799 616864.6346 5136320813.9885 21923448666.3971 21259285363.2424 9071461442.8714 1814839207.9818 881291254.1274 814828140.7643 812460670.9652 810813641.6902 808820383.5250 0.0000 0.0485 0.0004 0.0004 0.0005 0.0005 0.0005 0.0005 0.0005 0.0005 0.0005 0.0000 0.0045 0.0337 0.0592 0.0853 0.1005 0.1024 0.1026 0.1027 0.1028 0.1030 1.6453 0.2920 0.1974 0.1614 0.1591 0.1482 0.1353 0.1334 0.1333 0.1333 0.1333 0.0000  
52609 29 0.7853 0.9205 0.0208 0.0210 20063233.4224 856617.1108 61698209.9930 79774.1590 30029.1070 18659999.4155 292757795.6126 520324903.8137 447184018.1901 264892468.3422 130430356.4605 44749650.3716 13388840.8442 6322397.3614 75.0874 6.1889 0.3868 0.0159 0.0142 0.0182 0.0362 0.0967 0.3138 0.7603 1.0499 0.0138 0.0010 0.0099 0.0325 0.0678 0.1129 0.1628 0.2161 0.2679 0.3137 0.3560 2.5550 0.3154 0.0943 0.0831 0.0760 0.0674 0.0610 0.0564 0.0536 0.0499 0.0476 0.0671  
52609 30 1.0661 1.0169 0.0055 0.0301 77527452.9634 573088.7567 422495396.8818 96223.1057 2204930.0478 64861542.7859 84511829.5456 53274160.8823 54881808.4099 52331610.9603 51428683.7882 51377464.6984 51377464.6984 51377464.6984 4.5712 0.0255 0.4095 0.9826 0.4290 0.0555 0.0187 0.0147 0.0146 0.0146 0.0146 0.8742 0.0091 0.1156 0.3985 0.8371 1.2571 1.4233 1.4453 1.4461 1.4461 1.4461 1.4461 0.1808 0.1283 0.0989 0.0704 0.0597 0.0568 0.0563 0.0563 0.0563 0.0563 0.0777  
52609 35 0.9498 0.9478 0.1733 0.3797 7214011.9759 45728.1114 57464868.4193 5933.2452 1660056.4117 26111329.4485 21421569.3545 21473954.1285 16350084.2856 11242208.2590 9274049.8631 8872968.5334 8711390.2038 8557843.5720 4.8315 0.2945 0.6999 0.8340 0.2930 0.2605 0.1347 0.0385 0.0161 0.0143 0.0141 0.0678 0.0142 0.1164 0.2522 0.3538 0.4235 0.4826 0.5056 0.5112 0.5153 0.5197 1.4702 0.1305 0.1119 0.0845 0.0753 0.0719 0.0687 0.0665 0.0659 0.0658 0.0658 0.1002  
52609 36 0.8807 0.9158 0.0544 0.0945 84121367.0220 587553.0278 126158941.9459 476388.9408 16004756761.0390 17048404426.6991 4246560208.2266 4177681837.3143 4012238006.7714 3631920731.0753 3044927893.7647 2362433054.6464 1715597000.0529 1299305947.2724 0.3348 0.0933 0.0939 0.1246 0.1281 0.1281 0.1281 0.1281 0.1281 0.1281 0.1281 0.1341 0.0007 0.0051 0.0076 0.0077 0.0082 0.0095 0.0115 0.0137 0.0159 0.0173 1.4359 0.1946 0.1866 0.1345 0.1338 0.1338 0.1338 0.1338 0.1338 0.1338 0.1338 0.0998  
61369 4 1.0036 1.0108 0.0291 0.0279 19627526.3118 15015118.3896 846575614.2137 144425.8629 212559.4142 17761629.3700 60148154.9477 69879919.5555 70073276.0036 70073276.0036 70073276.0036 70073276.0036 70073276.0036 70073276.0036 0.4256 0.1292 0.0361 0.0287 0.0269 0.0268 0.0268 0.0268 0.0268 0.0268 0.0268 0.0361 0.0529 0.6088 1.3854 1.5348 1.5376 1.5376 1.5376 1.5376 1.5376 1.5376 1.5376 0.1034 0.0725 0.0581 0.0563 0.0563 0.0563 0.0563 0.0563 0.0563 0.0563 0.0763  
61369 12 0.9366 0.9506 0.0022 0.0022 10771081.2734 36108.7527 4339785539.1555 1094279.4377 2102890.5059 277965325.2576 4482963449.6708 4251562704.8043 1654966412.0965 1025535570.7520 593738060.4299 257978384.7693 91235681.8664 38092363.0141 414.3353 0.2102 0.0032 0.0021 0.0022 0.0024 0.0025 0.0025 0.0025 0.0026 0.0027 0.0027 0.0184 0.1356 0.2769 0.3802 0.4349 0.4701 0.5127 0.5465 0.5634 0.5688 1.1640 0.1877 0.0760 0.0734 0.0721 0.0679 0.0660 0.0659 0.0658 0.0656 0.0651 0.0659  
61369 15 1.0295 0.9908 0.0003 0.0005 5780641.8041 0.0000 1678092666.4787 769624.3803 2604543807.2111 18610013546.9292 25053944243.8051 10614802143.6974 1923385475.8336 805254504.9032 725769005.8396 723140054.2298 721674094.6685 719899969.6372 0.0000 0.0630 0.0004 0.0004 0.0005 0.0006 0.0006 0.0006 0.0006 0.0006 0.0006 0.0000 0.0045 0.0337 0.0592 0.0853 0.1005 0.1024 0.1026 0.1027 0.1028 0.1030 1.6453 0.2842 0.1893 0.1613 0.1596 0.1504 0.1360 0.1334 0.1333 0.1333 0.1333 0.0000  
61369 29 0.7391 0.9264 0.0218 0.0245 13446100.9723 474477.0176 52232644.3664 62649.4736 20290.3971 15691408.0014 249538210.9183 469419671.1931 422358148.2914 245676590.6064 114943316.9305 34053614.1349 5963327.9510 1269480.5114 72.6315 6.2444 0.3032 0.0166 0.0174 0.0238 0.0409 0.0800 0.2234 0.7610 1.5612 0.0194 0.0010 0.0099 0.0325 0.0678 0.1129 0.1628 0.2161 0.2679 0.3137 0.3560 2.5550 0.3198 0.0923 0.0829 0.0755 0.0672 0.0612 0.0569 0.0551 0.0530 0.0502 0.0670  
61369 30 1.1272 1.0218 0.0240 0.0355 93779784.8099 58128.2144 457318009.1049 102586.1592 2519309.6648 63601887.8531 77405451.0503 50119879.5303 54267277.2615 56920561.9869 57239892.6315 57251544.2425 57251544.2425 57251544.2425 4.1837 0.0338 0.5128 1.1548 0.6027 0.0663 0.0222 0.0191 0.0189 0.0189 0.0189 1.1326 0.0091 0.1156 0.3985 0.8371 1.2571 1.4233 1.4453 1.4461 1.4461 1.4461 1.4461 0.1815 0.1286 0.0993 0.0720 0.0593 0.0566 0.0563 0.0563 0.0563 0.0563 0.0792  
61369 35 0.8625 0.9718 0.1321 0.3990 5932865.9817 99481.1249 47680547.6013 5635.4908 2015269.3929 31063789.0861 22218194.9426 17770366.1708 12940304.3696 9693301.8606 8462319.8118 8195532.2482 8054287.5060 7913416.5164 5.5927 0.3242 0.7195 0.9489 0.2870 0.2449 0.1184 0.0346 0.0167 0.0152 0.0151 0.0583 0.0142 0.1164 0.2522 0.3538 0.4235 0.4826 0.5056 0.5112 0.5153 0.5197 1.4702 0.1304 0.1120 0.0858 0.0759 0.0716 0.0683 0.0663 0.0659 0.0658 0.0658 0.1011  
61369 36 0.8620 0.8615 0.0544 0.0943 73377477.2648 620269.2381 108744467.3408 419570.6611 12206582492.3748 13243126337.5115 3647400474.5774 3592486501.5110 3450213251.2291 3123159804.8492 2618375923.9496 2031465195.7789 1475219202.2296 1117230143.6977 0.2646 0.0934 0.0942 0.1284 0.1300 0.1300 0.1300 0.1300 0.1300 0.1300 0.1300 0.1357 0.0007 0.0051 0.0076 0.0077 0.0082 0.0095 0.0115 0.0137 0.0159 0.0173 1.4359 0.1946 0.1856 0.1344 0.1338 0.1338 0.1338 0.1338 0.1338 0.1338 0.1338 0.0998  
70129 4 1.1489 1.0731 0.0264 0.0254 18872130.8770 15497112.2015 896730017.6828 144943.5542 428127.5810 32163008.2079 73571942.2313 74696975.2938 74643428.7891 74643428.7891 74643428.7891 74643428.7891 74643428.7891 74643428.7891 0.8475 0.1167 0.0319 0.0261 0.0241 0.0240 0.0240 0.0240 0.0240 0.0240 0.0240 0.0336 0.0529 0.6088 1.3854 1.5348 1.5376 1.5376 1.5376 1.5376 1.5376 1.5376 1.5376 0.1036 0.0739 0.0590 0.0563 0.0563 0.0563 0.0563 0.0563 0.0563 0.0563 0.0766  
70129 12 0.9375 0.9517 0.0024 0.0023 10734904.0023 45557.4044 4108946411.9104 1024951.9455 4990814.4962 237666475.9622 3896195195.4243 3854690579.8104 1683207142.6206 1090334170.8719 632409561.9799 274449772.4734 96682250.7637 40025363.9276 442.2404 0.1892 0.0050 0.0022 0.0023 0.0025 0.0026 0.0026 0.0026 0.0027 0.0028 0.0027 0.0184 0.1356 0.2769 0.3802 0.4349 0.4701 0.5127 0.5465 0.5634 0.5688 1.1640 0.1897 0.0769 0.0733 0.0718 0.0676 0.0660 0.0659 0.0658 0.0656 0.0652 0.0660  
70129 15 1.0139 1.0197 0.0001 0.0002 4189815.1570 0.0000 1681039598.4991 792311.7701 3152219083.7758 19093616993.8926 25907708190.1912 10917511927.3907 1890583393.7420 729289595.6504 646786572.8582 644144509.4995 642838690.0276 641258368.8016 0.0000 0.0618 0.0002 0.0002 0.0002 0.0002 0.0002 0.0002 0.0002 0.0002 0.0002 0.0000 0.0045 0.0337 0.0592 0.0853 0.1005 0.1024 0.1026 0.1027 0.1028 0.1030 1.6453 0.2895 0.1879 0.1612 0.1598 0.1516 0.1364 0.1334 0.1333 0.1333 0.1333 0.0000  
70129 29 0.4530 0.9310 0.0238 0.0301 7056397.7630 282386.2051 47372807.9829 46305.7811 108959.1693 13131381.6593 210072895.3280 421181805.7899 396969532.3298 227333621.4019 103365453.7907 29863836.7365 4759712.1717 740105.9296 69.8243 5.2100 0.5961 0.0287 0.0236 0.0268 0.0423 0.0603 0.0821 0.1780 0.4999 0.0212 0.0010 0.0099 0.0325 0.0678 0.1129 0.1628 0.2161 0.2679 0.3137 0.3560 2.5550 0.3065 0.1008 0.0827 0.0749 0.0671 0.0614 0.0571 0.0557 0.0554 0.0551 0.0670  
70129 30 1.0630 1.0541 0.0249 0.0344 98886210.1889 52643.1789 486203314.6889 115634.3213 2710853.4318 73015181.0604 85838814.8818 49909899.4000 55184852.7084 60988390.4907 61953449.4125 61996450.5225 61996450.5225 61996450.5225 4.3270 0.0342 0.5066 1.1563 0.6312 0.0627 0.0215 0.0190 0.0189 0.0189 0.0189 1.1620 0.0091 0.1156 0.3985 0.8371 1.2571 1.4233 1.4453 1.4461 1.4461 1.4461 1.4461 0.1794 0.1290 0.1003 0.0724 0.0591 0.0566 0.0563 0.0563 0.0563 0.0563 0.0792  
70129 35 0.9628 0.8565 0.1223 0.4105 5635089.6608 100884.8902 40878330.0082 4860.4569 1398787.2885 21725187.4613 18242877.2423 13387928.2584 9843700.6108 8277718.4116 7696597.6916 7548426.5627 7425886.9738 7297066.8373 4.2599 0.2667 0.7241 0.8936 0.3377 0.2872 0.1255 0.0366 0.0189 0.0175 0.0173 0.0864 0.0142 0.1164 0.2522 0.3538 0.4235 0.4826 0.5056 0.5112 0.5153 0.5197 1.4702 0.1296 0.1113 0.0853 0.0763 0.0713 0.0679 0.0662 0.0659 0.0658 0.0658 0.0995  
70129 36 0.8611 0.9140 0.0538 0.0937 62934411.4912 547525.0931 92466882.0458 361650.4431 10986763170.9932 11831875394.4474 3133698113.3151 3085140583.0473 2962956488.9447 2682083387.3859 2248575605.1397 1744537386.4716 1266834004.4774 959393436.9465 0.2091 0.0929 0.0936 0.1250 0.1283 0.1283 0.1283 0.1283 0.1283 0.1283 0.1283 0.1352 0.0007 0.0051 0.0076 0.0077 0.0082 0.0095 0.0115 0.0137 0.0159 0.0173 1.4359 0.1946 0.1860 0.1345 0.1338 0.1338 0.1338 0.1338 0.1338 0.1338 0.1338 0.0998  
78889 4 0.9348 0.9758 0.0281 0.0267 20910058.7890 15232646.0285 893171400.0961 166531.0670 95967.0301 12154158.0619 60582387.3576 76026593.3223 76373959.8329 76373959.8329 76373959.8329 76373959.8329 76373959.8329 76373959.8329 0.2362 0.1384 0.0308 0.0272 0.0264 0.0264 0.0264 0.0264 0.0264 0.0264 0.0264 0.0318 0.0529 0.6088 1.3854 1.5348 1.5376 1.5376 1.5376 1.5376 1.5376 1.5376 1.5376 0.1030 0.0697 0.0576 0.0563 0.0563 0.0563 0.0563 0.0563 0.0563 0.0563 0.0754  
78889 12 0.9359 0.9513 0.0025 0.0024 10749602.5882 44280.7633 3877019944.7545 960892.5363 3468999.4358 203853020.3243 3426086484.4597 3505329296.8278 1672726266.8948 1116424528.9988 648315608.9746 281138692.5921 98793858.3330 40678250.8865 452.7842 0.1850 0.0048 0.0024 0.0025 0.0027 0.0027 0.0027 0.0028 0.0028 0.0030 0.0028 0.0184 0.1356 0.2769 0.3802 0.4349 0.4701 0.5127 0.5465 0.5634 0.5688 1.1640 0.1849 0.0767 0.0732 0.0716 0.0674 0.0660 0.0659 0.0658 0.0657 0.0653 0.0660  
78889 15 1.0577 1.0360 0.0001 0.0002 3896447.3167 0.0000 1754529111.2618 803324.3374 2808790735.0123 20275565669.3381 27938367826.5100 11701800963.9062 1922473573.7321 664385388.7883 575065378.8387 572306859.9826 571146670.5645 569742592.8929 0.0000 0.0538 0.0002 0.0001 0.0002 0.0002 0.0002 0.0002 0.0002 0.0002 0.0002 0.0000 0.0045 0.0337 0.0592 0.0853 0.1005 0.1024 0.1026 0.1027 0.1028 0.1030 1.6453 0.2918 0.1882 0.1612 0.1600 0.1526 0.1369 0.1334 0.1333 0.1333 0.1333 0.0000  
78889 29 0.7115 0.9373 0.0218 0.0288 4728493.8366 399340.3381 43920559.8110 20975.7032 1678642.5774 13783703.0016 172939861.7275 377726520.9288 377205666.1895 213263822.7693 94465330.6892 27042681.2844 4302455.6030 667301.7914 67.9401 2.2702 0.4431 0.0365 0.0237 0.0225 0.0323 0.0433 0.0474 0.0504 0.0609 0.0181 0.0010 0.0099 0.0325 0.0678 0.1129 0.1628 0.2161 0.2679 0.3137 0.3560 2.5550 0.2576 0.1198 0.0826 0.0741 0.0670 0.0616 0.0572 0.0557 0.0555 0.0555 0.0670  
78889 30 1.0532 0.9949 0.0253 0.0336 93958840.3701 64815.3204 510367126.7465 122923.3633 1976842.8915 60514014.2555 75726443.9485 49397407.9812 57654970.2637 64345100.8221 65406029.7436 65452116.1732 65452116.1732 65452116.1732 4.1437 0.0361 0.5189 1.1689 0.6080 0.0607 0.0212 0.0188 0.0187 0.0187 0.0187 1.1364 0.0091 0.1156 0.3985 0.8371 1.2571 1.4233 1.4453 1.4461 1.4461 1.4461 1.4461 0.1770 0.1278 0.0992 0.0721 0.0590 0.0565 0.0563 0.0563 0.0563 0.0563 0.0790  
78889 35 0.7714 0.9268 0.1098 0.4020 4860263.5006 138106.5641 32446107.5799 4679.4061 1473179.0897 23146681.2938 15342310.8371 10024409.2187 7576419.6090 7157652.4225 7016780.7882 6949938.0588 6842547.5051 6724655.8973 4.1348 0.2642 0.5619 0.8494 0.3560 0.2875 0.1138 0.0340 0.0192 0.0180 0.0179 0.0979 0.0142 0.1164 0.2522 0.3538 0.4235 0.4826 0.5056 0.5112 0.5153 0.5197 1.4702 0.1297 0.1118 0.0860 0.0766 0.0708 0.0675 0.0662 0.0659 0.0658 0.0658 0.1005  
78889 36 0.8607 0.8793 0.0535 0.0930 53681078.5902 374641.9502 80251927.7116 311402.5720 8879646470.4527 9652594077.9174 2685422074.1790 2645286904.0761 2540520367.0634 2299686219.1278 1927975732.2116 1495789046.4002 1086183120.0084 822568745.0663 0.1659 0.0922 0.0928 0.1249 0.1270 0.1270 0.1270 0.1270 0.1270 0.1270 0.1270 0.1320 0.0007 0.0051 0.0076 0.0077 0.0082 0.0095 0.0115 0.0137 0.0159 0.0173 1.4359 0.1946 0.1855 0.1344 0.1338 0.1338 0.1338 0.1338 0.1338 0.1338 0.1338 0.0998  
87673 4 1.0562 1.0236 0.0235 0.0233 17734666.2612 14410183.4712 915466966.8447 155670.8449 233095.6467 21332032.1894 67419446.7981 76797969.8304 76975395.1093 76975395.1093 76975395.1093 76975395.1093 76975395.1093 76975395.1093 0.4786 0.1268 0.0290 0.0236 0.0223 0.0223 0.0223 0.0223 0.0223 0.0223 0.0223 0.0267 0.0529 0.6088 1.3854 1.5348 1.5376 1.5376 1.5376 1.5376 1.5376 1.5376 1.5376 0.1037 0.0730 0.0581 0.0563 0.0563 0.0563 0.0563 0.0563 0.0563 0.0563 0.0768  
87673 12 0.9379 0.9537 0.0026 0.0025 10723249.0046 61041.2823 3655709575.6996 899264.9428 9787446.8748 202221213.6522 3024549792.5190 3192349249.7410 1646223524.2285 1124775569.6878 653760520.1195 283337026.8445 99379925.6868 40750567.3570 458.6990 0.1632 0.0080 0.0025 0.0026 0.0028 0.0029 0.0029 0.0029 0.0030 0.0031 0.0029 0.0184 0.1356 0.2769 0.3802 0.4349 0.4701 0.5127 0.5465 0.5634 0.5688 1.1640 0.1889 0.0803 0.0732 0.0714 0.0672 0.0660 0.0659 0.0658 0.0657 0.0653 0.0661  
87673 15 0.9515 0.9420 0.0002 0.0002 4007149.5389 0.0000 1713674372.6821 849712.6654 1056360324.3263 15132081146.0061 29096040091.4301 12192780609.1826 1929702747.7181 609381175.7144 515684526.4032 512862091.6779 511822409.4905 510564171.3770 0.0000 0.0730 0.0002 0.0001 0.0002 0.0002 0.0002 0.0002 0.0002 0.0002 0.0002 0.0000 0.0045 0.0337 0.0592 0.0853 0.1005 0.1024 0.1026 0.1027 0.1028 0.1030 1.6453 0.2798 0.1794 0.1611 0.1601 0.1537 0.1376 0.1334 0.1333 0.1333 0.1333 0.0000  
87673 29 0.9708 0.9295 0.0274 0.0360 5903283.1711 227097.5403 39997736.5722 14924.2497 1193519.6289 10813771.5306 141893246.5656 338204974.5850 354231033.8585 196684624.3014 84485870.8498 23921449.4399 3800589.5500 589500.8192 65.1804 2.1439 0.4466 0.0427 0.0271 0.0294 0.0458 0.0644 0.0712 0.0742 0.0833 0.0234 0.0010 0.0099 0.0325 0.0678 0.1129 0.1628 0.2161 0.2679 0.3137 0.3560 2.5550 0.2508 0.1181 0.0822 0.0733 0.0668 0.0618 0.0573 0.0557 0.0555 0.0555 0.0671  
87673 30 1.0118 0.9464 0.0210 0.0317 85851849.6918 50704.3710 525821684.0897 129462.3236 1419829.9009 42504097.9490 47690757.6218 38102031.9160 57033081.4693 67047031.8473 68535817.1617 68599359.3956 68599359.3956 68599359.3956 3.0192 0.0484 0.6908 1.4397 0.5837 0.0548 0.0211 0.0188 0.0187 0.0187 0.0187 1.1857 0.0091 0.1156 0.3985 0.8371 1.2571 1.4233 1.4453 1.4461 1.4461 1.4461 1.4461 0.1756 0.1283 0.0996 0.0701 0.0587 0.0565 0.0563 0.0563 0.0563 0.0563 0.0770  
87673 35 0.8310 0.7805 0.1263 0.5010 4679133.2834 99916.9585 27333823.9373 3609.8736 727771.3289 12020413.9252 9510694.1558 6088795.8982 5284015.8729 6032866.5302 6331766.3909 6346149.9788 6253967.1843 6147079.5659 2.3469 0.2339 0.6765 1.0218 0.5079 0.3632 0.1275 0.0416 0.0267 0.0255 0.0254 0.1614 0.0142 0.1164 0.2522 0.3538 0.4235 0.4826 0.5056 0.5112 0.5153 0.5197 1.4702 0.1282 0.1106 0.0855 0.0766 0.0701 0.0670 0.0661 0.0659 0.0658 0.0658 0.0993  
87673 36 0.8461 0.9188 0.0538 0.0933 46512761.0626 386763.9753 69142763.8718 268019.1876 8098200155.0088 8722033699.4492 2311357677.7389 2275556772.9587 2185431274.6781 1978253503.9161 1658489256.6344 1286700310.3019 934336480.4888 707562001.0510 0.1310 0.0926 0.0934 0.1247 0.1281 0.1281 0.1281 0.1281 0.1281 0.1281 0.1281 0.1363 0.0007 0.0051 0.0076 0.0077 0.0082 0.0095 0.0115 0.0137 0.0159 0.0173 1.4359 0.1946 0.1859 0.1345 0.1338 0.1338 0.1338 0.1338 0.1338 0.1338 0.1338 0.0998  
96433 4 1.0255 1.0177 0.0244 0.0239 19028131.4749 14619862.6049 932043731.2471 164420.1983 211481.2143 21065372.0502 68879304.1165 78893953.5614 79085677.6626 79085677.6626 79085677.6626 79085677.6626 79085677.6626 79085677.6626 0.4752 0.1296 0.0326 0.0251 0.0229 0.0229 0.0229 0.0229 0.0229 0.0229 0.0229 0.0326 0.0529 0.6088 1.3854 1.5348 1.5376 1.5376 1.5376 1.5376 1.5376 1.5376 1.5376 0.1034 0.0724 0.0582 0.0563 0.0563 0.0563 0.0563 0.0563 0.0563 0.0563 0.0762  
96433 12 0.9387 0.9553 0.0028 0.0027 10760477.9741 74497.7636 3447614979.4216 843454.4812 15557550.4288 206680070.3261 2694470330.5432 2919089467.7277 1605105718.7729 1116293171.2531 649267753.7901 281269429.2810 98516717.1253 40271285.3703 457.5645 0.1365 0.0089 0.0026 0.0028 0.0030 0.0031 0.0031 0.0031 0.0031 0.0033 0.0030 0.0184 0.1356 0.2769 0.3802 0.4349 0.4701 0.5127 0.5465 0.5634 0.5688 1.1640 0.1871 0.0840 0.0732 0.0712 0.0671 0.0659 0.0659 0.0658 0.0657 0.0654 0.0663  
96433 15 0.9728 0.9654 0.0003 0.0002 3936429.4432 0.0000 1636627666.4353 808481.0165 958384941.2458 14052973635.1483 28036603799.2485 11735103641.6184 1829916723.9539 555637009.2931 465223149.7641 462525962.9795 461588322.9355 460453577.6697 0.0000 0.0603 0.0002 0.0002 0.0002 0.0002 0.0002 0.0002 0.0002 0.0002 0.0002 0.0000 0.0045 0.0337 0.0592 0.0853 0.1005 0.1024 0.1026 0.1027 0.1028 0.1030 1.6453 0.2882 0.1766 0.1610 0.1602 0.1541 0.1379 0.1335 0.1333 0.1333 0.1333 0.0000  
96433 29 0.7590 0.9287 0.0411 0.0523 7074337.9406 225038.2316 35604938.2510 14488.7694 3308255.2188 13740660.2419 118590480.9129 302149154.5513 327066117.6772 177291675.3034 73435863.1374 20513721.4683 3253410.0852 504582.5765 61.3126 2.1976 0.7682 0.0810 0.0347 0.0358 0.0606 0.0906 0.1019 0.1054 0.1138 0.0267 0.0010 0.0099 0.0325 0.0678 0.1129 0.1628 0.2161 0.2679 0.3137 0.3560 2.5550 0.2538 0.1443 0.0824 0.0727 0.0668 0.0620 0.0574 0.0558 0.0555 0.0555 0.0670  
96433 30 1.0094 0.9219 0.0174 0.0282 69609366.0644 46344.3441 518317245.4684 130991.8615 945800.0535 25237573.3024 23436960.5969 21963371.0451 49900720.2201 67443688.0856 70235849.6802 70357410.0149 70357410.0149 70357410.0149 1.3230 0.0607 0.9078 1.9155 0.6588 0.0449 0.0203 0.0188 0.0187 0.0187 0.0187 1.6603 0.0091 0.1156 0.3985 0.8371 1.2571 1.4233 1.4453 1.4461 1.4461 1.4461 1.4461 0.1763 0.1299 0.1013 0.0682 0.0578 0.0564 0.0563 0.0563 0.0563 0.0563 0.0777  
96433 35 0.6472 0.9104 0.1401 0.5072 3609710.1564 101480.9120 26441365.3237 2999.7531 839946.2773 12974948.3311 6665966.6269 4012644.0126 4068714.5290 5263750.9036 5727600.8027 5774567.1209 5693433.0040 5596635.8935 2.1155 0.2587 0.5768 1.1371 0.5015 0.2943 0.0968 0.0389 0.0295 0.0288 0.0287 0.1495 0.0142 0.1164 0.2522 0.3538 0.4235 0.4826 0.5056 0.5112 0.5153 0.5197 1.4702 0.1306 0.1119 0.0874 0.0767 0.0692 0.0666 0.0660 0.0659 0.0658 0.0658 0.1021  
96433 36 0.7696 0.9303 0.0199 0.0706 21189143.7603 379047.7992 62745851.9673 226774.8689 7343278401.0790 7895619411.0758 2073235481.6240 2040903642.4006 1960069875.7642 1774251656.7702 1487454368.1497 1153996007.3356 837960078.1457 634565526.1253 0.1068 0.0623 0.0630 0.0943 0.0976 0.0976 0.0976 0.0976 0.0976 0.0976 0.0976 0.1038 0.0007 0.0051 0.0076 0.0077 0.0082 0.0095 0.0115 0.0137 0.0159 0.0173 1.4359 0.1944 0.1860 0.1343 0.1337 0.1337 0.1337 0.1336 0.1336 0.1336 0.1336 0.0997  
