8761 4 0.7766 0.8189 0.1442 0.1803 24183330.0260 22375022.1702 256396426.3784 27413.9915 378391.7325 31175114.7574 30291438.5040 12746350.0644 12245285.3581 12245285.3581 12245285.3581 12245285.3581 12245285.3581 12245285.3581 0.9234 0.3886 0.2192 0.2102 0.1955 0.1940 0.1940 0.1940 0.1940 0.1940 0.1940 0.2035 0.0529 0.6088 1.3854 1.5348 1.5376 1.5376 1.5376 1.5376 1.5376 1.5376 1.5376 0.1027 0.0751 0.0634 0.0567 0.0563 0.0563 0.0563 0.0563 0.0563 0.0563 0.0768  
8761 12 1.6240 0.6919 0.0179 0.0303 16472222.3715 3448157.8470 1305951644.2399 42882.7541 758321894.4325 4122675795.0563 1542249622.4703 338003593.9092 95378715.7606 56203355.6705 35187438.2602 19052877.2512 11039655.2903 8483447.1105 421.5202 0.5689 0.0186 0.0267 0.0416 0.0465 0.0477 0.0486 0.0503 0.0529 0.0547 0.0341 0.0184 0.1356 0.2769 0.3802 0.4349 0.4701 0.5127 0.5465 0.5634 0.5688 1.1640 0.1877 0.1143 0.0855 0.0731 0.0675 0.0657 0.0651 0.0639 0.0622 0.0610 0.1009  
8761 15 0.0048 0.6895 0.0010 0.0017 6269285.6769 0.0000 1158111500.1009 2892.5472 1497762221.7485 14412063617.0541 6610340997.6116 3490113166.0292 1747291595.7442 1523081431.8857 1506496660.7807 1504846040.6932 1501796860.0705 1498106697.9855 0.0000 0.8970 0.0024 0.0017 0.0018 0.0018 0.0018 0.0019 0.0020 0.0025 0.0030 0.0000 0.0045 0.0337 0.0592 0.0853 0.1005 0.1024 0.1026 0.1027 0.1028 0.1030 1.6453 0.2648 0.2032 0.1622 0.1519 0.1373 0.1336 0.1333 0.1333 0.1333 0.1333 0.0000  
8761 29 0.5648 0.6766 0.0556 0.0857 69976214.8238 174564557.6341 176995009.9364 72282.6216 4328916.9774 438483408.3299 935672438.5326 779199607.0164 499037648.2109 334097370.0693 232000519.2172 161297346.9210 131576224.5765 120759120.5982 71.1744 4.2490 0.9885 0.1844 0.0544 0.0410 0.0772 0.2598 0.5543 0.7295 0.7993 0.0369 0.0010 0.0099 0.0325 0.0678 0.1129 0.1628 0.2161 0.2679 0.3137 0.3560 2.5550 0.1499 0.1159 0.1003 0.0811 0.0678 0.0593 0.0537 0.0494 0.0466 0.0448 0.0671  
8761 30 0.1249 0.8888 0.0170 0.0370 21058948.5395 32249.5508 168765214.6645 3906.0940 7.2674 3242.9733 913321.8206 9783784.9032 19832191.0606 21582967.7686 21549527.1699 21541067.1824 21541067.1824 21541067.1824 0.4624 1.1407 3.3934 0.8801 0.2045 0.0635 0.0303 0.0246 0.0243 0.0243 0.0243 0.2502 0.0091 0.1156 0.3985 0.8371 1.2571 1.4233 1.4453 1.4461 1.4461 1.4461 1.4461 0.1307 0.0835 0.0684 0.0635 0.0594 0.0568 0.0563 0.0563 0.0563 0.0563 0.0661  
8761 35 1.0663 0.4794 0.2688 0.5435 12269137.3789 1749526.9296 107345824.8483 13387.2200 4762890.4056 59174049.4958 62777204.2931 65887525.5524 45181444.6754 22950044.0133 14407417.1287 12823001.4800 12513377.9817 12283844.2295 12.0269 0.4555 1.5591 1.6891 0.2557 0.1892 0.1306 0.0627 0.0421 0.0403 0.0401 0.0619 0.0142 0.1164 0.2522 0.3538 0.4235 0.4826 0.5056 0.5112 0.5153 0.5197 1.4702 0.1348 0.1131 0.0843 0.0758 0.0726 0.0699 0.0669 0.0660 0.0658 0.0658 0.0986  
8761 36 1.2225 0.5676 0.0436 0.1002 145651383.3188 1865116.9057 221931987.1943 215657.2555 41305353524.7781 41649535779.5242 6969279275.9150 6814783575.8093 6545004717.3848 5924845235.3915 4967672900.0610 3854771451.0905 2800016543.7682 2121196881.6970 1.0938 1.1611 0.1336 0.1457 0.1459 0.1459 0.1459 0.1459 0.1460 0.1460 0.1460 0.1700 0.0007 0.0051 0.0076 0.0077 0.0082 0.0095 0.0115 0.0137 0.0159 0.0173 1.4359 0.1898 0.1845 0.1301 0.1289 0.1289 0.1289 0.1289 0.1289 0.1289 0.1289 0.0960  
17545 4 3.6919 1.6924 0.0538 0.0593 16365069.0391 4649312.1473 473630593.7882 18030.0989 605277.0740 51177457.3823 56398776.2033 30057179.4636 29287093.8723 29287093.8723 29287093.8723 29287093.8723 29287093.8723 29287093.8723 1.3753 0.1278 0.0528 0.0482 0.0403 0.0397 0.0397 0.0397 0.0397 0.0397 0.0397 0.0543 0.0529 0.6088 1.3854 1.5348 1.5376 1.5376 1.5376 1.5376 1.5376 1.5376 1.5376 0.1024 0.0746 0.0624 0.0566 0.0563 0.0563 0.0563 0.0563 0.0563 0.0563 0.0767  
17545 12 2.3911 2.2868 0.0082 0.0124 18168927.7874 211993.1412 3827027634.7454 681237.4210 2593572644.3992 12369213454.4812 5620743611.2305 1667776258.0889 295528639.0598 108989634.4911 63353161.2341 30871121.8213 14739587.8518 9596198.4229 1172.8440 0.1052 0.0034 0.0075 0.0128 0.0155 0.0166 0.0168 0.0171 0.0177 0.0182 0.0033 0.0184 0.1356 0.2769 0.3802 0.4349 0.4701 0.5127 0.5465 0.5634 0.5688 1.1640 0.1877 0.1121 0.0833 0.0742 0.0697 0.0660 0.0654 0.0646 0.0630 0.0616 0.1021  
17545 15 1.0589 1.0354 0.0004 0.0006 1326768.9605 142458.2622 1172445014.6771 415665.0542 1709788651.4396 14032148991.9603 8766056183.9460 4276781117.7559 1680947861.7325 1346999711.5805 1322734763.3385 1321036259.2280 1318358541.3837 1315117929.2067 0.0000 0.0119 0.0004 0.0004 0.0005 0.0005 0.0005 0.0005 0.0005 0.0005 0.0005 0.0000 0.0045 0.0337 0.0592 0.0853 0.1005 0.1024 0.1026 0.1027 0.1028 0.1030 1.6453 0.2792 0.1982 0.1619 0.1548 0.1395 0.1338 0.1333 0.1333 0.1333 0.1333 0.0000  
17545 29 0.7553 0.8780 0.0337 0.0601 16783236.1722 930421.9566 157742557.7794 104008.2349 1332783.5832 159645527.9738 666228281.4572 778727176.0575 512656504.1461 328605038.2398 217611362.4279 144113090.5605 111979749.4376 98540742.2976 74.5600 2.7643 0.5583 0.1897 0.0279 0.0080 0.0106 0.0288 0.0688 0.1160 0.1589 0.0057 0.0010 0.0099 0.0325 0.0678 0.1129 0.1628 0.2161 0.2679 0.3137 0.3560 2.5550 0.1994 0.1104 0.0924 0.0798 0.0683 0.0598 0.0544 0.0501 0.0470 0.0451 0.0671  
17545 30 1.9134 2.1260 0.0030 0.0072 3894164.9152 1796953.7351 184510185.9858 37312.4378 3306753.6500 85777917.2935 134020764.1634 49865685.0294 20162108.1036 21901890.1654 22758458.0765 22803358.1551 22803358.1551 22803358.1551 6.9633 0.0039 0.0189 0.0716 0.0681 0.0082 0.0041 0.0034 0.0034 0.0034 0.0034 0.1415 0.0091 0.1156 0.3985 0.8371 1.2571 1.4233 1.4453 1.4461 1.4461 1.4461 1.4461 0.1868 0.1297 0.1020 0.0790 0.0591 0.0564 0.0563 0.0563 0.0563 0.0563 0.0862  
17545 35 0.9462 0.8066 0.2313 0.2967 10992498.1727 1586.7647 96083544.7951 10218.7806 1067632.6547 18394091.9565 39928895.0817 57463825.3604 42673428.4760 21689058.4256 13550253.2356 12041209.2461 11748405.6274 11532189.5180 5.2133 0.3335 1.0785 0.6598 0.1876 0.1805 0.1178 0.0369 0.0109 0.0086 0.0084 0.0627 0.0142 0.1164 0.2522 0.3538 0.4235 0.4826 0.5056 0.5112 0.5153 0.5197 1.4702 0.1294 0.1092 0.0817 0.0748 0.0726 0.0701 0.0670 0.0660 0.0659 0.0658 0.0949  
17545 36 0.8814 0.8546 0.0533 0.0991 128550529.2856 700941.2459 191574263.2478 717613.7523 30916656435.3807 31744687927.0211 6185301941.3259 6064017324.5569 5823939044.7902 5272054354.6282 4420259336.2300 3429879782.6695 2491245282.9695 1887158448.1309 0.8614 0.0983 0.0987 0.1322 0.1343 0.1343 0.1343 0.1343 0.1343 0.1343 0.1343 0.1390 0.0007 0.0051 0.0076 0.0077 0.0082 0.0095 0.0115 0.0137 0.0159 0.0173 1.4359 0.1946 0.1884 0.1348 0.1338 0.1338 0.1338 0.1338 0.1338 0.1338 0.1338 0.0999  
26305 4 1.5562 1.2661 0.0290 0.0442 17905997.3211 26914665.5142 655182801.4105 66564.5330 584295.5817 47093809.0247 64771453.3563 47213409.4735 46687332.3498 46687332.3498 46687332.3498 46687332.3498 46687332.3498 46687332.3498 0.9342 0.1191 0.0531 0.0465 0.0382 0.0378 0.0378 0.0378 0.0378 0.0378 0.0378 0.0525 0.0529 0.6088 1.3854 1.5348 1.5376 1.5376 1.5376 1.5376 1.5376 1.5376 1.5376 0.1024 0.0740 0.0612 0.0564 0.0563 0.0563 0.0563 0.0563 0.0563 0.0563 0.0768  
26305 12 0.9744 0.9410 0.0052 0.0067 27717036.1843 289925.9649 5829722149.9757 1628911.6484 112137398.5205 4221574145.5212 9641020566.1869 5396113394.6998 933970110.8378 293463440.6354 163423785.1103 73663507.4940 29086949.0907 14878135.9122 363.8381 0.0200 0.0032 0.0051 0.0068 0.0074 0.0080 0.0082 0.0084 0.0091 0.0099 0.0036 0.0184 0.1356 0.2769 0.3802 0.4349 0.4701 0.5127 0.5465 0.5634 0.5688 1.1640 0.1201 0.0938 0.0794 0.0738 0.0707 0.0663 0.0657 0.0653 0.0642 0.0629 0.0942  
26305 15 1.3715 1.2335 0.0006 0.0005 3087440.1348 0.0000 1267542163.4646 440165.4270 3228721666.1086 23377133866.9016 10980141402.2079 5006823297.8640 1628599708.6887 1193998845.5498 1162685726.8376 1160936626.5824 1158583244.8881 1155735148.9894 0.0000 0.0450 0.0004 0.0004 0.0005 0.0006 0.0006 0.0006 0.0006 0.0006 0.0006 0.0000 0.0045 0.0337 0.0592 0.0853 0.1005 0.1024 0.1026 0.1027 0.1028 0.1030 1.6453 0.2825 0.2024 0.1622 0.1563 0.1412 0.1340 0.1333 0.1333 0.1333 0.1333 0.0000  
26305 29 1.2132 0.8898 0.0177 0.0530 21665812.2107 966566.4862 135039618.6334 78552.5484 165323.9897 43785069.5713 482594002.6033 708007036.7668 511089061.5659 321994830.0717 201463467.4021 123872996.9632 89112478.2825 73391560.0997 78.0184 4.5678 0.9899 0.1645 0.0223 0.0091 0.0149 0.0434 0.1081 0.1832 0.2501 0.0065 0.0010 0.0099 0.0325 0.0678 0.1129 0.1628 0.2161 0.2679 0.3137 0.3560 2.5550 0.2453 0.1013 0.0857 0.0783 0.0681 0.0601 0.0547 0.0504 0.0472 0.0454 0.0671  
26305 30 1.5022 1.2638 0.0041 0.0197 37291079.3701 4017200.7411 270156806.0724 71394.5799 4125241.9694 82755455.3949 180454167.3545 121628002.7001 52362345.9384 27974348.3006 24662258.1532 24525499.1667 24525499.1667 24525499.1667 12.4550 0.0066 0.0722 0.2167 0.1924 0.0466 0.0084 0.0067 0.0067 0.0067 0.0067 0.2718 0.0091 0.1156 0.3985 0.8371 1.2571 1.4233 1.4453 1.4461 1.4461 1.4461 1.4461 0.1921 0.1271 0.0940 0.0754 0.0628 0.0570 0.0563 0.0563 0.0563 0.0563 0.0815  
26305 35 0.8803 0.8974 0.2527 0.3285 9857339.1028 3141.4261 78983803.0615 9668.9882 938877.6077 13040187.0257 30381091.3088 49430196.2604 37944910.6222 19696392.6756 12595231.5817 11273625.2963 11006042.2295 10803893.3609 3.6067 0.3993 1.3469 0.8233 0.1962 0.1817 0.1181 0.0375 0.0121 0.0099 0.0096 0.0600 0.0142 0.1164 0.2522 0.3538 0.4235 0.4826 0.5056 0.5112 0.5153 0.5197 1.4702 0.1345 0.1111 0.0814 0.0745 0.0726 0.0700 0.0669 0.0660 0.0659 0.0658 0.0960  
26305 36 0.8565 0.8652 0.0560 0.0990 112759151.3553 687805.3928 163955276.2767 632517.5812 23988384592.0822 24967044084.9738 5370226469.0710 5272792971.1759 5064026752.8430 4584121282.5255 3843421103.6474 2982211192.1046 2165997517.3969 1640698335.1968 0.6770 0.0985 0.0990 0.1333 0.1356 0.1356 0.1356 0.1356 0.1356 0.1356 0.1356 0.1409 0.0007 0.0051 0.0076 0.0077 0.0082 0.0095 0.0115 0.0137 0.0159 0.0173 1.4359 0.1946 0.1877 0.1347 0.1338 0.1338 0.1338 0.1338 0.1338 0.1338 0.1338 0.0999  
35065 4 1.2806 1.1655 0.0403 0.0404 30805557.9984 5489925.4272 786156331.0047 103586.3764 600494.4503 44461834.0933 70873459.8373 61869686.4255 61592500.8982 61592500.8982 61592500.8982 61592500.8982 61592500.8982 61592500.8982 0.9590 0.1289 0.0466 0.0418 0.0380 0.0378 0.0378 0.0378 0.0378 0.0378 0.0378 0.0432 0.0529 0.6088 1.3854 1.5348 1.5376 1.5376 1.5376 1.5376 1.5376 1.5376 1.5376 0.1024 0.0741 0.0604 0.0564 0.0563 0.0563 0.0563 0.0563 0.0563 0.0563 0.0767  
35065 12 0.9583 0.9482 0.0021 0.0022 11166530.3715 31435.4915 6168538828.8992 1587266.8350 3237495.8103 990966646.3247 8544156459.1162 6745501054.0827 1616941522.4633 743718753.8418 423908222.0389 185497254.2945 67099004.5111 29362966.8898 309.0265 0.0235 0.0014 0.0016 0.0018 0.0019 0.0020 0.0020 0.0021 0.0022 0.0024 0.0032 0.0184 0.1356 0.2769 0.3802 0.4349 0.4701 0.5127 0.5465 0.5634 0.5688 1.1640 0.1074 0.0838 0.0750 0.0730 0.0698 0.0662 0.0658 0.0657 0.0652 0.0644 0.0726  
35065 15 1.1925 1.0927 0.0003 0.0005 4846847.3534 0.0000 1329944066.0592 603694.0686 3429290741.5914 27312954388.4735 13414494579.3818 5891848760.8330 1613719061.8714 1063347347.4272 1023905940.0371 1022061304.3717 1019989400.8358 1017481953.8099 0.0000 0.0317 0.0004 0.0004 0.0005 0.0005 0.0005 0.0005 0.0005 0.0005 0.0005 0.0000 0.0045 0.0337 0.0592 0.0853 0.1005 0.1024 0.1026 0.1027 0.1028 0.1030 1.6453 0.2759 0.2000 0.1624 0.1575 0.1435 0.1343 0.1333 0.1333 0.1333 0.1333 0.0000  
35065 29 0.9590 0.9136 0.0157 0.0236 31397143.5621 922110.3615 106047945.5669 95300.4267 28674.8157 26604492.5240 400277443.6280 638676504.5843 496110776.0697 307989808.3836 178985192.3305 95281033.8888 58720279.6104 43193653.5407 78.6241 5.9301 0.4351 0.0376 0.0131 0.0124 0.0265 0.0826 0.2197 0.3725 0.4857 0.0089 0.0010 0.0099 0.0325 0.0678 0.1129 0.1628 0.2161 0.2679 0.3137 0.3560 2.5550 0.2932 0.0934 0.0837 0.0774 0.0677 0.0603 0.0551 0.0509 0.0477 0.0459 0.0670  
35065 30 0.8245 0.9648 0.0029 0.0292 71373582.1543 1581322.1601 395995550.7183 107252.3848 2293311.3034 51140334.7089 101901840.3573 109808352.9371 81687752.6204 44498717.1425 37228291.3428 36885322.1400 36885322.1400 36885322.1400 10.6752 0.0147 0.2151 0.5655 0.2835 0.0617 0.0171 0.0106 0.0103 0.0103 0.0103 0.4071 0.0091 0.1156 0.3985 0.8371 1.2571 1.4233 1.4453 1.4461 1.4461 1.4461 1.4461 0.1877 0.1271 0.0908 0.0703 0.0622 0.0575 0.0563 0.0563 0.0563 0.0563 0.0752  
35065 35 0.9079 0.8608 0.2537 0.2997 9202092.4568 3662.5287 74665933.6413 8511.3126 448539.1117 6471300.0987 21115706.6509 39704068.6755 31725470.3796 17230528.1511 11568880.0805 10505732.3412 10268986.4843 10081715.7927 2.0344 0.4287 1.3103 0.6426 0.2164 0.2061 0.1288 0.0400 0.0134 0.0111 0.0108 0.0774 0.0142 0.1164 0.2522 0.3538 0.4235 0.4826 0.5056 0.5112 0.5153 0.5197 1.4702 0.1344 0.1099 0.0800 0.0742 0.0725 0.0698 0.0669 0.0660 0.0658 0.0658 0.0940  
35065 36 0.8549 0.8825 0.0544 0.0952 91874465.0776 697526.9691 140399295.9920 541782.3511 19701662675.1687 20616349222.5844 4598956871.9335 4517835944.6462 4338952699.8205 3927741305.3282 3293065578.1486 2555129983.6505 1855749826.2954 1405642414.5160 0.5352 0.0934 0.0939 0.1272 0.1299 0.1299 0.1299 0.1299 0.1299 0.1299 0.1299 0.1352 0.0007 0.0051 0.0076 0.0077 0.0082 0.0095 0.0115 0.0137 0.0159 0.0173 1.4359 0.1946 0.1873 0.1346 0.1338 0.1338 0.1338 0.1338 0.1338 0.1338 0.1338 0.0998  
43825 4 1.0888 1.0374 0.0338 0.0330 22471316.9875 16897610.4461 830060611.2924 132656.2857 312474.7700 25342357.1685 63924622.8020 69515823.3320 69621058.1774 69621058.1774 69621058.1774 69621058.1774 69621058.1774 69621058.1774 0.4849 0.1385 0.0404 0.0336 0.0306 0.0305 0.0305 0.0305 0.0305 0.0305 0.0305 0.0421 0.0529 0.6088 1.3854 1.5348 1.5376 1.5376 1.5376 1.5376 1.5376 1.5376 1.5376 0.1023 0.0727 0.0589 0.0563 0.0563 0.0563 0.0563 0.0563 0.0563 0.0563 0.0762  
43825 12 0.9495 0.9498 0.0017 0.0017 10970060.7475 17547.6151 6072997309.9252 1521113.4109 198753.2753 432915181.4028 6823817427.1180 6211061066.9371 2110939229.9941 1228354914.1249 708713065.0612 307804848.9290 108708538.1111 45253734.1326 494.3569 0.1164 0.0015 0.0016 0.0016 0.0018 0.0019 0.0019 0.0019 0.0019 0.0021 0.0027 0.0184 0.1356 0.2769 0.3802 0.4349 0.4701 0.5127 0.5465 0.5634 0.5688 1.1640 0.1265 0.0767 0.0737 0.0725 0.0685 0.0660 0.0659 0.0658 0.0656 0.0651 0.0660  
43825 15 1.0596 1.0349 0.0003 0.0005 4756905.4931 0.0000 1360180587.0646 719914.0492 2829500808.1223 28760409089.5599 15339332954.7300 6599015558.2823 1591918468.4785 947766776.7470 901745695.8579 899831726.5342 898007587.5199 895799988.6355 0.0000 0.0346 0.0004 0.0004 0.0005 0.0005 0.0005 0.0005 0.0005 0.0005 0.0005 0.0000 0.0045 0.0337 0.0592 0.0853 0.1005 0.1024 0.1026 0.1027 0.1028 0.1030 1.6453 0.2706 0.1983 0.1623 0.1583 0.1454 0.1346 0.1334 0.1333 0.1333 0.1333 0.0000  
43825 29 0.9022 0.9196 0.0153 0.0179 25045766.4708 1003643.3966 83828065.8293 91394.6503 15818.8539 21672444.4542 337049343.7696 575531243.1837 479382992.0027 293191693.5377 157990960.1179 70341331.2292 34739387.3733 22441353.5369 78.5580 6.1115 0.2645 0.0170 0.0123 0.0135 0.0280 0.0875 0.2606 0.4809 0.6108 0.0098 0.0010 0.0099 0.0325 0.0678 0.1129 0.1628 0.2161 0.2679 0.3137 0.3560 2.5550 0.3057 0.0905 0.0832 0.0766 0.0675 0.0606 0.0557 0.0519 0.0484 0.0466 0.0670  
43825 30 1.3991 1.0795 0.0295 0.0365 84859740.8901 53995.4874 472931212.7849 88425.7170 3739767.8117 68476168.2550 99882324.1174 83709608.3470 76336685.3841 57579070.9412 53105440.9942 52873701.2409 52873701.2409 52873701.2409 7.5693 0.0262 0.3227 0.8169 0.3726 0.0663 0.0258 0.0187 0.0184 0.0184 0.0184 0.7463 0.0091 0.1156 0.3985 0.8371 1.2571 1.4233 1.4453 1.4461 1.4461 1.4461 1.4461 0.1883 0.1298 0.0958 0.0700 0.0606 0.0571 0.0563 0.0563 0.0563 0.0563 0.0783  
43825 35 0.8157 0.9246 0.2170 0.4336 8510981.2623 19726.1330 60446593.9813 7727.5779 814411.9796 9143725.2175 17407502.0563 33222878.0494 27040177.2989 15258396.0927 10649299.3505 9776240.9858 9564660.2634 9391182.9409 2.0067 0.4599 1.5489 1.1570 0.2461 0.2199 0.1335 0.0405 0.0142 0.0119 0.0117 0.0599 0.0142 0.1164 0.2522 0.3538 0.4235 0.4826 0.5056 0.5112 0.5153 0.5197 1.4702 0.1362 0.1130 0.0814 0.0742 0.0724 0.0696 0.0668 0.0660 0.0658 0.0658 0.0987  
43825 36 0.8646 0.8873 0.0543 0.0941 80062631.8115 682058.8085 121903404.5916 463184.0321 16036036867.9931 16958588347.6079 4045710275.9693 3977919268.1760 3820405412.0386 3458317322.0190 2899459943.9928 2249678120.2725 1633845901.7704 1237508312.0732 0.4239 0.0932 0.0938 0.1255 0.1283 0.1283 0.1283 0.1283 0.1283 0.1283 0.1283 0.1332 0.0007 0.0051 0.0076 0.0077 0.0082 0.0095 0.0115 0.0137 0.0159 0.0173 1.4359 0.1946 0.1869 0.1346 0.1338 0.1338 0.1338 0.1338 0.1338 0.1338 0.1338 0.0998  
52609 4 0.9977 0.9929 0.0291 0.0283 19894827.7432 15341787.1899 829999337.8212 144432.8060 170112.0241 16163098.3760 58590533.3878 70630000.9077 70905291.9762 70905291.9762 70905291.9762 70905291.9762 70905291.9762 70905291.9762 0.3230 0.1338 0.0334 0.0282 0.0271 0.0271 0.0271 0.0271 0.0271 0.0271 0.0271 0.0336 0.0529 0.6088 1.3854 1.5348 1.5376 1.5376 1.5376 1.5376 1.5376 1.5376 1.5376 0.1017 0.0718 0.0579 0.0563 0.0563 0.0563 0.0563 0.0563 0.0563 0.0563 0.0758  
52609 12 0.9421 0.9504 0.0017 0.0016 10883145.7318 19167.9153 5818489089.7051 1444306.6556 93267.6357 307112677.7505 5615330675.9192 5518960473.4699 2342536759.4640 1501473237.0192 870018256.0498 377003854.7358 132166531.0595 54133943.1980 606.0629 0.2434 0.0016 0.0016 0.0017 0.0018 0.0019 0.0019 0.0019 0.0019 0.0020 0.0024 0.0184 0.1356 0.2769 0.3802 0.4349 0.4701 0.5127 0.5465 0.5634 0.5688 1.1640 0.1784 0.0739 0.0733 0.0720 0.0677 0.0660 0.0659 0.0658 0.0657 0.0653 0.0658  
52609 15 1.0608 1.0298 0.0005 0.0006 4905535.7272 0.0000 1389237452.4113 762806.7408 3078503672.3869 30123576903.6646 16473254426.8367 6990767563.4167 1544605338.9936 843968931.5075 794001071.6620 792073562.3364 790467863.8887 788524624.8758 0.0000 0.0300 0.0005 0.0005 0.0006 0.0006 0.0006 0.0006 0.0006 0.0006 0.0006 0.0000 0.0045 0.0337 0.0592 0.0853 0.1005 0.1024 0.1026 0.1027 0.1028 0.1030 1.6453 0.2704 0.1980 0.1623 0.1588 0.1469 0.1349 0.1334 0.1333 0.1333 0.1333 0.0000  
52609 29 0.8363 0.9199 0.0194 0.0205 21511047.2736 869268.8779 66935871.2064 82458.3246 15052.3142 16846029.1425 268537850.2166 514968133.0902 473576131.0025 281868131.9328 138492845.1439 49258638.8608 16345018.4736 8349135.6320 81.3300 6.2029 0.2997 0.0173 0.0140 0.0170 0.0340 0.0959 0.3124 0.7117 0.9478 0.0127 0.0010 0.0099 0.0325 0.0678 0.1129 0.1628 0.2161 0.2679 0.3137 0.3560 2.5550 0.3104 0.0916 0.0829 0.0755 0.0672 0.0609 0.0563 0.0532 0.0496 0.0474 0.0671  
52609 30 1.0482 0.8906 0.0145 0.0354 88396497.5922 149461.7126 506246136.5611 123712.6603 1923448.7276 34786330.5204 39966686.6914 53014995.5389 72442462.4030 64054223.4641 61005851.4871 60831712.4619 60831712.4619 60831712.4619 3.2422 0.0357 0.6207 1.4491 0.4885 0.0645 0.0233 0.0180 0.0177 0.0177 0.0177 1.1836 0.0091 0.1156 0.3985 0.8371 1.2571 1.4233 1.4453 1.4461 1.4461 1.4461 1.4461 0.1843 0.1303 0.0958 0.0676 0.0596 0.0569 0.0563 0.0563 0.0563 0.0563 0.0762  
52609 35 0.9238 0.8521 0.1930 0.3931 7727219.9152 22749.4633 56878877.1741 6303.3934 496958.8496 4340875.8557 12814548.5117 25183246.9797 21128580.3199 12904476.9855 9678814.5583 9054242.0973 8872285.8431 8713086.3587 1.1943 0.4864 1.5789 0.8970 0.2741 0.2513 0.1435 0.0424 0.0158 0.0136 0.0133 0.0897 0.0142 0.1164 0.2522 0.3538 0.4235 0.4826 0.5056 0.5112 0.5153 0.5197 1.4702 0.1373 0.1126 0.0801 0.0740 0.0722 0.0693 0.0666 0.0659 0.0658 0.0658 0.0953  
52609 36 0.8572 0.8836 0.0546 0.0941 69890482.6915 589402.9018 104744200.6464 400490.4685 13080843053.9073 13948678869.8676 3495982220.0509 3439542200.7324 3303340829.5908 2990245235.6128 2507004313.0600 1945141518.9203 1412634762.8587 1069923813.6930 0.3353 0.0934 0.0941 0.1266 0.1291 0.1291 0.1291 0.1291 0.1291 0.1291 0.1291 0.1348 0.0007 0.0051 0.0076 0.0077 0.0082 0.0095 0.0115 0.0137 0.0159 0.0173 1.4359 0.1946 0.1864 0.1345 0.1338 0.1338 0.1338 0.1338 0.1338 0.1338 0.1338 0.0998  
61369 4 0.9858 1.0007 0.0277 0.0264 18895349.2043 14357335.8633 844047815.9151 144103.3048 167518.1034 17237197.3115 59491486.7772 70458731.4490 70703659.8104 70703659.8104 70703659.8104 70703659.8104 70703659.8104 70703659.8104 0.3689 0.1528 0.0339 0.0268 0.0255 0.0254 0.0254 0.0254 0.0254 0.0254 0.0254 0.0336 0.0529 0.6088 1.3854 1.5348 1.5376 1.5376 1.5376 1.5376 1.5376 1.5376 1.5376 0.1023 0.0723 0.0579 0.0563 0.0563 0.0563 0.0563 0.0563 0.0563 0.0563 0.0759  
61369 12 0.9398 0.9508 0.0017 0.0017 10781034.2198 18535.3802 5567680231.7445 1360611.1478 140665.9961 248870904.4750 4656971223.0879 4891862750.0008 2473364483.4064 1679935539.1247 975755912.8047 422313210.4889 147466491.1035 59869859.1294 679.5489 0.2361 0.0017 0.0017 0.0017 0.0019 0.0019 0.0019 0.0019 0.0020 0.0020 0.0022 0.0184 0.1356 0.2769 0.3802 0.4349 0.4701 0.5127 0.5465 0.5634 0.5688 1.1640 0.1889 0.0735 0.0732 0.0715 0.0673 0.0660 0.0659 0.0658 0.0657 0.0654 0.0659  
61369 15 1.1793 1.1733 0.0002 0.0004 90321715.4139 0.0000 1504051407.9593 809215.7386 4489615513.8544 42504262444.3493 18462995758.5468 7636683151.0767 1540669005.3656 756430642.1386 700589851.1824 698587744.7085 697171557.9222 695457668.6083 0.0000 0.0239 0.0003 0.0003 0.0004 0.0004 0.0004 0.0004 0.0004 0.0004 0.0004 0.0000 0.0045 0.0337 0.0592 0.0853 0.1005 0.1024 0.1026 0.1027 0.1028 0.1030 1.6453 0.2725 0.2009 0.1626 0.1592 0.1483 0.1353 0.1334 0.1333 0.1333 0.1333 0.0000  
61369 29 0.7429 0.9237 0.0249 0.0272 15402283.2996 634048.1019 56514527.0191 68957.6447 24948.6650 12850468.9524 210835179.0527 458623155.4665 459856896.6151 267760963.4556 122988520.0741 36793679.2131 7025277.2883 1845577.5349 81.9060 6.1766 0.5133 0.0265 0.0205 0.0233 0.0398 0.0842 0.2516 0.8105 1.4826 0.0184 0.0010 0.0099 0.0325 0.0678 0.1129 0.1628 0.2161 0.2679 0.3137 0.3560 2.5550 0.3094 0.0961 0.0824 0.0743 0.0669 0.0613 0.0569 0.0548 0.0522 0.0493 0.0671  
61369 30 1.0395 1.1753 0.0270 0.0327 95717153.4653 53686.6227 511964712.8495 129677.1719 5892839.9857 93154344.6870 103871525.8775 51490536.3027 60689795.9562 65425547.8370 65386762.4832 65362157.5490 65362157.5490 65362157.5490 5.4969 0.0273 0.4055 1.0761 0.5873 0.0559 0.0226 0.0189 0.0187 0.0187 0.0187 1.3596 0.0091 0.1156 0.3985 0.8371 1.2571 1.4233 1.4453 1.4461 1.4461 1.4461 1.4461 0.1827 0.1323 0.1019 0.0711 0.0588 0.0567 0.0563 0.0563 0.0563 0.0563 0.0830  
61369 35 0.6491 0.9652 0.1393 0.4726 6303046.2008 85801.0418 46259062.6482 5823.1301 1553078.8727 10666412.5321 13685562.8470 20364916.2200 16779102.9183 11058599.3110 8823130.2593 8377523.5370 8219339.8294 8073218.3422 2.0057 0.4655 1.3527 1.2512 0.2798 0.2429 0.1298 0.0373 0.0151 0.0133 0.0130 0.0644 0.0142 0.1164 0.2522 0.3538 0.4235 0.4826 0.5056 0.5112 0.5153 0.5197 1.4702 0.1372 0.1155 0.0828 0.0745 0.0720 0.0688 0.0665 0.0659 0.0658 0.0658 0.0987  
61369 36 0.8864 0.8913 0.0541 0.0937 61031178.5254 374840.8284 91676362.2536 343312.1664 10810046864.8523 11622673234.8071 3051204594.3558 3003617046.8300 2884672707.3476 2611247055.9175 2189233886.3132 1698560419.7987 1233523512.6886 934234840.8203 0.2649 0.0929 0.0936 0.1261 0.1287 0.1287 0.1287 0.1287 0.1287 0.1287 0.1288 0.1356 0.0007 0.0051 0.0076 0.0077 0.0082 0.0095 0.0115 0.0137 0.0159 0.0173 1.4359 0.1946 0.1861 0.1345 0.1338 0.1338 0.1338 0.1338 0.1338 0.1338 0.1338 0.0998  
70129 4 1.1036 1.0496 0.0262 0.0252 18711890.8519 15066279.7613 879278991.7319 142050.7176 308256.7138 28942038.8939 69311842.9677 73378512.0446 73430629.9504 73430629.9504 73430629.9504 73430629.9504 73430629.9504 73430629.9504 0.7364 0.1428 0.0311 0.0257 0.0244 0.0243 0.0243 0.0243 0.0243 0.0243 0.0243 0.0299 0.0529 0.6088 1.3854 1.5348 1.5376 1.5376 1.5376 1.5376 1.5376 1.5376 1.5376 0.1027 0.0736 0.0588 0.0563 0.0563 0.0563 0.0563 0.0563 0.0563 0.0563 0.0761  
70129 12 0.9432 0.9512 0.0018 0.0018 10758461.3573 21840.8166 5349265072.5397 1278676.1206 217129.5309 191261816.5859 3635440573.5277 4248363496.5827 2664935241.9081 1913515599.5012 1113824947.8516 481539011.7698 167537817.6806 67462552.2882 775.5989 0.2584 0.0019 0.0017 0.0018 0.0019 0.0020 0.0020 0.0020 0.0020 0.0021 0.0022 0.0184 0.1356 0.2769 0.3802 0.4349 0.4701 0.5127 0.5465 0.5634 0.5688 1.1640 0.1891 0.0735 0.0731 0.0710 0.0670 0.0659 0.0659 0.0659 0.0657 0.0655 0.0659  
70129 15 1.0086 0.9995 0.0002 0.0004 91031371.0700 0.0000 1557205516.2337 954333.9076 3696492008.7360 40355162372.5407 20785671879.1463 8567544749.4812 1580254716.0444 681355754.3114 617438844.3221 615297293.3042 614049953.3315 612540404.8241 0.0000 0.0317 0.0003 0.0003 0.0004 0.0004 0.0004 0.0004 0.0004 0.0004 0.0004 0.0000 0.0045 0.0337 0.0592 0.0853 0.1005 0.1024 0.1026 0.1027 0.1028 0.1030 1.6453 0.2647 0.1980 0.1626 0.1595 0.1500 0.1358 0.1334 0.1333 0.1333 0.1333 0.0000  
70129 29 0.4923 0.9305 0.0235 0.0303 8045562.2279 466724.7109 51704042.6375 51228.8352 26132.7244 9449862.6381 162186186.3947 407703618.3874 442492245.8214 252976312.9907 111607549.8114 31908117.9941 5090839.3280 799426.0094 81.2468 6.0488 0.5516 0.0318 0.0244 0.0257 0.0397 0.0602 0.1015 0.2973 0.8664 0.0203 0.0010 0.0099 0.0325 0.0678 0.1129 0.1628 0.2161 0.2679 0.3137 0.3560 2.5550 0.3128 0.0970 0.0819 0.0732 0.0667 0.0616 0.0572 0.0557 0.0552 0.0544 0.0671  
70129 30 0.9940 0.9351 0.0280 0.0357 95797309.1552 62926.5392 521525450.9880 134801.1104 2516287.5945 53903341.0690 75065814.3375 58489879.6784 66489817.8063 66037474.8855 65239330.3205 65185801.1122 65185801.1122 65185801.1122 5.1824 0.0329 0.4687 1.0956 0.6032 0.0666 0.0221 0.0189 0.0188 0.0188 0.0188 1.1691 0.0091 0.1156 0.3985 0.8371 1.2571 1.4233 1.4453 1.4461 1.4461 1.4461 1.4461 0.1802 0.1277 0.0966 0.0721 0.0591 0.0566 0.0563 0.0563 0.0563 0.0563 0.0821  
70129 35 1.1126 0.8534 0.1755 0.4474 5822613.9021 27904.9872 42265643.1507 3779.5484 862978.6644 6237179.5376 10974943.2672 14984743.2479 12662232.0967 9310854.6055 7999440.6719 7720937.4606 7585333.9057 7451863.2789 1.4841 0.4738 1.3523 1.0319 0.3296 0.2843 0.1398 0.0401 0.0180 0.0162 0.0160 0.1075 0.0142 0.1164 0.2522 0.3538 0.4235 0.4826 0.5056 0.5112 0.5153 0.5197 1.4702 0.1364 0.1141 0.0821 0.0746 0.0717 0.0685 0.0664 0.0659 0.0658 0.0658 0.0958  
70129 36 0.8942 0.8983 0.0540 0.0938 54460802.2614 412227.2605 82066376.2124 304318.4958 8767280023.3508 9598848376.2453 2767622233.6518 2727319195.2498 2619310682.3500 2371023978.3544 1987810997.6645 1542250396.2790 1119969310.7801 848197450.8432 0.2092 0.0931 0.0939 0.1263 0.1291 0.1291 0.1291 0.1291 0.1291 0.1291 0.1291 0.1363 0.0007 0.0051 0.0076 0.0077 0.0082 0.0095 0.0115 0.0137 0.0159 0.0173 1.4359 0.1946 0.1855 0.1344 0.1338 0.1338 0.1338 0.1338 0.1338 0.1338 0.1338 0.0998  
78889 4 0.9928 0.9934 0.0268 0.0258 20272112.1392 14692169.3704 877811915.7239 156769.9075 141622.3094 17180311.0263 62709165.9818 75008842.0816 75282432.5990 75282432.5990 75282432.5990 75282432.5990 75282432.5990 75282432.5990 0.4066 0.1558 0.0293 0.0261 0.0258 0.0258 0.0258 0.0258 0.0258 0.0258 0.0258 0.0297 0.0529 0.6088 1.3854 1.5348 1.5376 1.5376 1.5376 1.5376 1.5376 1.5376 1.5376 0.1021 0.0713 0.0580 0.0563 0.0563 0.0563 0.0563 0.0563 0.0563 0.0563 0.0752  
78889 12 0.9369 0.9516 0.0019 0.0018 10791514.8273 26403.7650 5053218139.3683 1206026.6684 773840.6266 159837369.8972 3041852192.8489 3806347136.9513 2660585406.4137 1954427031.0230 1138609849.7925 492048080.9822 170957359.8992 68622717.6566 792.8760 0.2234 0.0029 0.0018 0.0019 0.0020 0.0021 0.0021 0.0021 0.0021 0.0022 0.0022 0.0184 0.1356 0.2769 0.3802 0.4349 0.4701 0.5127 0.5465 0.5634 0.5688 1.1640 0.1925 0.0739 0.0730 0.0705 0.0667 0.0659 0.0659 0.0659 0.0658 0.0655 0.0659  
78889 15 0.9953 0.9910 0.0002 0.0003 90404392.0010 0.0000 1552567820.3764 962512.8947 3680885142.8608 37654130350.1508 22256436420.7479 9159726834.5752 1587715961.3092 613594006.6386 544387553.5115 542169799.8383 541070704.7270 539740564.2513 0.0000 0.0298 0.0003 0.0003 0.0003 0.0003 0.0004 0.0004 0.0004 0.0004 0.0004 0.0000 0.0045 0.0337 0.0592 0.0853 0.1005 0.1024 0.1026 0.1027 0.1028 0.1030 1.6453 0.2673 0.1967 0.1622 0.1598 0.1515 0.1364 0.1334 0.1333 0.1333 0.1333 0.0000  
78889 29 0.6757 0.9365 0.0237 0.0308 4998244.9553 304889.3736 48239188.6705 25222.2488 495261.2875 7693452.6939 121723653.5256 363835234.8677 426116858.0074 240029969.7541 102615174.8571 29001315.0022 4618739.2076 724288.1323 80.2856 3.7219 1.0588 0.0473 0.0235 0.0214 0.0309 0.0430 0.0514 0.0774 0.1786 0.0171 0.0010 0.0099 0.0325 0.0678 0.1129 0.1628 0.2161 0.2679 0.3137 0.3560 2.5550 0.2549 0.1237 0.0813 0.0719 0.0665 0.0618 0.0573 0.0557 0.0555 0.0554 0.0671  
78889 30 0.9889 0.9538 0.0238 0.0337 86162458.1641 49439.3736 523684990.9217 133992.6539 1830177.6760 43384995.6402 52600895.9057 49254902.9885 69518718.7041 67242329.8195 65420129.2912 65304179.9757 65304179.9757 65304179.9757 3.5160 0.0423 0.5896 1.3245 0.5341 0.0592 0.0228 0.0188 0.0186 0.0186 0.0186 1.3016 0.0091 0.1156 0.3985 0.8371 1.2571 1.4233 1.4453 1.4461 1.4461 1.4461 1.4461 0.1806 0.1288 0.0985 0.0689 0.0590 0.0567 0.0563 0.0563 0.0563 0.0563 0.0796  
78889 35 0.6431 0.9660 0.1210 0.4305 3779390.0209 172773.9106 36612592.5369 4205.1530 1465087.8764 9091575.7441 11338902.9489 12675623.3245 10488186.6325 8217948.2079 7335774.8111 7136685.7569 7015961.8272 6893262.4781 1.8206 0.5604 1.2744 1.1674 0.2417 0.2127 0.0975 0.0287 0.0145 0.0134 0.0133 0.0560 0.0142 0.1164 0.2522 0.3538 0.4235 0.4826 0.5056 0.5112 0.5153 0.5197 1.4702 0.1362 0.1155 0.0838 0.0752 0.0714 0.0680 0.0663 0.0659 0.0658 0.0658 0.0976  
78889 36 0.8873 0.8889 0.0538 0.0935 49172110.7395 347643.9790 72292320.1543 272123.1383 6933520439.2670 7762406075.2620 2479616554.3218 2446047821.6642 2349174355.8375 2126484561.3482 1782778601.6041 1383152696.8571 1004406325.7285 760652557.8494 0.1656 0.0926 0.0933 0.1259 0.1281 0.1281 0.1281 0.1281 0.1281 0.1281 0.1281 0.1340 0.0007 0.0051 0.0076 0.0077 0.0082 0.0095 0.0115 0.0137 0.0159 0.0173 1.4359 0.1946 0.1844 0.1343 0.1338 0.1338 0.1338 0.1338 0.1338 0.1338 0.1338 0.0998  
87673 4 0.9721 0.9877 0.0251 0.0247 18348800.4585 14481551.2154 862247394.2791 155634.6143 129874.2200 15119237.6994 60441470.0321 74071232.3577 74385981.2603 74385981.2603 74385981.2603 74385981.2603 74385981.2603 74385981.2603 0.3298 0.1968 0.0326 0.0251 0.0240 0.0239 0.0239 0.0239 0.0239 0.0239 0.0239 0.0332 0.0529 0.6088 1.3854 1.5348 1.5376 1.5376 1.5376 1.5376 1.5376 1.5376 1.5376 0.1032 0.0715 0.0576 0.0563 0.0563 0.0563 0.0563 0.0563 0.0563 0.0563 0.0755  
87673 12 0.9349 0.9518 0.0020 0.0019 10729893.7545 27175.5282 4763377370.0862 1129929.4104 1043461.9436 138429462.3715 2630247061.0209 3456941706.2475 2584491855.7749 1922878749.0764 1120758932.7317 484227523.7171 168118022.2523 67371006.1661 780.4535 0.2026 0.0036 0.0019 0.0020 0.0021 0.0022 0.0022 0.0022 0.0022 0.0023 0.0023 0.0184 0.1356 0.2769 0.3802 0.4349 0.4701 0.5127 0.5465 0.5634 0.5688 1.1640 0.1883 0.0743 0.0729 0.0702 0.0666 0.0659 0.0659 0.0659 0.0658 0.0656 0.0659  
87673 15 0.9601 0.9621 0.0002 0.0002 89813054.6971 0.0000 1504150515.1258 957992.0264 2965525901.3985 35004037659.3222 21988575661.1238 9036301553.2840 1517421695.6116 550134931.0007 481442170.1819 479288811.1783 478317189.2740 477141318.6793 0.0000 0.0373 0.0002 0.0002 0.0002 0.0002 0.0002 0.0002 0.0002 0.0002 0.0002 0.0000 0.0045 0.0337 0.0592 0.0853 0.1005 0.1024 0.1026 0.1027 0.1028 0.1030 1.6453 0.2621 0.1955 0.1621 0.1600 0.1523 0.1368 0.1334 0.1333 0.1333 0.1333 0.0000  
87673 29 0.9729 0.9296 0.0281 0.0394 5958037.7543 239671.6629 44196863.1684 17041.7237 70204.6951 4840960.6392 92440535.2270 324288308.6096 400737692.8489 222627222.3134 92662683.2985 25930855.9944 4129496.2934 650826.1474 76.8911 5.1183 1.0127 0.0607 0.0305 0.0275 0.0404 0.0578 0.0706 0.1111 0.2665 0.0219 0.0010 0.0099 0.0325 0.0678 0.1129 0.1628 0.2161 0.2679 0.3137 0.3560 2.5550 0.2792 0.1124 0.0801 0.0708 0.0664 0.0620 0.0574 0.0558 0.0555 0.0554 0.0671  
87673 30 0.9723 0.9649 0.0227 0.0325 82344620.6862 46894.2334 513569841.9719 132508.1100 1784699.1779 37037750.9979 44538507.0526 42643867.3741 65533024.5490 66362638.6982 65099671.6735 65008729.3335 65008729.3335 65008729.3335 2.8264 0.0477 0.6885 1.4666 0.5567 0.0557 0.0228 0.0189 0.0187 0.0187 0.0187 1.5746 0.0091 0.1156 0.3985 0.8371 1.2571 1.4233 1.4453 1.4461 1.4461 1.4461 1.4461 0.1846 0.1291 0.0999 0.0680 0.0587 0.0567 0.0563 0.0563 0.0563 0.0563 0.0813  
87673 35 0.9884 0.8714 0.1251 0.4758 4204866.0025 92847.5038 31101537.0619 2704.3101 954248.8240 5964967.5477 9521531.3479 9509619.5427 8043812.1842 7052670.7433 6669195.8173 6561663.9529 6456571.5763 6344543.0967 1.4476 0.5508 1.3925 1.1455 0.3566 0.2868 0.1217 0.0362 0.0196 0.0183 0.0181 0.1168 0.0142 0.1164 0.2522 0.3538 0.4235 0.4826 0.5056 0.5112 0.5153 0.5197 1.4702 0.1367 0.1150 0.0834 0.0754 0.0711 0.0678 0.0662 0.0659 0.0658 0.0658 0.0953  
87673 36 0.8618 0.8905 0.0536 0.0934 33249427.2302 388961.7542 61573951.4019 241445.4003 5790313160.2821 6514941021.1188 2125823420.1441 2097468422.4703 2014398108.3015 1823438581.5081 1528706047.5492 1186021400.3950 861241237.1756 652219066.8327 0.1309 0.0925 0.0934 0.1262 0.1284 0.1284 0.1284 0.1284 0.1284 0.1284 0.1284 0.1356 0.0007 0.0051 0.0076 0.0077 0.0082 0.0095 0.0115 0.0137 0.0159 0.0173 1.4359 0.1945 0.1839 0.1343 0.1338 0.1338 0.1338 0.1338 0.1338 0.1338 0.1338 0.0998  
96433 4 0.9703 0.9852 0.0249 0.0241 17777645.4442 13757039.7414 857951765.3669 151287.5985 117280.0048 15007531.8097 59045462.0522 72492886.2348 72806234.1895 72806234.1895 72806234.1895 72806234.1895 72806234.1895 72806234.1895 0.4118 0.1740 0.0311 0.0245 0.0237 0.0236 0.0236 0.0236 0.0236 0.0236 0.0236 0.0324 0.0529 0.6088 1.3854 1.5348 1.5376 1.5376 1.5376 1.5376 1.5376 1.5376 1.5376 0.1025 0.0715 0.0576 0.0563 0.0563 0.0563 0.0563 0.0563 0.0563 0.0563 0.0755  
96433 12 0.9357 0.9519 0.0021 0.0021 10702996.5210 26741.7884 4491873411.9982 1056387.0434 989411.2290 116968519.1692 2232756674.7727 3125938290.6486 2521611789.8778 1901084766.3813 1108589608.4641 478859141.6423 166127090.8084 66456566.4594 771.9732 0.2138 0.0039 0.0020 0.0021 0.0023 0.0023 0.0023 0.0023 0.0023 0.0024 0.0024 0.0184 0.1356 0.2769 0.3802 0.4349 0.4701 0.5127 0.5465 0.5634 0.5688 1.1640 0.1879 0.0745 0.0728 0.0699 0.0665 0.0659 0.0659 0.0659 0.0658 0.0656 0.0659  
96433 15 1.0609 1.0724 0.0001 0.0002 89723411.3977 0.0000 1652867749.8578 919799.6811 4098553010.2176 37992239388.6467 24676211939.1060 10086791805.4369 1594352770.4960 501819847.5632 424289377.4346 421955887.7992 421100492.0611 420065280.0195 0.0000 0.0349 0.0002 0.0002 0.0002 0.0002 0.0002 0.0002 0.0002 0.0002 0.0002 0.0000 0.0045 0.0337 0.0592 0.0853 0.1005 0.1024 0.1026 0.1027 0.1028 0.1030 1.6453 0.2784 0.1973 0.1621 0.1601 0.1533 0.1374 0.1334 0.1333 0.1333 0.1333 0.0000  
96433 29 0.8313 0.9211 0.0394 0.0548 7201673.1889 214533.3740 39577928.7899 16580.4372 38080.9618 3308998.6642 70009446.6399 286860037.2697 369214942.4677 201524898.5669 81388918.9498 22514478.8224 3584001.4128 567427.0600 71.9712 5.6242 1.2001 0.0878 0.0417 0.0361 0.0561 0.0845 0.1058 0.1712 0.4165 0.0273 0.0010 0.0099 0.0325 0.0678 0.1129 0.1628 0.2161 0.2679 0.3137 0.3560 2.5550 0.2849 0.1129 0.0790 0.0700 0.0663 0.0622 0.0575 0.0558 0.0555 0.0553 0.0671  
96433 30 0.9741 0.9231 0.0197 0.0314 71171833.3614 42827.5040 501193315.1461 128843.4404 998619.6304 21954021.9461 23972355.6407 31392936.4285 58779385.0598 65036845.0120 65011222.6261 64984167.2843 64984167.2843 64984167.2843 1.6494 0.0607 0.8910 1.8440 0.5766 0.0531 0.0221 0.0188 0.0187 0.0187 0.0187 1.7873 0.0091 0.1156 0.3985 0.8371 1.2571 1.4233 1.4453 1.4461 1.4461 1.4461 1.4461 0.1831 0.1297 0.0996 0.0667 0.0584 0.0566 0.0563 0.0563 0.0563 0.0563 0.0799  
96433 35 0.8428 0.9081 0.0970 0.4082 2704199.2814 193781.7364 32955803.8584 2673.0052 868407.3035 4715206.7140 8403753.0328 7682274.7322 6587248.1272 6238053.5719 6105166.3297 6045064.1515 5951389.8541 5848698.2279 1.2370 0.5690 1.4146 1.0851 0.2473 0.2066 0.0826 0.0273 0.0171 0.0163 0.0162 0.0848 0.0142 0.1164 0.2522 0.3538 0.4235 0.4826 0.5056 0.5112 0.5153 0.5197 1.4702 0.1372 0.1153 0.0835 0.0757 0.0706 0.0674 0.0661 0.0659 0.0658 0.0658 0.0942  
96433 36 0.3180 0.9753 0.0145 0.0249 883343.1458 360717.2807 60937136.6199 208083.6593 5535519667.1671 6248518294.5905 2066686755.0481 2039378658.9686 1958607155.3026 1772932064.5688 1486355684.2518 1153154172.8647 837361673.3552 634123787.8882 0.1171 0.0012 0.0021 0.0058 0.0060 0.0060 0.0060 0.0060 0.0060 0.0060 0.0060 0.0119 0.0007 0.0051 0.0076 0.0077 0.0082 0.0095 0.0115 0.0137 0.0159 0.0173 1.4359 0.1940 0.1833 0.1337 0.1332 0.1332 0.1332 0.1332 0.1332 0.1332 0.1332 0.0994  
