8761 4 0.7900 0.8153 0.1480 0.1818 24320407.7637 23259872.9340 292912829.0522 27886.6698 366783.2629 30825712.0169 31772747.9907 12517735.1024 11942552.1988 11942552.1988 11942552.1988 11942552.1988 11942552.1988 11942552.1988 0.8452 0.3915 0.2309 0.2140 0.1950 0.1930 0.1930 0.1930 0.1930 0.1930 0.1930 0.2175 0.0529 0.6088 1.3854 1.5348 1.5376 1.5376 1.5376 1.5376 1.5376 1.5376 1.5376 0.1025 0.0750 0.0634 0.0567 0.0563 0.0563 0.0563 0.0563 0.0563 0.0563 0.0769  
8761 12 1.6106 0.6911 0.0176 0.0304 16672076.9986 3548045.2100 1262688455.2503 42526.7253 743765132.7568 4069877038.8559 1599837785.8931 345572643.4469 91824420.4863 52561482.7977 33039981.8890 18124281.8131 10716361.6669 8353069.3446 411.7681 0.5747 0.0191 0.0268 0.0415 0.0464 0.0477 0.0487 0.0508 0.0538 0.0558 0.0334 0.0184 0.1356 0.2769 0.3802 0.4349 0.4701 0.5127 0.5465 0.5634 0.5688 1.1640 0.1882 0.1141 0.0854 0.0732 0.0675 0.0657 0.0651 0.0639 0.0621 0.0609 0.1009  
8761 15 0.0045 0.6888 0.0009 0.0016 6210681.9919 0.0000 1195317855.7309 2679.2215 1873427749.3282 13243177715.5654 7108690175.4232 3709265418.9774 1774039321.7528 1525076755.0338 1506739912.9228 1505044175.7847 1501994622.9491 1498304010.3969 0.0000 0.8925 0.0024 0.0017 0.0017 0.0017 0.0017 0.0018 0.0020 0.0024 0.0029 0.0000 0.0045 0.0337 0.0592 0.0853 0.1005 0.1024 0.1026 0.1027 0.1028 0.1030 1.6453 0.2703 0.2034 0.1620 0.1521 0.1374 0.1336 0.1333 0.1333 0.1333 0.1333 0.0000  
8761 29 0.5344 0.6743 0.0492 0.0874 69734734.2135 175931111.0468 175268223.1599 68393.8989 4401093.1650 442597759.8978 931470225.2898 771030295.9201 497518345.9757 332924040.4523 230340487.7094 159541095.5952 129873248.2157 119151687.3632 71.3091 4.3106 0.9984 0.1859 0.0561 0.0428 0.0795 0.2648 0.5641 0.7422 0.8126 0.0386 0.0010 0.0099 0.0325 0.0678 0.1129 0.1628 0.2161 0.2679 0.3137 0.3560 2.5550 0.1501 0.1160 0.1004 0.0811 0.0678 0.0593 0.0537 0.0494 0.0466 0.0448 0.0671  
8761 30 0.1162 0.8891 0.0158 0.0365 20881914.0201 26654.6036 166833301.5961 3635.5273 5.7738 4692.2545 1190075.3388 10752279.9259 19882488.2382 21316431.0809 21307273.3717 21302320.7429 21302320.7429 21302320.7429 0.6681 1.1755 3.1694 0.8476 0.2015 0.0626 0.0299 0.0242 0.0240 0.0240 0.0240 0.2453 0.0091 0.1156 0.3985 0.8371 1.2571 1.4233 1.4453 1.4461 1.4461 1.4461 1.4461 0.1307 0.0823 0.0687 0.0639 0.0595 0.0568 0.0563 0.0563 0.0563 0.0563 0.0661  
8761 35 1.0198 0.4666 0.2775 0.5584 12299344.9382 1954092.7912 106819630.3693 12802.9622 3999756.1495 49765095.9433 62945864.2763 65296173.3050 44435321.2148 22665417.1672 14309153.0338 12758140.2331 12452240.0538 12224328.5261 11.1717 0.4727 1.6973 1.7403 0.2610 0.1923 0.1330 0.0647 0.0440 0.0422 0.0420 0.0652 0.0142 0.1164 0.2522 0.3538 0.4235 0.4826 0.5056 0.5112 0.5153 0.5197 1.4702 0.1358 0.1127 0.0842 0.0758 0.0726 0.0699 0.0669 0.0660 0.0658 0.0658 0.0981  
8761 36 1.2707 0.5684 0.0433 0.0995 146382973.0671 2056962.2063 228626720.5155 224168.9110 40948483800.0615 41410432218.2564 7114145956.6362 6959790447.3340 6684269612.5720 6050910648.9823 5073365846.6243 3936777390.3795 2859573067.4088 2166305399.8268 1.1085 1.1605 0.1327 0.1413 0.1415 0.1415 0.1415 0.1415 0.1415 0.1415 0.1415 0.1567 0.0007 0.0051 0.0076 0.0077 0.0082 0.0095 0.0115 0.0137 0.0159 0.0173 1.4359 0.1898 0.1844 0.1300 0.1289 0.1289 0.1289 0.1289 0.1289 0.1289 0.1289 0.0960  
17545 4 5.1180 2.0820 0.0461 0.0513 16555799.0951 4787807.4378 598078692.3699 18182.9389 984813.1010 78607399.9782 82396569.0900 37918905.1463 36594535.8915 36594535.8915 36594535.8915 36594535.8915 36594535.8915 36594535.8915 2.3808 0.1095 0.0428 0.0380 0.0321 0.0316 0.0316 0.0316 0.0316 0.0316 0.0316 0.0419 0.0529 0.6088 1.3854 1.5348 1.5376 1.5376 1.5376 1.5376 1.5376 1.5376 1.5376 0.1029 0.0749 0.0629 0.0566 0.0563 0.0563 0.0563 0.0563 0.0563 0.0563 0.0769  
17545 12 1.6166 1.7135 0.0087 0.0126 17978909.2642 191339.1615 3044792005.7309 674643.7525 1355777217.0805 6643170115.9297 4767421778.3846 1750097251.9813 308319242.6788 108575060.1308 62861013.6413 30653729.3004 14658642.8982 9558743.4638 597.3530 0.1148 0.0040 0.0079 0.0130 0.0149 0.0160 0.0163 0.0168 0.0176 0.0183 0.0042 0.0184 0.1356 0.2769 0.3802 0.4349 0.4701 0.5127 0.5465 0.5634 0.5688 1.1640 0.1902 0.1079 0.0818 0.0740 0.0700 0.0661 0.0654 0.0645 0.0629 0.0615 0.1000  
17545 15 1.2752 1.1939 0.0003 0.0007 1239184.6523 472852.4895 1322742076.5658 416150.5386 3233064770.9881 17678539138.3032 10931328787.5125 5139900582.4983 1785796492.3441 1354298531.6373 1323128847.0872 1321252913.5994 1318574655.6874 1315333389.9469 0.0000 0.0152 0.0005 0.0006 0.0007 0.0007 0.0007 0.0007 0.0007 0.0007 0.0007 0.0000 0.0045 0.0337 0.0592 0.0853 0.1005 0.1024 0.1026 0.1027 0.1028 0.1030 1.6453 0.2852 0.2016 0.1619 0.1555 0.1402 0.1339 0.1333 0.1333 0.1333 0.1333 0.0000  
17545 29 0.7470 0.8773 0.0337 0.0610 16121343.0330 977089.1392 156565914.0266 103210.9191 1311447.4792 158014605.1855 656698441.6997 774539627.8230 516748498.5133 328383163.7397 215348711.6706 142359491.1784 110734157.7857 97609000.2014 76.0670 2.4536 0.5626 0.1934 0.0281 0.0079 0.0102 0.0280 0.0673 0.1133 0.1547 0.0056 0.0010 0.0099 0.0325 0.0678 0.1129 0.1628 0.2161 0.2679 0.3137 0.3560 2.5550 0.1896 0.1103 0.0926 0.0796 0.0682 0.0598 0.0544 0.0501 0.0470 0.0451 0.0670  
17545 30 1.3943 1.7492 0.0032 0.0073 3624048.0238 1726174.3223 175844020.2709 37097.6329 2314846.6519 53397169.4310 87379517.6205 34312600.5349 18343097.7662 21611031.3434 22514481.8153 22559062.3797 22559062.3797 22559062.3797 4.7452 0.0071 0.0280 0.1010 0.0683 0.0081 0.0043 0.0036 0.0035 0.0035 0.0035 0.1437 0.0091 0.1156 0.3985 0.8371 1.2571 1.4233 1.4453 1.4461 1.4461 1.4461 1.4461 0.1838 0.1303 0.1016 0.0765 0.0587 0.0564 0.0563 0.0563 0.0563 0.0563 0.0841  
17545 35 0.9615 0.8194 0.2195 0.2887 10517643.3728 1414.0175 96665703.9649 9994.1682 821890.0329 13728917.2702 36929712.5142 59207352.5164 44725132.8804 22293554.9921 13574113.5691 11963197.3029 11664254.3842 11449074.3737 4.2332 0.4077 1.2364 0.6495 0.1776 0.1705 0.1123 0.0356 0.0105 0.0083 0.0080 0.0632 0.0142 0.1164 0.2522 0.3538 0.4235 0.4826 0.5056 0.5112 0.5153 0.5197 1.4702 0.1322 0.1090 0.0812 0.0748 0.0726 0.0701 0.0670 0.0660 0.0659 0.0658 0.0937  
17545 36 0.9041 0.8891 0.0533 0.0990 132354946.0909 573899.5149 204153464.1036 727101.5171 33047306510.9221 33855094924.9440 6480258650.3172 6351379437.0049 6099918988.5242 5521869313.0167 4629690488.9229 3592356803.7006 2609221417.5988 1976494681.3620 0.8728 0.0984 0.0988 0.1302 0.1338 0.1338 0.1338 0.1338 0.1338 0.1338 0.1338 0.1392 0.0007 0.0051 0.0076 0.0077 0.0082 0.0095 0.0115 0.0137 0.0159 0.0173 1.4359 0.1946 0.1886 0.1348 0.1338 0.1338 0.1338 0.1338 0.1338 0.1338 0.1338 0.0999  
26305 4 1.3072 1.1492 0.0312 0.0394 18080420.6289 38358236.6932 743645795.0267 93060.6157 473273.6563 39401233.8403 68183140.8714 57978404.0744 57608137.5797 57608137.5797 57608137.5797 57608137.5797 57608137.5797 57608137.5797 1.1066 0.1078 0.0435 0.0394 0.0364 0.0363 0.0363 0.0363 0.0363 0.0363 0.0363 0.0394 0.0529 0.6088 1.3854 1.5348 1.5376 1.5376 1.5376 1.5376 1.5376 1.5376 1.5376 0.1030 0.0730 0.0604 0.0564 0.0563 0.0563 0.0563 0.0563 0.0563 0.0563 0.0762  
26305 12 0.9906 0.9579 0.0049 0.0058 18815877.6391 254816.6715 4186879325.5352 1090613.2609 81932701.1414 1806206889.9349 6590544601.3454 4364286908.7554 792257481.7615 263389898.7322 147756018.6113 66924489.4783 26782055.1245 13986419.8474 187.2543 0.0836 0.0037 0.0043 0.0056 0.0060 0.0065 0.0066 0.0069 0.0076 0.0084 0.0045 0.0184 0.1356 0.2769 0.3802 0.4349 0.4701 0.5127 0.5465 0.5634 0.5688 1.1640 0.1535 0.0923 0.0777 0.0735 0.0706 0.0663 0.0657 0.0653 0.0642 0.0628 0.0887  
26305 15 1.1246 1.0666 0.0003 0.0005 3415885.7695 0.0000 1400679782.9379 530677.8337 2718453250.1916 18317294984.4016 14552880042.1811 6534827385.8539 1814047013.1003 1206729286.8200 1163191110.6229 1161128082.8307 1158774284.9078 1155925685.2927 0.0000 0.0772 0.0005 0.0005 0.0006 0.0006 0.0006 0.0006 0.0006 0.0006 0.0006 0.0000 0.0045 0.0337 0.0592 0.0853 0.1005 0.1024 0.1026 0.1027 0.1028 0.1030 1.6453 0.2841 0.1971 0.1617 0.1574 0.1431 0.1343 0.1333 0.1333 0.1333 0.1333 0.0000  
26305 29 1.2563 0.8945 0.0163 0.0484 21516733.6805 1031239.0988 133841920.1694 77096.4450 128900.5903 41217209.0212 484356433.2581 716358237.1960 516415233.0565 320459067.5678 198267666.6085 121910711.7710 87946276.7324 72586678.3352 79.3947 4.3910 0.9307 0.1465 0.0209 0.0092 0.0149 0.0437 0.1089 0.1843 0.2512 0.0067 0.0010 0.0099 0.0325 0.0678 0.1129 0.1628 0.2161 0.2679 0.3137 0.3560 2.5550 0.2388 0.0996 0.0854 0.0783 0.0681 0.0602 0.0547 0.0504 0.0472 0.0454 0.0670  
26305 30 1.2195 1.1016 0.0041 0.0275 37078819.1815 2949244.1925 211006950.6576 51723.4000 1687474.1930 48220489.9440 91345279.3322 62191324.1233 33065833.6576 24017587.9970 23165896.8388 23143430.0328 23143430.0328 23143430.0328 6.5128 0.0186 0.1387 0.4225 0.3374 0.0622 0.0130 0.0112 0.0111 0.0111 0.0111 0.5147 0.0091 0.1156 0.3985 0.8371 1.2571 1.4233 1.4453 1.4461 1.4461 1.4461 1.4461 0.1814 0.1272 0.0947 0.0741 0.0616 0.0567 0.0563 0.0563 0.0563 0.0563 0.0794  
26305 35 0.8518 0.9160 0.2522 0.3320 9991970.9254 2596.4176 82464836.0624 9609.5287 961785.5050 13959258.3330 27313913.8123 51373510.7150 40294621.4290 20387562.7216 12620086.2312 11181605.3329 10907063.5307 10706200.4762 3.1876 0.3621 1.2617 0.8456 0.1923 0.1785 0.1187 0.0385 0.0121 0.0098 0.0095 0.0521 0.0142 0.1164 0.2522 0.3538 0.4235 0.4826 0.5056 0.5112 0.5153 0.5197 1.4702 0.1334 0.1118 0.0809 0.0742 0.0726 0.0701 0.0670 0.0660 0.0659 0.0658 0.0976  
26305 36 0.8839 0.8702 0.0561 0.0990 120769037.0356 804875.0845 176077353.9320 657401.7834 25422137570.4262 26527723609.6875 5807433484.7396 5703497981.2027 5477670508.6642 4958545142.9383 4157311827.3637 3225720216.4929 2342802124.1486 1774573281.5024 0.6864 0.0986 0.0991 0.1328 0.1353 0.1353 0.1353 0.1353 0.1353 0.1353 0.1353 0.1404 0.0007 0.0051 0.0076 0.0077 0.0082 0.0095 0.0115 0.0137 0.0159 0.0173 1.4359 0.1946 0.1876 0.1347 0.1338 0.1338 0.1338 0.1338 0.1338 0.1338 0.1338 0.0999  
35065 4 1.1297 1.0556 0.0338 0.0338 27183673.5060 5771672.2332 815814085.7283 121652.2056 320694.3953 26088917.6848 63682428.8137 66116918.3223 66104773.5066 66104773.5066 66104773.5066 66104773.5066 66104773.5066 66104773.5066 0.5987 0.1200 0.0395 0.0340 0.0322 0.0321 0.0321 0.0321 0.0321 0.0321 0.0321 0.0393 0.0529 0.6088 1.3854 1.5348 1.5376 1.5376 1.5376 1.5376 1.5376 1.5376 1.5376 0.1029 0.0730 0.0590 0.0563 0.0563 0.0563 0.0563 0.0563 0.0563 0.0563 0.0766  
35065 12 0.9529 0.9503 0.0028 0.0028 11341576.4378 66718.2263 4229491966.5505 1080342.8073 7008614.0773 429044057.0768 5765390552.6731 4840388604.1434 1129908190.0182 504861165.8509 287902980.3824 126993641.7094 47083635.2640 21613999.7244 206.1181 0.1372 0.0036 0.0024 0.0025 0.0027 0.0029 0.0029 0.0030 0.0032 0.0035 0.0039 0.0184 0.1356 0.2769 0.3802 0.4349 0.4701 0.5127 0.5465 0.5634 0.5688 1.1640 0.1642 0.0819 0.0740 0.0730 0.0699 0.0662 0.0658 0.0656 0.0650 0.0641 0.0692  
35065 15 1.0951 1.0353 0.0002 0.0004 4510342.8902 0.0000 1487643236.1882 596806.6819 1919704974.5855 17510223089.7266 17995698588.4853 7881082940.7018 1853191179.2428 1077716573.0049 1022343238.2976 1020091304.0648 1018023382.8924 1015520755.3829 0.0000 0.0560 0.0003 0.0003 0.0004 0.0004 0.0004 0.0004 0.0004 0.0004 0.0004 0.0000 0.0045 0.0337 0.0592 0.0853 0.1005 0.1024 0.1026 0.1027 0.1028 0.1030 1.6453 0.2811 0.1934 0.1615 0.1584 0.1455 0.1347 0.1334 0.1333 0.1333 0.1333 0.0000  
35065 29 0.9455 0.9146 0.0154 0.0219 32191930.3268 1130254.5718 103948429.9268 96856.7191 51713.5700 26902280.5801 407768032.5874 648538138.2487 499079001.9909 304875901.6594 174904647.7582 92572501.8707 56876352.3380 41785511.5449 79.4035 6.0029 0.5525 0.0299 0.0128 0.0130 0.0277 0.0866 0.2305 0.3898 0.5068 0.0094 0.0010 0.0099 0.0325 0.0678 0.1129 0.1628 0.2161 0.2679 0.3137 0.3560 2.5550 0.2907 0.0969 0.0836 0.0774 0.0678 0.0604 0.0552 0.0510 0.0477 0.0459 0.0671  
35065 30 1.0394 1.0133 0.0035 0.0294 51704248.7124 1305622.5893 261456275.4824 63076.5322 1810967.4936 44729667.0668 69753541.3569 55268731.6193 40720583.0371 30833424.0454 29230669.9602 29161818.1025 29161818.1025 29161818.1025 5.0843 0.0222 0.2949 0.7402 0.3420 0.0623 0.0153 0.0111 0.0109 0.0109 0.0109 0.5287 0.0091 0.1156 0.3985 0.8371 1.2571 1.4233 1.4453 1.4461 1.4461 1.4461 1.4461 0.1804 0.1291 0.0947 0.0710 0.0614 0.0570 0.0563 0.0563 0.0563 0.0563 0.0750  
35065 35 0.9218 0.8877 0.2598 0.3237 8926738.8212 4089.9432 70908354.6361 8185.5856 655623.2257 10591410.6917 20359937.1176 42400734.3928 34212506.2819 17973288.9329 11620931.7850 10436475.4421 10192000.1477 10005482.7977 2.2463 0.3436 1.1596 0.7797 0.2024 0.1895 0.1221 0.0389 0.0128 0.0105 0.0103 0.0518 0.0142 0.1164 0.2522 0.3538 0.4235 0.4826 0.5056 0.5112 0.5153 0.5197 1.4702 0.1309 0.1114 0.0803 0.0740 0.0725 0.0700 0.0669 0.0660 0.0659 0.0658 0.0986  
35065 36 0.8581 0.8608 0.0550 0.0977 102588876.6423 655421.6588 150113524.4448 581104.7713 19483746078.3069 20651108090.2202 4994448902.9047 4911623800.4256 4717141155.5600 4270070331.8163 3580048109.9669 2777761309.5143 2017392148.4939 1528033405.0876 0.5409 0.0967 0.0972 0.1319 0.1338 0.1338 0.1338 0.1338 0.1338 0.1338 0.1338 0.1384 0.0007 0.0051 0.0076 0.0077 0.0082 0.0095 0.0115 0.0137 0.0159 0.0173 1.4359 0.1946 0.1868 0.1346 0.1338 0.1338 0.1338 0.1338 0.1338 0.1338 0.1338 0.0999  
43825 4 1.1365 1.0644 0.0299 0.0287 20689473.1487 16414108.4234 889672046.8121 137427.1631 325407.0807 28995888.5154 68646803.1554 72328209.2728 72355105.2528 72355105.2528 72355105.2528 72355105.2528 72355105.2528 72355105.2528 0.8404 0.1114 0.0349 0.0289 0.0271 0.0271 0.0271 0.0271 0.0271 0.0271 0.0271 0.0339 0.0529 0.6088 1.3854 1.5348 1.5376 1.5376 1.5376 1.5376 1.5376 1.5376 1.5376 0.1020 0.0738 0.0589 0.0563 0.0563 0.0563 0.0563 0.0563 0.0563 0.0563 0.0768  
43825 12 0.9484 0.9502 0.0025 0.0024 10913703.2494 36989.0079 4099982528.8216 1029480.8730 2559055.3291 276896222.7920 4779007788.1443 4324454825.3364 1361950782.8162 760440536.1862 438550369.9915 191592889.2199 68950369.5093 29861783.6570 306.6662 0.1870 0.0038 0.0024 0.0024 0.0026 0.0027 0.0027 0.0028 0.0029 0.0032 0.0033 0.0184 0.1356 0.2769 0.3802 0.4349 0.4701 0.5127 0.5465 0.5634 0.5688 1.1640 0.1833 0.0759 0.0734 0.0726 0.0687 0.0661 0.0658 0.0657 0.0654 0.0647 0.0660  
43825 15 1.0667 1.0312 0.0004 0.0005 5081507.5712 0.0000 1548537707.2548 653534.8360 1963450788.8809 16689872529.9477 20670382293.1666 8922319992.5463 1870634793.5629 963451512.8088 898814582.5033 896425603.0832 894608364.4265 892409116.4542 0.0000 0.0576 0.0005 0.0005 0.0006 0.0006 0.0006 0.0006 0.0006 0.0006 0.0006 0.0000 0.0045 0.0337 0.0592 0.0853 0.1005 0.1024 0.1026 0.1027 0.1028 0.1030 1.6453 0.2856 0.1902 0.1613 0.1590 0.1476 0.1351 0.1334 0.1333 0.1333 0.1333 0.0000  
43825 29 0.8866 0.9200 0.0151 0.0175 24747234.6203 841448.2823 81158439.3100 91577.8143 27907.1792 23031771.9112 356022913.0127 588064005.9547 471603652.7533 285635067.2409 153548312.2398 67884702.2768 33200352.2358 21364088.7734 76.4568 6.1067 0.3482 0.0155 0.0120 0.0134 0.0282 0.0887 0.2658 0.4926 0.6253 0.0098 0.0010 0.0099 0.0325 0.0678 0.1129 0.1628 0.2161 0.2679 0.3137 0.3560 2.5550 0.3053 0.0928 0.0833 0.0769 0.0676 0.0607 0.0557 0.0519 0.0484 0.0466 0.0671  
43825 30 1.0863 0.8432 0.0163 0.0382 63045875.2073 38938.3543 291281238.8751 65562.0114 963238.2766 16922023.7560 18287695.5944 28089691.0348 35651562.2470 36421080.2048 36423434.2755 36422063.4014 36422063.4014 36422063.4014 1.8741 0.0644 0.9896 1.8197 0.5669 0.0733 0.0236 0.0196 0.0194 0.0194 0.0194 1.1125 0.0091 0.1156 0.3985 0.8371 1.2571 1.4233 1.4453 1.4461 1.4461 1.4461 1.4461 0.1815 0.1300 0.0954 0.0689 0.0599 0.0567 0.0563 0.0563 0.0563 0.0563 0.0733  
43825 35 0.9241 0.8826 0.1592 0.3492 8185253.9720 25168.6448 65064010.4177 7545.7628 584737.5284 8358476.3422 15233130.7512 33876385.8990 28085246.2810 15560128.4377 10649102.8348 9723170.0916 9508691.3951 9336082.7621 1.6289 0.3807 1.1666 0.8381 0.2236 0.2099 0.1294 0.0400 0.0138 0.0116 0.0113 0.0497 0.0142 0.1164 0.2522 0.3538 0.4235 0.4826 0.5056 0.5112 0.5153 0.5197 1.4702 0.1327 0.1120 0.0801 0.0739 0.0724 0.0697 0.0668 0.0660 0.0658 0.0658 0.0998  
43825 36 0.8498 0.8831 0.0543 0.0949 85579116.6690 807651.3785 125361050.4323 498651.4646 16115269799.2800 17145530226.8587 4240904015.9131 4171756868.2583 4006564638.7063 3626825735.9974 3040725576.0565 2359268650.2316 1713416280.7577 1297758308.1922 0.4281 0.0934 0.0939 0.1263 0.1287 0.1287 0.1287 0.1287 0.1287 0.1287 0.1287 0.1339 0.0007 0.0051 0.0076 0.0077 0.0082 0.0095 0.0115 0.0137 0.0159 0.0173 1.4359 0.1946 0.1864 0.1345 0.1338 0.1338 0.1338 0.1338 0.1338 0.1338 0.1338 0.0998  
52609 4 1.1149 1.0619 0.0265 0.0259 20632116.3704 16519041.5761 958090095.4227 156181.9858 378329.7648 32076594.8224 74783492.9896 78734600.8840 78762771.9885 78762771.9885 78762771.9885 78762771.9885 78762771.9885 78762771.9885 0.7739 0.1047 0.0298 0.0260 0.0251 0.0251 0.0251 0.0251 0.0251 0.0251 0.0251 0.0289 0.0529 0.6088 1.3854 1.5348 1.5376 1.5376 1.5376 1.5376 1.5376 1.5376 1.5376 0.1018 0.0739 0.0589 0.0563 0.0563 0.0563 0.0563 0.0563 0.0563 0.0563 0.0769  
52609 12 0.9477 0.9519 0.0025 0.0024 10883382.9752 54046.1755 3962138250.7786 976348.6834 5169250.9915 230622847.4549 3854980176.0394 3767722418.8485 1575537186.4716 1004555492.0214 582590034.8477 253362138.1319 89863167.5895 37753534.7521 407.6281 0.1813 0.0058 0.0024 0.0025 0.0027 0.0028 0.0028 0.0028 0.0029 0.0031 0.0031 0.0184 0.1356 0.2769 0.3802 0.4349 0.4701 0.5127 0.5465 0.5634 0.5688 1.1640 0.1897 0.0769 0.0733 0.0721 0.0679 0.0660 0.0659 0.0658 0.0656 0.0650 0.0660  
52609 15 1.0392 1.0452 0.0003 0.0005 4871778.5502 0.0000 1580532722.1332 697157.6361 2845694628.9841 17596960372.9792 22367272651.9110 9552841446.4495 1851731525.7170 861001248.9542 790502355.6618 788051185.3387 786453639.2174 784520266.2659 0.0000 0.0656 0.0004 0.0004 0.0005 0.0005 0.0005 0.0005 0.0005 0.0005 0.0005 0.0000 0.0045 0.0337 0.0592 0.0853 0.1005 0.1024 0.1026 0.1027 0.1028 0.1030 1.6453 0.2925 0.1895 0.1612 0.1594 0.1492 0.1356 0.1334 0.1333 0.1333 0.1333 0.0000  
52609 29 0.7962 0.9202 0.0199 0.0208 21164528.8649 870296.8046 63316373.0996 81196.3309 38302.7041 20203196.2436 313507951.8986 533740013.6457 441104484.0447 263984439.4852 133127982.9542 47354917.5133 15389522.0781 7744516.2233 72.6193 6.1471 0.4999 0.0172 0.0139 0.0175 0.0353 0.0972 0.3140 0.7233 0.9699 0.0131 0.0010 0.0099 0.0325 0.0678 0.1129 0.1628 0.2161 0.2679 0.3137 0.3560 2.5550 0.3118 0.0967 0.0832 0.0765 0.0675 0.0608 0.0563 0.0533 0.0496 0.0475 0.0671  
52609 30 1.0306 1.0443 0.0169 0.0309 63563754.5835 49055.8227 291591138.0800 71219.6280 1730863.8451 34079712.0580 25648966.8468 15107476.5672 28284640.1554 37739797.9443 39307382.8612 39376981.8796 39376981.8796 39376981.8796 1.0489 0.0607 0.8811 2.0007 0.7935 0.0504 0.0213 0.0195 0.0194 0.0194 0.0194 1.7752 0.0091 0.1156 0.3985 0.8371 1.2571 1.4233 1.4453 1.4461 1.4461 1.4461 1.4461 0.1806 0.1335 0.1058 0.0695 0.0582 0.0565 0.0563 0.0563 0.0563 0.0563 0.0767  
52609 35 0.8018 0.9179 0.1799 0.4555 7545424.9683 43287.5202 61418775.6488 6972.8146 765848.2012 10282836.5234 13277344.3132 27498407.2894 23059486.2313 13499513.8013 9748329.0562 9031243.1954 8842819.4171 8683537.3349 1.7977 0.3607 1.2972 1.2187 0.2560 0.2296 0.1352 0.0407 0.0151 0.0129 0.0127 0.0450 0.0142 0.1164 0.2522 0.3538 0.4235 0.4826 0.5056 0.5112 0.5153 0.5197 1.4702 0.1335 0.1131 0.0818 0.0740 0.0723 0.0694 0.0667 0.0659 0.0658 0.0658 0.1018  
52609 36 0.8158 0.8656 0.0543 0.0939 71852334.4818 534412.6312 104544139.6941 423771.8534 12885993678.6657 13784669411.6490 3518246265.7440 3462213916.2114 3325114999.0973 3009956153.5780 2523530748.0770 1957965365.0131 1421949471.7839 1076980110.4610 0.3387 0.0928 0.0936 0.1272 0.1290 0.1290 0.1290 0.1290 0.1290 0.1290 0.1290 0.1344 0.0007 0.0051 0.0076 0.0077 0.0082 0.0095 0.0115 0.0137 0.0159 0.0173 1.4359 0.1946 0.1861 0.1345 0.1338 0.1338 0.1338 0.1338 0.1338 0.1338 0.1338 0.0998  
61369 4 1.0485 1.0315 0.0260 0.0246 20850109.1717 15941688.6440 987570931.9954 174124.1860 288831.4059 26193462.8675 74615831.7182 83755940.5625 83916221.4742 83916221.4742 83916221.4742 83916221.4742 83916221.4742 83916221.4742 0.6560 0.1098 0.0307 0.0253 0.0236 0.0236 0.0236 0.0236 0.0236 0.0236 0.0236 0.0295 0.0529 0.6088 1.3854 1.5348 1.5376 1.5376 1.5376 1.5376 1.5376 1.5376 1.5376 0.1019 0.0732 0.0584 0.0563 0.0563 0.0563 0.0563 0.0563 0.0563 0.0563 0.0771  
61369 12 0.9471 0.9532 0.0026 0.0025 10856899.3692 56553.0768 3830456862.1583 925258.9655 5956340.7447 197072745.7024 3088407714.2749 3288992802.3019 1732934311.5507 1191415377.7749 692934338.4457 300649518.0586 105835746.6514 43746032.4808 485.2348 0.1887 0.0067 0.0024 0.0026 0.0028 0.0028 0.0028 0.0029 0.0029 0.0031 0.0029 0.0184 0.1356 0.2769 0.3802 0.4349 0.4701 0.5127 0.5465 0.5634 0.5688 1.1640 0.1868 0.0791 0.0732 0.0715 0.0673 0.0660 0.0659 0.0658 0.0656 0.0652 0.0660  
61369 15 1.1177 1.0911 0.0005 0.0007 5641366.4417 0.0000 1657117930.8452 724486.0462 5103917592.3538 20816445401.9773 24338630710.3528 10285331494.5115 1857026648.0601 772744414.8711 695669010.4322 693126357.8636 691721242.0579 690020751.0017 0.0000 0.0576 0.0006 0.0006 0.0007 0.0007 0.0007 0.0007 0.0007 0.0007 0.0007 0.0000 0.0045 0.0337 0.0592 0.0853 0.1005 0.1024 0.1026 0.1027 0.1028 0.1030 1.6453 0.2939 0.1929 0.1613 0.1596 0.1505 0.1360 0.1334 0.1333 0.1333 0.1333 0.0000  
61369 29 0.7622 0.9254 0.0218 0.0247 14471656.6410 474443.5735 52397339.7419 64651.9762 25004.9212 17818250.2193 277812505.9724 483717089.7603 408009019.3079 241775249.0401 117026504.3890 35461738.0351 6625659.0353 1653540.9796 67.9324 6.2080 0.4216 0.0188 0.0166 0.0229 0.0411 0.0841 0.2453 0.8006 1.5043 0.0183 0.0010 0.0099 0.0325 0.0678 0.1129 0.1628 0.2161 0.2679 0.3137 0.3560 2.5550 0.3152 0.0949 0.0831 0.0762 0.0674 0.0610 0.0567 0.0549 0.0524 0.0495 0.0671  
61369 30 0.9796 1.0435 0.0214 0.0321 70945201.5630 52980.8064 282239367.4384 73399.3346 2342681.6446 44917185.9654 37946290.6813 17041222.2996 26027173.8361 36516528.6143 38450640.6869 38540006.0844 38540006.0844 38540006.0844 1.2523 0.0518 0.7463 1.7047 1.0528 0.0567 0.0204 0.0195 0.0194 0.0194 0.0194 2.1298 0.0091 0.1156 0.3985 0.8371 1.2571 1.4233 1.4453 1.4461 1.4461 1.4461 1.4461 0.1840 0.1322 0.1047 0.0741 0.0576 0.0564 0.0563 0.0563 0.0563 0.0563 0.0830  
61369 35 0.8638 0.9696 0.2075 0.5046 6972438.6886 46808.3972 52512681.5265 5590.6399 1246185.9854 16835452.5939 13563010.6856 23055526.4881 19201894.0305 11827093.0230 8937441.7417 8376402.1918 8209534.7177 8062605.8711 2.6705 0.3324 1.1067 1.3563 0.2865 0.2452 0.1385 0.0407 0.0157 0.0136 0.0134 0.0461 0.0142 0.1164 0.2522 0.3538 0.4235 0.4826 0.5056 0.5112 0.5153 0.5197 1.4702 0.1329 0.1133 0.0837 0.0743 0.0721 0.0691 0.0666 0.0659 0.0658 0.0658 0.1029  
61369 36 0.8292 0.9024 0.0545 0.0941 59104406.7995 427975.9977 86969868.3952 345712.4873 11621077625.6684 12266298244.2382 2892224626.7889 2843327278.7602 2730733505.9307 2471906345.1605 2072424914.1114 1607949033.4925 1167740948.7781 884431622.0732 0.2676 0.0934 0.0941 0.1264 0.1296 0.1296 0.1296 0.1296 0.1296 0.1296 0.1296 0.1359 0.0007 0.0051 0.0076 0.0077 0.0082 0.0095 0.0115 0.0137 0.0159 0.0173 1.4359 0.1946 0.1868 0.1345 0.1338 0.1338 0.1338 0.1338 0.1338 0.1338 0.1338 0.0998  
70129 4 0.9701 0.9769 0.0247 0.0237 20061359.3244 14847079.2690 968417134.1397 182576.5495 111535.7577 12899319.5211 65920176.6951 83485923.5166 83881573.2989 83881573.2989 83881573.2989 83881573.2989 83881573.2989 83881573.2989 0.2566 0.1214 0.0281 0.0240 0.0232 0.0232 0.0232 0.0232 0.0232 0.0232 0.0232 0.0305 0.0529 0.6088 1.3854 1.5348 1.5376 1.5376 1.5376 1.5376 1.5376 1.5376 1.5376 0.1021 0.0703 0.0574 0.0563 0.0563 0.0563 0.0563 0.0563 0.0563 0.0563 0.0766  
70129 12 0.9456 0.9552 0.0027 0.0025 10864960.2665 71476.9291 3669926730.2310 876278.4042 9521405.0799 177255485.9428 2498265706.5130 2902313065.1965 1821580263.1996 1308484355.9731 762208180.9647 330282203.1349 115782180.7960 47418456.9758 534.7205 0.1872 0.0093 0.0024 0.0027 0.0029 0.0029 0.0029 0.0029 0.0030 0.0031 0.0029 0.0184 0.1356 0.2769 0.3802 0.4349 0.4701 0.5127 0.5465 0.5634 0.5688 1.1640 0.1886 0.0824 0.0731 0.0709 0.0669 0.0659 0.0659 0.0658 0.0657 0.0653 0.0661  
70129 15 1.0405 1.0231 0.0002 0.0004 4883539.0653 0.0000 1728458940.3241 809772.6845 4366091893.5890 20691675997.5684 26776879996.6888 11245000901.1133 1902014983.6282 700061128.3532 614695451.8859 612006091.1635 610765423.0165 609263948.8470 0.0000 0.0548 0.0003 0.0003 0.0004 0.0004 0.0004 0.0004 0.0004 0.0004 0.0004 0.0000 0.0045 0.0337 0.0592 0.0853 0.1005 0.1024 0.1026 0.1027 0.1028 0.1030 1.6453 0.2892 0.1907 0.1613 0.1599 0.1519 0.1366 0.1334 0.1333 0.1333 0.1333 0.0000  
70129 29 0.4781 0.9318 0.0219 0.0269 7614800.9638 341602.8077 46911975.8675 49280.5973 28459.3631 15756666.5156 246787490.8246 437549977.2246 374790672.3574 220546553.6057 105215891.0835 30888036.0116 4936607.7377 770118.3579 62.9624 5.7175 0.3290 0.0189 0.0184 0.0265 0.0443 0.0643 0.0981 0.2582 0.7401 0.0214 0.0010 0.0099 0.0325 0.0678 0.1129 0.1628 0.2161 0.2679 0.3137 0.3560 2.5550 0.3215 0.0930 0.0830 0.0760 0.0674 0.0611 0.0569 0.0557 0.0553 0.0547 0.0670  
70129 30 0.9906 0.9970 0.0222 0.0334 71489469.2476 53324.7888 277800623.9333 71904.0363 2230071.2854 40192593.7072 41474816.4406 21739521.2103 27574652.3542 35568191.4535 37126451.1767 37200725.2229 37200725.2229 37200725.2229 1.6807 0.0508 0.7493 1.5731 0.8892 0.0606 0.0205 0.0194 0.0194 0.0194 0.0194 1.6961 0.0091 0.1156 0.3985 0.8371 1.2571 1.4233 1.4453 1.4461 1.4461 1.4461 1.4461 0.1877 0.1303 0.1026 0.0741 0.0582 0.0564 0.0563 0.0563 0.0563 0.0563 0.0808  
70129 35 0.8547 0.9591 0.1792 0.4383 5590345.9868 103500.0096 46447359.3653 4829.0860 1534162.8865 21469305.6553 12067255.5459 19366665.5541 16382929.1591 10517940.1807 8216444.5521 7762925.2483 7613345.6641 7477721.8309 3.0801 0.3116 0.7394 1.1218 0.2618 0.2325 0.1259 0.0375 0.0160 0.0143 0.0141 0.0362 0.0142 0.1164 0.2522 0.3538 0.4235 0.4826 0.5056 0.5112 0.5153 0.5197 1.4702 0.1309 0.1130 0.0850 0.0743 0.0720 0.0689 0.0665 0.0659 0.0658 0.0658 0.1045  
70129 36 0.8392 0.8976 0.0539 0.0937 48820120.0229 319032.0529 71510846.0556 286658.4043 10260767129.8125 10733629034.7865 2389202018.7410 2346986267.1149 2254045531.5628 2040396178.6634 1710643501.3442 1327241036.8542 963870468.8017 730012267.3289 0.2114 0.0929 0.0935 0.1254 0.1285 0.1285 0.1285 0.1285 0.1285 0.1285 0.1285 0.1360 0.0007 0.0051 0.0076 0.0077 0.0082 0.0095 0.0115 0.0137 0.0159 0.0173 1.4359 0.1946 0.1872 0.1346 0.1338 0.1338 0.1338 0.1338 0.1338 0.1338 0.1338 0.0998  
78889 4 0.9909 0.9908 0.0234 0.0227 18927053.6355 14044245.9419 950557265.4312 177120.5145 119920.3775 15133304.1520 65992437.5693 81934191.2658 82291572.9253 82291572.9253 82291572.9253 82291572.9253 82291572.9253 82291572.9253 0.3803 0.1240 0.0265 0.0228 0.0223 0.0223 0.0223 0.0223 0.0223 0.0223 0.0223 0.0283 0.0529 0.6088 1.3854 1.5348 1.5376 1.5376 1.5376 1.5376 1.5376 1.5376 1.5376 0.1017 0.0719 0.0575 0.0563 0.0563 0.0563 0.0563 0.0563 0.0563 0.0563 0.0767  
78889 12 0.9443 0.9565 0.0028 0.0026 10841975.2935 71686.1830 3498231397.1200 828595.2380 10223658.1578 165493296.5087 2089789661.5545 2606727952.7456 1837206038.8386 1352129409.0167 788285292.9883 341344902.1254 119388565.2546 48648568.8435 554.0222 0.1823 0.0089 0.0025 0.0028 0.0030 0.0030 0.0030 0.0030 0.0031 0.0032 0.0030 0.0184 0.1356 0.2769 0.3802 0.4349 0.4701 0.5127 0.5465 0.5634 0.5688 1.1640 0.1870 0.0854 0.0731 0.0705 0.0667 0.0659 0.0659 0.0658 0.0657 0.0654 0.0662  
78889 15 0.9644 0.9579 0.0001 0.0001 3747710.8061 0.0000 1713650600.2510 842551.1601 2798398421.6641 16311755984.4154 28342846066.0126 11891485720.7916 1919189684.3977 636276526.9409 545213598.7377 542434675.3242 541335043.1920 540004252.8058 0.0000 0.0643 0.0001 0.0001 0.0001 0.0001 0.0001 0.0001 0.0001 0.0001 0.0001 0.0000 0.0045 0.0337 0.0592 0.0853 0.1005 0.1024 0.1026 0.1027 0.1028 0.1030 1.6453 0.2872 0.1837 0.1611 0.1601 0.1531 0.1372 0.1334 0.1333 0.1333 0.1333 0.0000  
78889 29 0.6237 0.9369 0.0220 0.0280 4773639.3097 234006.5828 43092857.8680 23563.1924 883380.7739 15862566.4341 217417780.0742 395050224.4426 346739282.6818 203651562.8623 96463143.4655 28245601.9913 4506634.9263 699001.5190 58.8345 2.1179 0.3819 0.0341 0.0210 0.0229 0.0342 0.0448 0.0487 0.0530 0.0692 0.0186 0.0010 0.0099 0.0325 0.0678 0.1129 0.1628 0.2161 0.2679 0.3137 0.3560 2.5550 0.2507 0.1096 0.0831 0.0757 0.0673 0.0611 0.0570 0.0557 0.0555 0.0555 0.0671  
78889 30 1.0197 0.9436 0.0192 0.0330 66203669.1384 43137.2040 276262788.9202 71228.8687 2317448.4240 30960372.6709 28700816.4342 19405256.1925 27954063.7916 35405274.5038 36819045.8324 36886830.9750 36886830.9750 36886830.9750 1.4491 0.0452 0.8710 1.8032 0.7990 0.0589 0.0208 0.0194 0.0194 0.0194 0.0194 1.4183 0.0091 0.1156 0.3985 0.8371 1.2571 1.4233 1.4453 1.4461 1.4461 1.4461 1.4461 0.1914 0.1316 0.1019 0.0720 0.0584 0.0564 0.0563 0.0563 0.0563 0.0563 0.0765  
78889 35 0.9125 0.8613 0.1701 0.4943 4828759.5066 137450.4477 42358509.4751 4127.6548 951441.3826 12564639.0187 9354857.4858 16038254.8826 13885442.9827 9332890.8128 7541678.6701 7181762.2649 7047992.2743 6923081.3208 1.9297 0.3193 1.0397 1.3525 0.2728 0.2379 0.1231 0.0364 0.0164 0.0148 0.0146 0.0412 0.0142 0.1164 0.2522 0.3538 0.4235 0.4826 0.5056 0.5112 0.5153 0.5197 1.4702 0.1322 0.1131 0.0842 0.0743 0.0718 0.0687 0.0664 0.0659 0.0658 0.0658 0.1035  
78889 36 0.6561 0.8876 0.0194 0.0702 21779468.7173 323734.4504 59955011.5099 240569.2208 8622369685.1149 9029330465.5856 2024015838.9407 1988445668.4143 1909701898.3774 1728688100.5533 1449306096.1294 1124469464.3241 816604798.9474 618469112.5065 0.1721 0.0617 0.0624 0.0958 0.0979 0.0979 0.0979 0.0979 0.0979 0.0979 0.0979 0.1056 0.0007 0.0051 0.0076 0.0077 0.0082 0.0095 0.0115 0.0137 0.0159 0.0173 1.4359 0.1944 0.1870 0.1344 0.1337 0.1337 0.1336 0.1336 0.1336 0.1336 0.1336 0.0997  
87673 4 0.9465 0.9803 0.0237 0.0228 18494038.1183 14440793.9519 928189473.2004 175512.8635 92849.4189 12363224.5845 62734170.0380 80127284.6686 80529532.8262 80529532.8262 80529532.8262 80529532.8262 80529532.8262 80529532.8262 0.3184 0.1330 0.0284 0.0232 0.0225 0.0225 0.0225 0.0225 0.0225 0.0225 0.0225 0.0285 0.0529 0.6088 1.3854 1.5348 1.5376 1.5376 1.5376 1.5376 1.5376 1.5376 1.5376 0.1018 0.0711 0.0573 0.0563 0.0563 0.0563 0.0563 0.0563 0.0563 0.0563 0.0764  
87673 12 0.9457 0.9588 0.0029 0.0027 10840321.6265 76437.2013 3336642723.8624 782421.3695 13934335.3431 166859752.4655 1763843947.2714 2357206361.1736 1828192019.0587 1369445484.8280 798848450.7971 345743880.1942 120726359.8329 49010835.9397 563.3233 0.1566 0.0105 0.0026 0.0029 0.0031 0.0032 0.0032 0.0032 0.0032 0.0033 0.0031 0.0184 0.1356 0.2769 0.3802 0.4349 0.4701 0.5127 0.5465 0.5634 0.5688 1.1640 0.1867 0.0892 0.0730 0.0701 0.0666 0.0659 0.0659 0.0658 0.0657 0.0654 0.0663  
87673 15 0.9280 0.9402 0.0002 0.0002 3778277.8721 0.0000 1623216650.3319 812575.9216 2064920526.7135 12920764965.0453 27726898074.8003 11631751132.1947 1832839984.0690 572232402.6165 482777910.5763 480091041.2026 479117792.9802 477939954.1925 0.0000 0.0881 0.0002 0.0002 0.0002 0.0002 0.0002 0.0002 0.0002 0.0002 0.0002 0.0000 0.0045 0.0337 0.0592 0.0853 0.1005 0.1024 0.1026 0.1027 0.1028 0.1030 1.6453 0.2926 0.1764 0.1610 0.1602 0.1539 0.1377 0.1334 0.1333 0.1333 0.1333 0.0000  
87673 29 0.8674 0.9321 0.0273 0.0393 5362374.7877 218142.5461 39135810.0864 14695.9377 1125471.9056 14710931.1254 190395545.5622 355574183.3319 319413646.4497 186082068.3013 86999447.6581 25366843.8468 4044943.5772 627226.0995 54.8567 2.2961 0.5580 0.0602 0.0275 0.0280 0.0435 0.0585 0.0634 0.0657 0.0728 0.0217 0.0010 0.0099 0.0325 0.0678 0.1129 0.1628 0.2161 0.2679 0.3137 0.3560 2.5550 0.2580 0.1177 0.0832 0.0754 0.0672 0.0612 0.0570 0.0557 0.0555 0.0555 0.0671  
87673 30 0.9813 0.9335 0.0157 0.0300 56926753.9684 40374.3933 270176978.6764 72630.7390 2635424.1082 24634625.0562 16733627.0672 13064209.5735 25718395.4127 35050547.7375 36703265.8459 36779884.7618 36779884.7618 36779884.7618 0.9180 0.0462 0.9971 2.2100 0.8051 0.0492 0.0206 0.0194 0.0194 0.0194 0.0194 1.5016 0.0091 0.1156 0.3985 0.8371 1.2571 1.4233 1.4453 1.4461 1.4461 1.4461 1.4461 0.1895 0.1357 0.1039 0.0699 0.0579 0.0564 0.0563 0.0563 0.0563 0.0563 0.0745  
87673 35 0.9243 0.9368 0.2038 0.5281 4127497.1306 139676.8927 36619448.6853 3766.5657 851044.5441 12267130.9924 8019537.9392 14125700.9943 12427967.5464 8506225.1328 6959844.8368 6646428.6654 6524233.6560 6408913.2558 1.8061 0.3106 1.0524 1.5086 0.2646 0.2291 0.1155 0.0340 0.0158 0.0143 0.0141 0.0353 0.0142 0.1164 0.2522 0.3538 0.4235 0.4826 0.5056 0.5112 0.5153 0.5197 1.4702 0.1312 0.1131 0.0850 0.0742 0.0717 0.0685 0.0664 0.0659 0.0658 0.0658 0.1046  
87673 36 0.3585 0.9231 0.0059 0.0188 1129835.7611 258756.3587 56135669.6249 157831.4585 7491360863.3894 7907327784.9454 1864490026.3017 1832968116.8484 1760380543.0032 1593518422.8471 1335978532.8055 1036537662.9168 752741889.3230 570096471.6148 0.1541 0.0011 0.0017 0.0054 0.0060 0.0060 0.0060 0.0060 0.0060 0.0060 0.0060 0.0110 0.0007 0.0051 0.0076 0.0077 0.0082 0.0095 0.0115 0.0137 0.0159 0.0173 1.4359 0.1940 0.1861 0.1339 0.1332 0.1332 0.1332 0.1332 0.1332 0.1332 0.1332 0.0994  
96433 4 0.9942 0.9883 0.0231 0.0224 17745063.7683 14003282.7622 912713220.8524 166116.1313 115414.6612 14015168.8317 62515996.2942 78427911.9960 78790559.8936 78790559.8936 78790559.8936 78790559.8936 78790559.8936 78790559.8936 0.4029 0.1313 0.0272 0.0227 0.0221 0.0221 0.0221 0.0221 0.0221 0.0221 0.0221 0.0292 0.0529 0.6088 1.3854 1.5348 1.5376 1.5376 1.5376 1.5376 1.5376 1.5376 1.5376 0.1018 0.0721 0.0574 0.0563 0.0563 0.0563 0.0563 0.0563 0.0563 0.0563 0.0766  
96433 12 0.9524 0.9655 0.0031 0.0029 10868402.3293 101188.5510 3181455722.4501 739898.2556 24448289.1603 204894107.4873 1561446201.5784 2170259647.5410 1781248209.9215 1347116003.6374 786062233.8881 340108096.9461 118641589.2088 48057873.3901 559.0129 0.1387 0.0102 0.0027 0.0031 0.0033 0.0033 0.0033 0.0033 0.0034 0.0035 0.0032 0.0184 0.1356 0.2769 0.3802 0.4349 0.4701 0.5127 0.5465 0.5634 0.5688 1.1640 0.1868 0.0954 0.0731 0.0698 0.0665 0.0659 0.0659 0.0658 0.0657 0.0655 0.0665  
96433 15 1.0601 1.0760 0.0001 0.0001 3488165.4298 0.0000 1625559819.8731 754049.1939 6254169249.4360 16352215763.8073 27209299172.9368 11360385067.3794 1751609936.3666 515462924.6347 427765871.6419 425168836.4831 424306927.3771 423263832.7655 0.0000 0.0911 0.0002 0.0001 0.0001 0.0001 0.0001 0.0001 0.0001 0.0001 0.0001 0.0000 0.0045 0.0337 0.0592 0.0853 0.1005 0.1024 0.1026 0.1027 0.1028 0.1030 1.6453 0.3093 0.1867 0.1610 0.1602 0.1543 0.1380 0.1335 0.1333 0.1333 0.1333 0.0000  
96433 29 0.8839 0.9272 0.0355 0.0478 6532701.4731 301456.9977 34996165.2015 12747.5078 1077422.0137 13189325.8187 166340317.5482 319547649.2306 292775741.6125 167485625.9877 76524726.2481 22145524.7659 3527961.6050 547057.5337 51.0423 2.4191 0.6310 0.0707 0.0300 0.0334 0.0585 0.0832 0.0914 0.0937 0.0991 0.0241 0.0010 0.0099 0.0325 0.0678 0.1129 0.1628 0.2161 0.2679 0.3137 0.3560 2.5550 0.2616 0.1220 0.0832 0.0751 0.0672 0.0614 0.0571 0.0557 0.0555 0.0555 0.0670  
96433 30 0.9509 0.9702 0.0154 0.0282 54087965.8905 45850.2143 258858361.4930 71273.1615 2407347.3513 24368619.3726 16515076.1467 10528629.0957 23495942.4002 33777994.1766 35587223.8404 35670194.3180 35670194.3180 35670194.3180 0.6910 0.0511 1.0159 2.2593 0.9427 0.0446 0.0202 0.0194 0.0194 0.0194 0.0194 1.8922 0.0091 0.1156 0.3985 0.8371 1.2571 1.4233 1.4453 1.4461 1.4461 1.4461 1.4461 0.1869 0.1359 0.1059 0.0703 0.0574 0.0564 0.0563 0.0563 0.0563 0.0563 0.0771  
96433 35 0.8792 0.8857 0.1855 0.5400 3766404.2150 182817.4312 33650371.8331 3481.3183 585241.7307 8434654.4916 5935789.4693 11763486.5645 10714858.4005 7623404.1261 6398122.8814 6144447.8680 6034330.8087 5928127.8946 1.2206 0.3004 1.0998 1.5180 0.2772 0.2465 0.1201 0.0350 0.0164 0.0149 0.0147 0.0400 0.0142 0.1164 0.2522 0.3538 0.4235 0.4826 0.5056 0.5112 0.5153 0.5197 1.4702 0.1316 0.1131 0.0842 0.0740 0.0716 0.0684 0.0664 0.0659 0.0658 0.0658 0.1046  
96433 36 0.8867 0.9919 0.0027 0.0060 1194393.6612 241487.3084 53673778.9125 56576.1191 7736033881.0698 8059476081.2376 1745154065.1185 1713652499.9396 1645788821.6789 1489785849.8549 1249006287.8612 969052601.9203 703725851.7350 532966736.8370 0.1378 0.0012 0.0018 0.0059 0.0060 0.0060 0.0060 0.0060 0.0060 0.0060 0.0060 0.0125 0.0007 0.0051 0.0076 0.0077 0.0082 0.0095 0.0115 0.0137 0.0159 0.0173 1.4359 0.1940 0.1868 0.1340 0.1332 0.1332 0.1332 0.1332 0.1332 0.1332 0.1332 0.0994  
