8761 4 0.7680 0.8140 0.1447 0.1783 24202929.6958 22160590.1501 252476836.1359 27109.8224 401263.5157 30405163.0594 30536657.7848 12658419.3581 12135027.3591 12135027.3591 12135027.3591 12135027.3591 12135027.3591 12135027.3591 0.8600 0.4019 0.2399 0.2171 0.1841 0.1811 0.1811 0.1811 0.1811 0.1811 0.1811 0.2216 0.0529 0.6088 1.3854 1.5348 1.5376 1.5376 1.5376 1.5376 1.5376 1.5376 1.5376 0.1033 0.0751 0.0634 0.0567 0.0563 0.0563 0.0563 0.0563 0.0563 0.0563 0.0771  
8761 12 1.5801 0.6928 0.0173 0.0302 16623097.0934 3478264.0281 1261629685.7677 41722.6384 768245823.0407 4014492432.7257 1642602163.0050 348200816.9078 95694614.0557 56205275.4865 35181903.0221 19047957.9578 11035042.2890 8478933.3086 395.4454 0.5639 0.0189 0.0268 0.0413 0.0462 0.0475 0.0484 0.0503 0.0532 0.0552 0.0348 0.0184 0.1356 0.2769 0.3802 0.4349 0.4701 0.5127 0.5465 0.5634 0.5688 1.1640 0.1868 0.1144 0.0852 0.0732 0.0675 0.0657 0.0651 0.0639 0.0622 0.0610 0.1008  
8761 15 0.0058 0.6890 0.0013 0.0019 6564911.5738 0.0000 1161284294.4594 3490.7199 1965187037.7265 14124085046.8649 6459224289.1914 3432484087.1425 1741334974.7699 1523772354.4584 1507657549.6092 1506018050.5760 1502966528.1659 1499273532.0051 0.0000 0.8852 0.0026 0.0019 0.0019 0.0019 0.0019 0.0020 0.0022 0.0026 0.0032 0.0000 0.0045 0.0337 0.0592 0.0853 0.1005 0.1024 0.1026 0.1027 0.1028 0.1030 1.6453 0.2698 0.2039 0.1621 0.1519 0.1373 0.1336 0.1333 0.1333 0.1333 0.1333 0.0000  
8761 29 0.5389 0.6730 0.0564 0.0898 69903738.2923 179886796.1230 173285392.0329 68972.6572 4459712.0561 448331838.7917 933626802.5053 764815247.5455 492719739.6595 331531489.5024 229644774.8557 158121109.0379 128073174.9019 117248853.7074 70.3559 4.2876 0.9950 0.1875 0.0586 0.0454 0.0827 0.2701 0.5743 0.7564 0.8288 0.0410 0.0010 0.0099 0.0325 0.0678 0.1129 0.1628 0.2161 0.2679 0.3137 0.3560 2.5550 0.1504 0.1161 0.1005 0.0811 0.0678 0.0593 0.0537 0.0494 0.0466 0.0448 0.0670  
8761 30 0.1210 0.8892 0.0162 0.0364 20844636.0933 35045.8459 169520723.9406 3784.6560 10.8628 4720.5326 1014883.6334 9364322.0199 19018105.3289 21619879.6425 21832788.8575 21837953.6689 21837953.6689 21837953.6689 0.5109 1.1008 3.2774 0.8596 0.2031 0.0622 0.0298 0.0244 0.0242 0.0242 0.0242 0.2471 0.0091 0.1156 0.3985 0.8371 1.2571 1.4233 1.4453 1.4461 1.4461 1.4461 1.4461 0.1307 0.0834 0.0688 0.0638 0.0594 0.0568 0.0563 0.0563 0.0563 0.0563 0.0661  
8761 35 1.0581 0.4801 0.2816 0.5479 12208402.7953 1762265.4353 108650785.3609 13284.1821 4342335.7451 59691461.4505 63496961.1128 66008910.3105 45119768.2950 22895127.0273 14358211.2846 12775201.1837 12466611.2660 12238151.7048 12.2899 0.4231 1.5499 1.7080 0.2557 0.1886 0.1307 0.0634 0.0429 0.0412 0.0410 0.0600 0.0142 0.1164 0.2522 0.3538 0.4235 0.4826 0.5056 0.5112 0.5153 0.5197 1.4702 0.1343 0.1129 0.0845 0.0758 0.0726 0.0699 0.0669 0.0660 0.0658 0.0658 0.0990  
8761 36 1.5534 0.5683 0.0444 0.0998 147776543.6963 1822715.1498 227577931.5128 274034.3646 40684114318.7736 41210987318.6805 7183557796.2954 7029526622.6616 6751242451.7607 6111531214.5775 5124182126.8997 3976194257.0610 2888186113.5803 2187965318.1350 1.1049 1.1607 0.1330 0.1423 0.1425 0.1425 0.1425 0.1425 0.1425 0.1425 0.1426 0.1599 0.0007 0.0051 0.0076 0.0077 0.0082 0.0095 0.0115 0.0137 0.0159 0.0173 1.4359 0.1898 0.1844 0.1300 0.1289 0.1289 0.1289 0.1289 0.1289 0.1289 0.1289 0.0960  
17545 4 3.4259 1.6577 0.0549 0.0596 16087140.5600 4301545.3317 436001890.9599 17892.4331 658557.6246 47739441.7308 50887138.2289 29505655.5971 28906309.1857 28906309.1857 28906309.1857 28906309.1857 28906309.1857 28906309.1857 1.3266 0.1197 0.0523 0.0486 0.0410 0.0404 0.0404 0.0404 0.0404 0.0404 0.0404 0.0518 0.0529 0.6088 1.3854 1.5348 1.5376 1.5376 1.5376 1.5376 1.5376 1.5376 1.5376 0.1031 0.0750 0.0624 0.0565 0.0563 0.0563 0.0563 0.0563 0.0563 0.0563 0.0773  
17545 12 1.3588 1.4950 0.0087 0.0124 17635106.7604 196860.7177 2796376815.9703 679336.3813 822898693.7732 5001141654.9254 4087146612.8862 1743951715.7190 399008892.8498 186166016.3221 108270100.6469 50189146.2430 21344882.9887 12149883.0311 496.2910 0.0993 0.0044 0.0078 0.0125 0.0144 0.0153 0.0155 0.0160 0.0168 0.0176 0.0052 0.0184 0.1356 0.2769 0.3802 0.4349 0.4701 0.5127 0.5465 0.5634 0.5688 1.1640 0.1859 0.1061 0.0811 0.0738 0.0695 0.0660 0.0655 0.0648 0.0633 0.0619 0.0987  
17545 15 1.2049 1.1792 0.0002 0.0003 889398.5847 77951.6768 1264654726.9834 424850.0644 4093859633.6191 17853411045.4706 9668341456.4542 4621561398.5647 1728273612.2200 1356058615.6536 1329082121.1127 1327308875.7469 1324618342.2344 1321362220.3877 0.0000 0.0140 0.0002 0.0003 0.0003 0.0003 0.0003 0.0003 0.0003 0.0003 0.0003 0.0000 0.0045 0.0337 0.0592 0.0853 0.1005 0.1024 0.1026 0.1027 0.1028 0.1030 1.6453 0.2856 0.2028 0.1621 0.1549 0.1396 0.1338 0.1333 0.1333 0.1333 0.1333 0.0000  
17545 29 0.7383 0.8727 0.0366 0.0648 16147012.7535 937415.4893 154546736.2782 99427.2317 1465506.2394 170076007.9954 657296975.9146 753791307.9705 501104143.3329 324945322.1917 215596354.3226 141487821.0737 109146257.1093 95855791.6087 72.8488 2.8116 0.5727 0.2065 0.0301 0.0081 0.0104 0.0281 0.0676 0.1145 0.1569 0.0057 0.0010 0.0099 0.0325 0.0678 0.1129 0.1628 0.2161 0.2679 0.3137 0.3560 2.5550 0.1992 0.1110 0.0932 0.0798 0.0682 0.0597 0.0544 0.0502 0.0470 0.0451 0.0671  
17545 30 1.7477 2.2369 0.0030 0.0069 3772308.7218 1841982.5458 184508573.3606 37796.3448 3475409.1057 104593617.3596 148868458.5767 46369820.8918 19636897.4608 22030889.5682 22981810.4548 23031623.8521 23031623.8521 23031623.8521 5.6114 0.0036 0.0171 0.0635 0.0665 0.0078 0.0037 0.0033 0.0033 0.0033 0.0033 0.1270 0.0091 0.1156 0.3985 0.8371 1.2571 1.4233 1.4453 1.4461 1.4461 1.4461 1.4461 0.1842 0.1293 0.1029 0.0802 0.0590 0.0564 0.0563 0.0563 0.0563 0.0563 0.0860  
17545 35 0.9832 0.8174 0.2307 0.2957 10909240.0670 1600.3231 95376587.4060 9904.3935 1208768.0628 20873126.4030 41858559.0633 57996340.6058 42681368.5435 21653030.7642 13505175.9217 11994951.6140 11702964.5538 11487778.7468 5.7309 0.3102 1.0478 0.6617 0.1855 0.1774 0.1162 0.0365 0.0108 0.0086 0.0083 0.0596 0.0142 0.1164 0.2522 0.3538 0.4235 0.4826 0.5056 0.5112 0.5153 0.5197 1.4702 0.1306 0.1093 0.0820 0.0749 0.0726 0.0701 0.0670 0.0660 0.0659 0.0658 0.0954  
17545 36 0.9694 0.8618 0.0535 0.0991 134937352.7481 674071.6885 207508974.0428 692827.3307 30309286153.2704 31421500703.3226 6574111592.2722 6452235842.5304 6196779347.2260 5609543680.0678 4703186927.1052 3649368605.8466 2650609867.9538 2007828247.6466 0.8701 0.0986 0.0989 0.1322 0.1345 0.1345 0.1345 0.1345 0.1345 0.1345 0.1345 0.1391 0.0007 0.0051 0.0076 0.0077 0.0082 0.0095 0.0115 0.0137 0.0159 0.0173 1.4359 0.1946 0.1881 0.1347 0.1338 0.1338 0.1338 0.1338 0.1338 0.1338 0.1338 0.0999  
26305 4 1.3081 1.1367 0.0327 0.0491 17818672.3885 25853233.5133 553690344.2134 61297.9489 320256.4783 28331344.8115 48182469.3022 41083773.8716 40834388.1785 40834388.1785 40834388.1785 40834388.1785 40834388.1785 40834388.1785 0.6900 0.1194 0.0590 0.0511 0.0446 0.0444 0.0444 0.0444 0.0444 0.0444 0.0444 0.0583 0.0529 0.6088 1.3854 1.5348 1.5376 1.5376 1.5376 1.5376 1.5376 1.5376 1.5376 0.1026 0.0733 0.0604 0.0564 0.0563 0.0563 0.0563 0.0563 0.0563 0.0563 0.0766  
26305 12 1.0092 0.9700 0.0046 0.0053 15871346.0315 214290.5134 3684812614.9302 923080.5984 84821294.7436 1431799799.6064 4892608954.7112 3527316752.7295 972638347.0369 504167861.1585 290513635.3734 128335147.1490 47794831.8281 22124181.5975 283.5727 0.0957 0.0041 0.0038 0.0050 0.0055 0.0058 0.0058 0.0060 0.0063 0.0069 0.0049 0.0184 0.1356 0.2769 0.3802 0.4349 0.4701 0.5127 0.5465 0.5634 0.5688 1.1640 0.1624 0.0936 0.0772 0.0730 0.0689 0.0661 0.0658 0.0656 0.0649 0.0639 0.0834  
26305 15 1.1774 1.0927 0.0003 0.0005 3173118.8149 0.0000 1418905388.7512 511883.3107 3508910549.0346 18448608629.2130 14454930965.4775 6502988827.6375 1821773786.4826 1219546048.4095 1176361882.1200 1174297214.5881 1171916718.7182 1169035808.8699 0.0000 0.0652 0.0004 0.0004 0.0005 0.0005 0.0005 0.0005 0.0005 0.0005 0.0005 0.0000 0.0045 0.0337 0.0592 0.0853 0.1005 0.1024 0.1026 0.1027 0.1028 0.1030 1.6453 0.2850 0.1992 0.1618 0.1571 0.1426 0.1342 0.1333 0.1333 0.1333 0.1333 0.0000  
26305 29 1.2649 0.8870 0.0180 0.0556 21202494.2967 968560.9768 132198137.9804 73403.2080 147495.8910 43202183.2184 475331687.1495 691882891.3119 496297016.7927 316712620.7114 199656050.0358 121679132.6123 86762751.9054 71279169.5102 74.9839 3.8089 1.0266 0.1732 0.0233 0.0093 0.0150 0.0432 0.1081 0.1842 0.2514 0.0067 0.0010 0.0099 0.0325 0.0678 0.1129 0.1628 0.2161 0.2679 0.3137 0.3560 2.5550 0.2139 0.1005 0.0858 0.0784 0.0680 0.0600 0.0547 0.0505 0.0472 0.0454 0.0670  
26305 30 1.4506 1.2224 0.0034 0.0181 37768712.0988 3901236.3532 264832570.4167 66056.6754 2849662.7835 113170353.3685 193786532.8956 93984912.3517 43110732.9947 28566799.3152 26753732.8347 26682099.1887 26682099.1887 26682099.1887 9.1007 0.0060 0.0864 0.2342 0.1847 0.0414 0.0084 0.0067 0.0067 0.0067 0.0067 0.2658 0.0091 0.1156 0.3985 0.8371 1.2571 1.4233 1.4453 1.4461 1.4461 1.4461 1.4461 0.1809 0.1245 0.0968 0.0762 0.0621 0.0569 0.0563 0.0563 0.0563 0.0563 0.0811  
26305 35 0.8910 0.9060 0.2042 0.2942 9903149.5479 3306.7175 81363732.6599 9737.9042 1336051.0913 18632343.5176 33216959.5466 48985095.8722 36993903.0441 19367353.0240 12521797.1963 11245551.1973 10981883.2081 10780628.2858 4.6174 0.3091 0.9907 0.6796 0.1943 0.1839 0.1188 0.0377 0.0124 0.0102 0.0099 0.0588 0.0142 0.1164 0.2522 0.3538 0.4235 0.4826 0.5056 0.5112 0.5153 0.5197 1.4702 0.1366 0.1106 0.0817 0.0746 0.0726 0.0700 0.0669 0.0660 0.0659 0.0658 0.0963  
26305 36 0.8813 0.9209 0.0563 0.0990 122132815.7056 777826.9703 181179900.8375 671652.4769 26813933266.9584 27837645237.9107 5883501677.9904 5775284581.6212 5546612898.2422 5020949346.6081 4209624803.1861 3266300151.4906 2372262042.6683 1796876574.6027 0.6848 0.0986 0.0990 0.1298 0.1342 0.1342 0.1342 0.1342 0.1342 0.1342 0.1342 0.1396 0.0007 0.0051 0.0076 0.0077 0.0082 0.0095 0.0115 0.0137 0.0159 0.0173 1.4359 0.1946 0.1879 0.1347 0.1338 0.1338 0.1338 0.1338 0.1338 0.1338 0.1338 0.0999  
35065 4 1.3568 1.1875 0.0419 0.0417 26580609.0472 4312843.4094 670959907.2572 80182.9824 526819.8993 40231882.0752 62203534.9630 51853239.1201 51518699.8233 51518699.8233 51518699.8233 51518699.8233 51518699.8233 51518699.8233 0.8508 0.1236 0.0519 0.0437 0.0379 0.0377 0.0377 0.0377 0.0377 0.0377 0.0377 0.0501 0.0529 0.6088 1.3854 1.5348 1.5376 1.5376 1.5376 1.5376 1.5376 1.5376 1.5376 0.1029 0.0745 0.0604 0.0564 0.0563 0.0563 0.0563 0.0563 0.0563 0.0563 0.0778  
35065 12 0.9646 0.9549 0.0030 0.0030 11555147.0438 87802.9713 3796259469.6076 931594.1953 17086243.0637 373013511.0841 3999212973.4596 3684729022.0746 1393689218.9385 853895785.4805 494804507.2522 215991840.7739 77529620.6287 33399093.1289 355.3188 0.1449 0.0049 0.0026 0.0029 0.0031 0.0032 0.0033 0.0033 0.0034 0.0037 0.0038 0.0184 0.1356 0.2769 0.3802 0.4349 0.4701 0.5127 0.5465 0.5634 0.5688 1.1640 0.1750 0.0859 0.0741 0.0723 0.0682 0.0660 0.0659 0.0657 0.0654 0.0647 0.0684  
35065 15 1.0972 1.0287 0.0003 0.0004 4861359.6687 0.0000 1501082998.7690 602700.0869 2794942617.9102 17241174515.6377 17728252787.2992 7793935298.2667 1869755782.5517 1107623516.7166 1053179897.3400 1050926711.6085 1048796279.3251 1046217999.9838 0.0000 0.0564 0.0004 0.0004 0.0005 0.0005 0.0005 0.0005 0.0005 0.0005 0.0005 0.0000 0.0045 0.0337 0.0592 0.0853 0.1005 0.1024 0.1026 0.1027 0.1028 0.1030 1.6453 0.2840 0.1939 0.1614 0.1583 0.1454 0.1346 0.1334 0.1333 0.1333 0.1333 0.0000  
35065 29 0.9604 0.9123 0.0167 0.0246 32301058.2928 1015403.8134 103199632.0807 92851.1541 47527.8429 25977325.0797 390197577.6014 623026063.7983 485892084.9100 304472350.2032 177031317.8338 92393042.3505 55688298.3574 40592659.4529 76.7377 5.8174 0.6688 0.0384 0.0133 0.0131 0.0282 0.0869 0.2329 0.3981 0.5179 0.0092 0.0010 0.0099 0.0325 0.0678 0.1129 0.1628 0.2161 0.2679 0.3137 0.3560 2.5550 0.2690 0.0980 0.0837 0.0775 0.0677 0.0603 0.0551 0.0510 0.0477 0.0460 0.0670  
35065 30 0.9751 1.0466 0.0027 0.0247 66035378.6731 1756037.0118 376072567.8442 95821.6950 2582406.7407 102834062.9420 163751111.0674 87735683.0037 57523645.2477 43330987.4450 40992282.0315 40887672.4249 40887672.4249 40887672.4249 7.8882 0.0147 0.1993 0.4721 0.2487 0.0509 0.0141 0.0104 0.0102 0.0102 0.0102 0.3921 0.0091 0.1156 0.3985 0.8371 1.2571 1.4233 1.4453 1.4461 1.4461 1.4461 1.4461 0.1794 0.1242 0.0962 0.0731 0.0617 0.0570 0.0563 0.0563 0.0563 0.0563 0.0774  
35065 35 0.8033 0.8816 0.2577 0.3030 9307720.1841 2863.8174 74631071.4941 8676.8230 1210823.4254 14235266.1689 25426285.9915 39473305.8926 30657738.0424 16905107.4779 11552038.3212 10543061.2753 10309519.0303 10121627.4592 3.4468 0.3757 0.9485 0.6563 0.2199 0.2083 0.1289 0.0396 0.0133 0.0111 0.0108 0.0672 0.0142 0.1164 0.2522 0.3538 0.4235 0.4826 0.5056 0.5112 0.5153 0.5197 1.4702 0.1402 0.1107 0.0814 0.0745 0.0725 0.0697 0.0668 0.0660 0.0658 0.0658 0.0965  
35065 36 0.8865 0.8743 0.0570 0.0992 109838972.9854 741772.8072 160596495.0984 591895.1732 20657644896.4984 21894035099.0800 5293147687.6039 5205344156.3408 4999224963.8642 4525404396.2214 3794095835.2450 2943805530.1818 2137940937.0702 1619302222.1306 0.5385 0.0987 0.0993 0.1332 0.1357 0.1357 0.1357 0.1357 0.1357 0.1357 0.1357 0.1404 0.0007 0.0051 0.0076 0.0077 0.0082 0.0095 0.0115 0.0137 0.0159 0.0173 1.4359 0.1946 0.1870 0.1346 0.1338 0.1338 0.1338 0.1338 0.1338 0.1338 0.1338 0.0999  
43825 4 1.1056 1.0576 0.0401 0.0388 24146936.6668 14609059.4517 732022525.4387 108793.0405 302131.4063 26608107.0731 58195550.3347 59644249.2261 59632062.2152 59632062.2152 59632062.2152 59632062.2152 59632062.2152 59632062.2152 0.6800 0.1345 0.0476 0.0407 0.0362 0.0361 0.0361 0.0361 0.0361 0.0361 0.0361 0.0473 0.0529 0.6088 1.3854 1.5348 1.5376 1.5376 1.5376 1.5376 1.5376 1.5376 1.5376 0.1030 0.0732 0.0592 0.0563 0.0563 0.0563 0.0563 0.0563 0.0563 0.0563 0.0771  
43825 12 0.9551 0.9560 0.0027 0.0026 11056356.5528 82945.3708 3742269127.5075 898647.9919 18600098.3380 236273771.2100 3084758296.3105 3231196540.1566 1658585932.3816 1132125642.6814 658590599.0311 286241004.9329 101327250.6271 42392502.7142 465.1110 0.1630 0.0084 0.0025 0.0027 0.0029 0.0030 0.0030 0.0030 0.0031 0.0033 0.0033 0.0184 0.1356 0.2769 0.3802 0.4349 0.4701 0.5127 0.5465 0.5634 0.5688 1.1640 0.1884 0.0841 0.0734 0.0716 0.0674 0.0660 0.0659 0.0658 0.0656 0.0651 0.0664  
43825 15 1.1241 1.0997 0.0003 0.0004 4782887.9737 0.0000 1659888450.6623 661278.0709 4108731166.4212 18455816556.7108 21623048073.7221 9344932197.9860 1981696227.3594 1034432644.7828 966926495.8224 964408511.0456 962453455.8522 960087420.3546 0.0000 0.0481 0.0004 0.0004 0.0004 0.0004 0.0004 0.0004 0.0004 0.0004 0.0004 0.0000 0.0045 0.0337 0.0592 0.0853 0.1005 0.1024 0.1026 0.1027 0.1028 0.1030 1.6453 0.2906 0.1943 0.1613 0.1589 0.1472 0.1350 0.1334 0.1333 0.1333 0.1333 0.0000  
43825 29 0.9077 0.9194 0.0164 0.0187 25013514.1481 1044604.2887 82124496.7105 89170.4338 27877.2662 20367598.4967 317600044.1571 557382139.4134 478369582.2678 294871942.3379 157806589.0591 68078534.9901 32126587.8420 20357773.4874 78.9700 6.0305 0.4975 0.0190 0.0124 0.0137 0.0286 0.0885 0.2676 0.5063 0.6451 0.0099 0.0010 0.0099 0.0325 0.0678 0.1129 0.1628 0.2161 0.2679 0.3137 0.3560 2.5550 0.2900 0.0953 0.0832 0.0764 0.0674 0.0606 0.0557 0.0520 0.0485 0.0467 0.0671  
43825 30 1.2382 0.8995 0.0246 0.0364 92390610.3803 61069.4398 450404868.4954 93435.0565 2214643.4293 59285123.4269 80975229.4628 61105709.0359 57070504.6995 54911233.8068 54663561.8347 54656141.6533 54656141.6533 54656141.6533 4.8822 0.0321 0.5012 0.9935 0.4636 0.0696 0.0229 0.0190 0.0189 0.0189 0.0189 0.8502 0.0091 0.1156 0.3985 0.8371 1.2571 1.4233 1.4453 1.4461 1.4461 1.4461 1.4461 0.1784 0.1247 0.0958 0.0722 0.0604 0.0567 0.0563 0.0563 0.0563 0.0563 0.0778  
43825 35 0.8426 0.9504 0.2990 0.3521 8418980.7054 3551.7811 66843569.4846 6970.2492 1860580.5726 21720324.7975 24017338.3476 32069641.8690 24757180.9115 14554525.8949 10591617.0052 9832178.3500 9627887.8271 9453763.0489 4.2944 0.3735 0.8497 0.8171 0.2452 0.2228 0.1313 0.0391 0.0140 0.0119 0.0117 0.0599 0.0142 0.1164 0.2522 0.3538 0.4235 0.4826 0.5056 0.5112 0.5153 0.5197 1.4702 0.1399 0.1119 0.0830 0.0747 0.0723 0.0694 0.0667 0.0659 0.0658 0.0658 0.0995  
43825 36 0.8945 0.8885 0.0551 0.0954 93706926.6767 780491.0105 145043250.8653 524712.4091 16505993618.6886 17799816887.1968 4748967659.8356 4675781445.3622 4490621106.5668 4064980117.9276 3408033332.5512 2644203244.4968 1920281520.7436 1454379636.5140 0.4253 0.0934 0.0941 0.1280 0.1307 0.1307 0.1307 0.1307 0.1307 0.1307 0.1307 0.1362 0.0007 0.0051 0.0076 0.0077 0.0082 0.0095 0.0115 0.0137 0.0159 0.0173 1.4359 0.1946 0.1861 0.1345 0.1338 0.1338 0.1338 0.1338 0.1338 0.1338 0.1338 0.0998  
52609 4 1.0810 1.0369 0.0321 0.0313 19767009.5321 15518107.1108 769358877.2443 120283.4492 353293.4526 23763132.2066 58196674.3390 63762706.1033 63855377.3969 63855377.3969 63855377.3969 63855377.3969 63855377.3969 63855377.3969 0.5384 0.1189 0.0364 0.0312 0.0296 0.0296 0.0296 0.0296 0.0296 0.0296 0.0296 0.0355 0.0529 0.6088 1.3854 1.5348 1.5376 1.5376 1.5376 1.5376 1.5376 1.5376 1.5376 0.1027 0.0738 0.0586 0.0563 0.0563 0.0563 0.0563 0.0563 0.0563 0.0563 0.0773  
52609 12 0.9502 0.9559 0.0027 0.0026 10941404.3771 78179.5317 3618592273.4060 858282.1904 17383394.7188 186220519.7396 2395453771.0405 2817877032.4419 1812632557.5469 1309327355.6356 763128664.4068 331018473.2305 116426915.4977 48033813.2385 537.1054 0.1617 0.0098 0.0025 0.0027 0.0029 0.0030 0.0030 0.0030 0.0031 0.0032 0.0032 0.0184 0.1356 0.2769 0.3802 0.4349 0.4701 0.5127 0.5465 0.5634 0.5688 1.1640 0.1874 0.0852 0.0732 0.0709 0.0669 0.0659 0.0659 0.0658 0.0656 0.0653 0.0662  
52609 15 1.1099 1.0291 0.0003 0.0006 5457338.7673 0.0000 1758510158.3386 743319.9686 2782114440.7199 18359479171.4503 24491835855.7652 10505761142.6453 2087865235.5286 1004922065.4313 927831155.2303 925099185.7330 923223813.4446 920954211.3296 0.0000 0.0332 0.0005 0.0005 0.0006 0.0006 0.0006 0.0006 0.0006 0.0006 0.0006 0.0000 0.0045 0.0337 0.0592 0.0853 0.1005 0.1024 0.1026 0.1027 0.1028 0.1030 1.6453 0.2851 0.1898 0.1612 0.1593 0.1489 0.1355 0.1334 0.1333 0.1333 0.1333 0.0000  
52609 29 0.8227 0.9200 0.0202 0.0209 21065979.5684 704758.1573 66041360.7165 80938.1524 13029.9990 16036606.1566 256524433.9711 497394315.5504 464669072.1070 282705179.1110 140532338.3985 48569001.0444 14753594.3023 7062710.5428 79.3855 6.1225 0.3249 0.0168 0.0143 0.0178 0.0351 0.0943 0.3068 0.7381 1.0146 0.0134 0.0010 0.0099 0.0325 0.0678 0.1129 0.1628 0.2161 0.2679 0.3137 0.3560 2.5550 0.2890 0.0914 0.0828 0.0753 0.0670 0.0609 0.0564 0.0535 0.0499 0.0476 0.0671  
52609 30 1.0891 1.0012 0.0184 0.0311 93392831.4453 56328.4453 479387244.7793 115693.1922 3682379.2496 73120635.4061 63342982.0894 31807249.9944 48574575.1180 61210430.8379 63283719.0351 63375392.1730 63375392.1730 63375392.1730 2.5120 0.0350 0.5901 1.3997 0.6166 0.0523 0.0211 0.0189 0.0189 0.0189 0.0189 1.3269 0.0091 0.1156 0.3985 0.8371 1.2571 1.4233 1.4453 1.4461 1.4461 1.4461 1.4461 0.1794 0.1314 0.1019 0.0712 0.0588 0.0565 0.0563 0.0563 0.0563 0.0563 0.0779  
52609 35 0.9253 0.9275 0.1512 0.3663 6969869.8844 44915.5865 58863991.0644 5872.9666 1700490.4938 21756954.0298 22398904.4851 26648760.9959 20412534.1841 12718342.1834 9737888.7816 9155875.9421 8974941.8907 8813539.9463 4.3008 0.3225 0.8588 0.8899 0.2408 0.2158 0.1210 0.0361 0.0147 0.0129 0.0127 0.0531 0.0142 0.1164 0.2522 0.3538 0.4235 0.4826 0.5056 0.5112 0.5153 0.5197 1.4702 0.1378 0.1117 0.0838 0.0749 0.0722 0.0691 0.0666 0.0659 0.0658 0.0658 0.0999  
52609 36 0.9057 0.9502 0.0542 0.0941 84453782.4546 584522.6034 129935419.3220 469331.3684 15798860044.8640 16881106523.1603 4280295324.9656 4211788157.1913 4044993406.1171 3661570675.1435 3069784787.0871 2381717082.0167 1729599330.8847 1309909081.3620 0.3362 0.0930 0.0937 0.1237 0.1282 0.1282 0.1282 0.1282 0.1282 0.1282 0.1282 0.1354 0.0007 0.0051 0.0076 0.0077 0.0082 0.0095 0.0115 0.0137 0.0159 0.0173 1.4359 0.1946 0.1865 0.1345 0.1338 0.1338 0.1338 0.1338 0.1338 0.1338 0.1338 0.0998  
61369 4 1.0614 1.0261 0.0315 0.0300 19764393.7040 15613225.9920 793195268.3380 130022.1519 301132.8105 22983789.2289 60746212.0147 66358253.6594 66438337.3280 66438337.3280 66438337.3280 66438337.3280 66438337.3280 66438337.3280 0.4629 0.1280 0.0398 0.0314 0.0282 0.0282 0.0282 0.0282 0.0282 0.0282 0.0282 0.0401 0.0529 0.6088 1.3854 1.5348 1.5376 1.5376 1.5376 1.5376 1.5376 1.5376 1.5376 0.1024 0.0734 0.0585 0.0563 0.0563 0.0563 0.0563 0.0563 0.0563 0.0563 0.0774  
61369 12 0.9445 0.9565 0.0028 0.0027 10882717.1646 75634.2107 3448330662.0973 815504.3875 20819485.2204 159509524.4822 1978750067.4038 2524095342.1348 1839403263.9166 1362582352.2923 794815792.3438 344472460.9213 120826133.3176 49547335.7216 558.2192 0.1674 0.0119 0.0025 0.0028 0.0030 0.0031 0.0031 0.0031 0.0032 0.0033 0.0032 0.0184 0.1356 0.2769 0.3802 0.4349 0.4701 0.5127 0.5465 0.5634 0.5688 1.1640 0.1896 0.0869 0.0731 0.0704 0.0667 0.0659 0.0659 0.0658 0.0657 0.0653 0.0662  
61369 15 1.0224 1.0194 0.0003 0.0004 4871742.6230 0.0000 1836304000.4535 824976.2198 1691692806.5557 18666962044.4828 26236994548.9793 11219729224.5620 2171561758.6129 1007535592.6604 924707153.1539 921830589.0452 919961840.6681 917700254.9051 0.0000 0.0382 0.0003 0.0003 0.0004 0.0004 0.0004 0.0004 0.0004 0.0004 0.0004 0.0000 0.0045 0.0337 0.0592 0.0853 0.1005 0.1024 0.1026 0.1027 0.1028 0.1030 1.6453 0.2812 0.1871 0.1612 0.1594 0.1495 0.1357 0.1334 0.1333 0.1333 0.1333 0.0000  
61369 29 0.7292 0.9242 0.0239 0.0282 14531999.0187 602700.6634 57099767.8969 66590.3886 11898.0185 12113389.8865 199956160.8644 439758513.5315 448524373.2945 269990953.1087 127604800.9065 38010310.2098 6765211.4349 1504025.6060 79.1089 6.2051 0.3626 0.0278 0.0222 0.0241 0.0399 0.0782 0.2205 0.7473 1.5072 0.0187 0.0010 0.0099 0.0325 0.0678 0.1129 0.1628 0.2161 0.2679 0.3137 0.3560 2.5550 0.3015 0.0924 0.0824 0.0742 0.0668 0.0611 0.0568 0.0550 0.0529 0.0500 0.0670  
61369 30 1.0078 1.0510 0.0210 0.0284 93181652.4243 65919.6512 476417893.9587 125998.9311 4656301.2307 89553061.4617 85368231.0171 31285002.7806 44911276.7789 61326099.4154 64268702.1621 64403699.4944 64403699.4944 64403699.4944 3.1578 0.0316 0.5174 1.2311 0.7811 0.0459 0.0198 0.0188 0.0188 0.0188 0.0188 1.5347 0.0091 0.1156 0.3985 0.8371 1.2571 1.4233 1.4453 1.4461 1.4461 1.4461 1.4461 0.1803 0.1309 0.1031 0.0750 0.0578 0.0564 0.0563 0.0563 0.0563 0.0563 0.0826  
61369 35 0.7498 0.9142 0.1117 0.3544 5872623.4991 94084.3543 50188131.6748 5434.1795 1546957.6335 18683748.8838 20942378.0006 22150721.7322 16739635.4165 11117872.0691 8950306.9887 8515623.1994 8355316.9727 8205894.4721 3.9697 0.3705 0.8679 0.8528 0.2362 0.2138 0.1130 0.0334 0.0146 0.0131 0.0129 0.0543 0.0142 0.1164 0.2522 0.3538 0.4235 0.4826 0.5056 0.5112 0.5153 0.5197 1.4702 0.1392 0.1115 0.0840 0.0752 0.0720 0.0688 0.0665 0.0659 0.0658 0.0658 0.0990  
61369 36 0.8691 0.9089 0.0540 0.0937 74961517.1432 539118.0472 112484521.9268 425072.4158 13777014526.7003 14723320388.5089 3736874621.2362 3677108377.3997 3531482926.1597 3196723541.5523 2680046089.6192 2079306741.5211 1509954641.5834 1143530748.9460 0.2657 0.0929 0.0936 0.1256 0.1289 0.1289 0.1289 0.1289 0.1289 0.1289 0.1289 0.1354 0.0007 0.0051 0.0076 0.0077 0.0082 0.0095 0.0115 0.0137 0.0159 0.0173 1.4359 0.1946 0.1863 0.1345 0.1338 0.1338 0.1338 0.1338 0.1338 0.1338 0.1338 0.0998  
70129 4 1.0053 1.0029 0.0299 0.0287 19661826.6216 15096095.6786 804720399.5627 138001.0532 208586.9270 17440245.7263 58658364.5733 67704424.0201 67874581.1883 67874581.1883 67874581.1883 67874581.1883 67874581.1883 67874581.1883 0.3694 0.1285 0.0349 0.0292 0.0278 0.0278 0.0278 0.0278 0.0278 0.0278 0.0278 0.0365 0.0529 0.6088 1.3854 1.5348 1.5376 1.5376 1.5376 1.5376 1.5376 1.5376 1.5376 0.1031 0.0721 0.0581 0.0563 0.0563 0.0563 0.0563 0.0563 0.0563 0.0563 0.0771  
70129 12 0.9448 0.9600 0.0030 0.0028 10836130.9919 88136.2519 3274940442.7341 770257.4262 30630825.6690 170208080.1908 1720546555.1864 2306722654.1264 1799370948.6377 1349364294.6959 787409333.5093 341121946.4911 119489875.3218 48853131.1057 555.1851 0.1660 0.0124 0.0026 0.0030 0.0032 0.0032 0.0032 0.0032 0.0033 0.0034 0.0032 0.0184 0.1356 0.2769 0.3802 0.4349 0.4701 0.5127 0.5465 0.5634 0.5688 1.1640 0.1898 0.0919 0.0730 0.0700 0.0665 0.0659 0.0659 0.0658 0.0657 0.0654 0.0663  
70129 15 0.9666 0.9689 0.0003 0.0004 4608646.3544 0.0000 1844752084.8714 843425.1256 1245111120.9888 14711411184.4430 27127635418.7505 11645171609.5935 2249916537.8041 1041238341.2464 955234952.0574 952252125.9427 950321705.6658 947985483.6962 0.0000 0.0569 0.0003 0.0003 0.0004 0.0004 0.0004 0.0004 0.0004 0.0004 0.0004 0.0000 0.0045 0.0337 0.0592 0.0853 0.1005 0.1024 0.1026 0.1027 0.1028 0.1030 1.6453 0.2839 0.1809 0.1611 0.1595 0.1498 0.1357 0.1334 0.1333 0.1333 0.1333 0.0000  
70129 29 0.4622 0.9320 0.0230 0.0309 7409934.0668 349348.5864 53461746.5487 48560.1506 36587.8116 9064497.5254 154272087.1614 387040520.2951 426629196.5225 257698252.6654 120214702.4612 34996859.3677 5583507.2939 868473.3359 76.8161 5.4226 0.6467 0.0355 0.0243 0.0254 0.0387 0.0548 0.0783 0.1874 0.5440 0.0200 0.0010 0.0099 0.0325 0.0678 0.1129 0.1628 0.2161 0.2679 0.3137 0.3560 2.5550 0.3038 0.0983 0.0818 0.0731 0.0665 0.0612 0.0570 0.0557 0.0554 0.0550 0.0671  
70129 30 1.0000 0.9279 0.0226 0.0302 86885805.3037 56102.5716 475138323.6210 126984.4544 3537571.4993 55250430.5671 62423667.1844 33092257.7614 46066930.3986 60939122.8992 63668216.4415 63795096.4879 63795096.4879 63795096.4879 3.2765 0.0313 0.5734 1.2783 0.7565 0.0523 0.0199 0.0189 0.0188 0.0188 0.0188 1.4652 0.0091 0.1156 0.3985 0.8371 1.2571 1.4233 1.4453 1.4461 1.4461 1.4461 1.4461 0.1812 0.1289 0.0997 0.0743 0.0580 0.0564 0.0563 0.0563 0.0563 0.0563 0.0825  
70129 35 1.1281 0.8786 0.1090 0.3509 5433791.4442 69847.0878 45877774.0636 4074.6670 1103022.3305 13209909.4688 17538147.5494 17576031.3244 13442760.6589 9669193.4700 8218011.9560 7913345.2249 7771776.2783 7633537.3891 3.1218 0.3682 0.8806 0.7813 0.2656 0.2382 0.1178 0.0344 0.0159 0.0144 0.0142 0.0745 0.0142 0.1164 0.2522 0.3538 0.4235 0.4826 0.5056 0.5112 0.5153 0.5197 1.4702 0.1396 0.1109 0.0835 0.0754 0.0718 0.0685 0.0664 0.0659 0.0658 0.0658 0.0973  
70129 36 0.8579 0.9078 0.0541 0.0939 64287240.9345 384827.7469 96656081.5341 369449.9555 12212727105.3593 12980096243.8827 3191149849.0266 3138876640.3214 3014563919.0033 2728797593.5496 2287737466.0506 1774918157.8536 1288892478.0339 976095842.1583 0.2102 0.0933 0.0939 0.1248 0.1280 0.1280 0.1280 0.1280 0.1280 0.1280 0.1280 0.1343 0.0007 0.0051 0.0076 0.0077 0.0082 0.0095 0.0115 0.0137 0.0159 0.0173 1.4359 0.1946 0.1865 0.1345 0.1338 0.1338 0.1338 0.1338 0.1338 0.1338 0.1338 0.0998  
78889 4 1.0196 1.0164 0.0277 0.0267 18747491.1256 14165580.5334 816298602.6882 138730.2342 290038.7144 19735576.3116 60686206.6538 68943212.7457 69087902.9466 69087902.9466 69087902.9466 69087902.9466 69087902.9466 69087902.9466 0.3588 0.1064 0.0311 0.0271 0.0259 0.0258 0.0258 0.0258 0.0258 0.0258 0.0258 0.0319 0.0529 0.6088 1.3854 1.5348 1.5376 1.5376 1.5376 1.5376 1.5376 1.5376 1.5376 0.1028 0.0731 0.0582 0.0563 0.0563 0.0563 0.0563 0.0563 0.0563 0.0563 0.0777  
78889 12 0.9594 0.9734 0.0031 0.0029 10865059.9240 116140.0393 3130279324.0317 727749.8423 65212374.8747 262402727.0903 1558863798.1257 2136443687.9690 1742103197.5741 1316316957.7653 768296869.7359 332746239.5921 116446195.2845 47508888.8513 550.4308 0.1516 0.0126 0.0027 0.0031 0.0033 0.0034 0.0034 0.0034 0.0034 0.0036 0.0034 0.0184 0.1356 0.2769 0.3802 0.4349 0.4701 0.5127 0.5465 0.5634 0.5688 1.1640 0.1892 0.1014 0.0731 0.0698 0.0665 0.0659 0.0659 0.0658 0.0657 0.0654 0.0668  
78889 15 0.9548 0.9834 0.0001 0.0002 3618417.9843 0.0000 1806200714.8096 815235.0545 1823545960.1467 14497807890.7202 25739911277.8625 11093897107.9296 2211254081.8726 1068522250.7309 987171340.4963 984281836.5449 982286484.7744 979871681.7913 0.0000 0.0477 0.0002 0.0001 0.0001 0.0001 0.0002 0.0002 0.0002 0.0002 0.0002 0.0000 0.0045 0.0337 0.0592 0.0853 0.1005 0.1024 0.1026 0.1027 0.1028 0.1030 1.6453 0.2872 0.1807 0.1610 0.1594 0.1494 0.1356 0.1334 0.1333 0.1333 0.1333 0.0000  
78889 29 0.5578 0.9395 0.0274 0.0408 4869663.5884 344222.9319 51102601.5342 22443.9540 1638617.2087 10523878.3454 118116718.2480 339773808.7142 403207795.6426 247780395.7102 116218163.4576 33878148.1252 5401767.5716 837511.6392 73.4517 2.0984 0.8082 0.0878 0.0264 0.0212 0.0296 0.0386 0.0418 0.0441 0.0521 0.0165 0.0010 0.0099 0.0325 0.0678 0.1129 0.1628 0.2161 0.2679 0.3137 0.3560 2.5550 0.2503 0.1335 0.0818 0.0720 0.0663 0.0612 0.0570 0.0557 0.0555 0.0555 0.0671  
78889 30 0.9879 0.8903 0.0176 0.0293 70861754.0339 47966.0344 471926832.8937 126982.3577 2516933.0624 28370912.9048 23739278.6232 20952591.4553 44315191.2504 61136507.8624 63999473.6065 64128504.3513 64128504.3513 64128504.3513 1.3503 0.0377 0.8274 1.8371 0.7412 0.0490 0.0199 0.0188 0.0187 0.0187 0.0187 1.6453 0.0091 0.1156 0.3985 0.8371 1.2571 1.4233 1.4453 1.4461 1.4461 1.4461 1.4461 0.1811 0.1325 0.0996 0.0702 0.0578 0.0564 0.0563 0.0563 0.0563 0.0563 0.0787  
78889 35 0.8100 0.9597 0.1095 0.3458 4074451.4633 160900.8718 42241304.1416 4596.4722 1497789.8808 15452055.2182 16695629.7696 15099714.8029 11438041.5508 8657716.5219 7595341.5728 7362630.9864 7234667.7065 7106330.1342 3.3097 0.3828 0.8591 0.8657 0.2197 0.2020 0.0949 0.0284 0.0145 0.0133 0.0132 0.0543 0.0142 0.1164 0.2522 0.3538 0.4235 0.4826 0.5056 0.5112 0.5153 0.5197 1.4702 0.1418 0.1119 0.0845 0.0757 0.0715 0.0681 0.0663 0.0659 0.0658 0.0658 0.0988  
78889 36 0.8729 0.9215 0.0538 0.0934 55154811.5695 335850.7136 84323782.3416 316969.4734 11097688031.6109 11718996245.8199 2770706983.6951 2723958043.2623 2616074988.7526 2368076684.6045 1985308828.9056 1540265773.0551 1118475192.3449 847019011.8542 0.1666 0.0927 0.0933 0.1229 0.1267 0.1267 0.1267 0.1267 0.1267 0.1267 0.1267 0.1325 0.0007 0.0051 0.0076 0.0077 0.0082 0.0095 0.0115 0.0137 0.0159 0.0173 1.4359 0.1946 0.1869 0.1346 0.1338 0.1338 0.1338 0.1338 0.1338 0.1338 0.1338 0.0998  
87673 4 1.0036 0.9971 0.0267 0.0261 18408150.7678 14463392.8267 825152105.4049 141446.4521 233668.2489 15997938.7285 58145693.2958 69437223.8903 69671866.3369 69671866.3369 69671866.3369 69671866.3369 69671866.3369 69671866.3369 0.2590 0.1139 0.0312 0.0264 0.0257 0.0257 0.0257 0.0257 0.0257 0.0257 0.0257 0.0333 0.0529 0.6088 1.3854 1.5348 1.5376 1.5376 1.5376 1.5376 1.5376 1.5376 1.5376 0.1026 0.0724 0.0579 0.0563 0.0563 0.0563 0.0563 0.0563 0.0563 0.0563 0.0779  
87673 12 0.9625 0.9724 0.0033 0.0031 11039790.6062 121285.1636 3012079740.5110 698170.3730 55801231.5638 283897337.3361 1461704634.6143 2020473989.9187 1687301136.7165 1279917806.4643 747112866.8371 323488523.0889 113111238.9348 46061634.5529 538.4768 0.1364 0.0110 0.0029 0.0033 0.0035 0.0036 0.0036 0.0036 0.0037 0.0038 0.0035 0.0184 0.1356 0.2769 0.3802 0.4349 0.4701 0.5127 0.5465 0.5634 0.5688 1.1640 0.1837 0.1013 0.0733 0.0697 0.0664 0.0659 0.0659 0.0658 0.0657 0.0654 0.0672  
87673 15 1.0464 1.0535 0.0001 0.0002 3705609.6329 0.0000 1883351814.7577 778407.4543 4134483874.2532 15482108340.0028 26536345827.9873 11438669065.0046 2281033207.0628 1102924173.1471 1019054137.2804 1016074087.2489 1014014285.5721 1011521484.3995 0.0000 0.0376 0.0002 0.0002 0.0002 0.0002 0.0002 0.0002 0.0002 0.0002 0.0002 0.0000 0.0045 0.0337 0.0592 0.0853 0.1005 0.1024 0.1026 0.1027 0.1028 0.1030 1.6453 0.2911 0.1865 0.1610 0.1593 0.1491 0.1355 0.1334 0.1333 0.1333 0.1333 0.0000  
87673 29 0.6899 0.9344 0.0413 0.0565 5482169.5415 292029.6035 48324211.6032 12519.1221 2247840.2389 10053085.5085 89104977.4270 296259703.1339 375051593.9201 235749375.7132 112012626.7937 32778307.4554 5228750.9794 810594.4558 68.6938 1.9274 0.9050 0.1348 0.0338 0.0251 0.0348 0.0453 0.0487 0.0501 0.0540 0.0192 0.0010 0.0099 0.0325 0.0678 0.1129 0.1628 0.2161 0.2679 0.3137 0.3560 2.5550 0.2453 0.1447 0.0814 0.0710 0.0660 0.0611 0.0570 0.0557 0.0555 0.0555 0.0671  
87673 30 0.9723 0.9708 0.0146 0.0241 59173065.4907 48558.6558 452136643.8037 125450.0195 4548177.9804 35122613.1669 17645819.0545 11727314.7024 38923970.4393 59384208.8272 62867570.3600 63024152.6802 63024152.6802 63024152.6802 0.5994 0.0348 0.8215 2.2055 0.8215 0.0332 0.0193 0.0188 0.0188 0.0188 0.0188 2.3589 0.0091 0.1156 0.3985 0.8371 1.2571 1.4233 1.4453 1.4461 1.4461 1.4461 1.4461 0.1841 0.1393 0.1061 0.0681 0.0570 0.0563 0.0563 0.0563 0.0563 0.0563 0.0804  
87673 35 0.8869 0.9335 0.1165 0.3985 4596217.6727 107601.1756 33326283.2796 3722.9658 1419544.3290 16331268.1233 15074396.0491 12165535.4051 9228012.6128 7598227.8713 6983203.5922 6832616.0601 6718673.0746 6599906.1926 3.2967 0.3867 0.7975 0.9208 0.3071 0.2597 0.1154 0.0345 0.0182 0.0170 0.0168 0.0784 0.0142 0.1164 0.2522 0.3538 0.4235 0.4826 0.5056 0.5112 0.5153 0.5197 1.4702 0.1398 0.1119 0.0850 0.0760 0.0713 0.0679 0.0663 0.0659 0.0658 0.0658 0.0992  
87673 36 0.8610 0.9096 0.0538 0.0932 47832424.2214 397868.5532 72005268.6557 276668.5595 9786903397.4510 10304576957.3917 2392069371.1767 2351141112.1905 2258021425.1342 2043960703.7270 1713573108.5801 1329432427.0478 965362211.7488 731053731.2414 0.1320 0.0925 0.0931 0.1241 0.1275 0.1275 0.1275 0.1275 0.1275 0.1275 0.1275 0.1333 0.0007 0.0051 0.0076 0.0077 0.0082 0.0095 0.0115 0.0137 0.0159 0.0173 1.4359 0.1946 0.1870 0.1346 0.1338 0.1338 0.1338 0.1338 0.1338 0.1338 0.1338 0.0998  
96433 4 1.0834 1.0328 0.0262 0.0252 18035124.5570 14195973.7402 850530873.2733 141952.2495 391467.4031 25588578.6455 64625704.2772 71023810.0524 71126407.7756 71126407.7756 71126407.7756 71126407.7756 71126407.7756 71126407.7756 0.4182 0.1115 0.0321 0.0260 0.0242 0.0241 0.0241 0.0241 0.0241 0.0241 0.0241 0.0321 0.0529 0.6088 1.3854 1.5348 1.5376 1.5376 1.5376 1.5376 1.5376 1.5376 1.5376 0.1025 0.0740 0.0584 0.0563 0.0563 0.0563 0.0563 0.0563 0.0563 0.0563 0.0780  
96433 12 0.9734 0.9823 0.0034 0.0032 11096341.7742 130752.1234 2913034122.3999 671977.9954 74590774.2930 353971991.6501 1384859632.1712 1926973653.7913 1636538022.6739 1244738318.9091 726601358.0447 314528961.1713 109888534.2740 44667378.3657 531.3713 0.1373 0.0109 0.0030 0.0035 0.0037 0.0037 0.0037 0.0037 0.0038 0.0039 0.0036 0.0184 0.1356 0.2769 0.3802 0.4349 0.4701 0.5127 0.5465 0.5634 0.5688 1.1640 0.1840 0.1041 0.0735 0.0696 0.0664 0.0659 0.0659 0.0658 0.0657 0.0654 0.0675  
96433 15 1.0099 0.9943 0.0001 0.0001 3874154.4318 0.0000 1904711026.2432 814517.7255 2929637660.4961 14875486924.3269 27355146209.0568 11787382696.7192 2333806760.8769 1117625710.8265 1031055256.2854 1027996189.6216 1025912219.2077 1023390168.6871 0.0000 0.0359 0.0001 0.0001 0.0001 0.0001 0.0002 0.0002 0.0002 0.0002 0.0002 0.0000 0.0045 0.0337 0.0592 0.0853 0.1005 0.1024 0.1026 0.1027 0.1028 0.1030 1.6453 0.2880 0.1830 0.1610 0.1594 0.1493 0.1356 0.1334 0.1333 0.1333 0.1333 0.0000  
96433 29 0.9681 0.9276 0.0451 0.0740 5951419.0395 208249.9218 44950879.7608 8637.5524 1402019.2594 6843677.7636 66700675.8360 258918106.6487 345570667.2588 220106484.1080 105183568.0742 30830122.5036 4918892.2104 762510.8043 63.6712 2.0000 1.0264 0.1882 0.0405 0.0289 0.0416 0.0550 0.0593 0.0606 0.0640 0.0211 0.0010 0.0099 0.0325 0.0678 0.1129 0.1628 0.2161 0.2679 0.3137 0.3560 2.5550 0.2461 0.1443 0.0805 0.0701 0.0658 0.0610 0.0570 0.0557 0.0555 0.0555 0.0671  
96433 30 0.9595 1.0403 0.0173 0.0240 69461464.5510 47562.0615 426315086.9620 121975.4119 6107822.1654 56242859.1583 37027959.7276 13815522.2143 36360264.2925 56000162.8070 59401565.7004 59555332.3280 59555332.3280 59555332.3280 1.1828 0.0309 0.6595 1.7622 1.0703 0.0339 0.0191 0.0188 0.0188 0.0188 0.0188 2.4398 0.0091 0.1156 0.3985 0.8371 1.2571 1.4233 1.4453 1.4461 1.4461 1.4461 1.4461 0.1838 0.1377 0.1062 0.0729 0.0567 0.0563 0.0563 0.0563 0.0563 0.0563 0.0855  
96433 35 0.8309 0.8205 0.0803 0.3708 3722754.6072 164081.5306 34321901.2757 3301.7316 620525.6606 7999014.6395 10658253.0141 8835978.0296 7193076.1623 6626251.6041 6414649.6183 6338176.2891 6237144.4986 6127311.1353 1.9782 0.3866 0.8292 0.7804 0.3213 0.2689 0.1082 0.0326 0.0183 0.0172 0.0171 0.1040 0.0142 0.1164 0.2522 0.3538 0.4235 0.4826 0.5056 0.5112 0.5153 0.5197 1.4702 0.1375 0.1103 0.0839 0.0760 0.0708 0.0675 0.0662 0.0659 0.0658 0.0658 0.0964  
96433 36 0.7672 0.9130 0.0194 0.0701 21589717.2207 275322.7746 63809851.6769 238199.6268 8635850504.1595 9079219143.6711 2087939247.2055 2051957221.3666 1970685753.6720 1783861360.7193 1495511113.7006 1160247132.7413 842499922.9039 638004024.0773 0.1080 0.0620 0.0624 0.0927 0.0956 0.0956 0.0956 0.0956 0.0956 0.0956 0.0956 0.1012 0.0007 0.0051 0.0076 0.0077 0.0082 0.0095 0.0115 0.0137 0.0159 0.0173 1.4359 0.1944 0.1869 0.1344 0.1336 0.1336 0.1336 0.1336 0.1336 0.1336 0.1336 0.0997  
