8761 4 0.8003 0.8139 0.1487 0.1824 24222261.2538 23592241.7237 262770741.6086 28249.8510 427956.1914 31768468.2439 31368726.4376 12360684.0158 11808330.7875 11808330.7875 11808330.7875 11808330.7875 11808330.7875 11808330.7875 0.9320 0.3980 0.2303 0.2160 0.1945 0.1921 0.1921 0.1921 0.1921 0.1921 0.1921 0.2142 0.0529 0.6088 1.3854 1.5348 1.5376 1.5376 1.5376 1.5376 1.5376 1.5376 1.5376 0.1034 0.0751 0.0635 0.0567 0.0563 0.0563 0.0563 0.0563 0.0563 0.0563 0.0769  
8761 12 1.6178 0.6914 0.0180 0.0304 16470352.0666 3622140.3951 1267948366.2652 42718.7278 819314457.9557 4094015468.4399 1515712559.6030 323910786.9464 94265319.5304 56674049.5447 35492673.9082 19183319.5934 11083293.2987 8499420.6316 413.7395 0.5691 0.0188 0.0269 0.0416 0.0465 0.0478 0.0486 0.0504 0.0531 0.0549 0.0375 0.0184 0.1356 0.2769 0.3802 0.4349 0.4701 0.5127 0.5465 0.5634 0.5688 1.1640 0.1873 0.1147 0.0853 0.0731 0.0674 0.0657 0.0651 0.0639 0.0621 0.0610 0.1008  
8761 15 0.0059 0.6888 0.0013 0.0022 7319089.3755 0.0000 1209773292.4033 3555.2344 1425341146.0167 13413594887.3111 7305368576.9147 3786961840.1366 1782392122.0367 1524508657.0297 1505540974.8285 1503830047.6946 1500782985.9073 1497095388.0469 0.0000 0.9035 0.0028 0.0023 0.0023 0.0023 0.0023 0.0024 0.0026 0.0030 0.0035 0.0000 0.0045 0.0337 0.0592 0.0853 0.1005 0.1024 0.1026 0.1027 0.1028 0.1030 1.6453 0.2664 0.2028 0.1620 0.1522 0.1375 0.1336 0.1333 0.1333 0.1333 0.1333 0.0000  
8761 29 0.5476 0.6751 0.0490 0.0855 68880923.9447 186152192.4212 174188926.8109 70089.3602 4172185.6872 423434706.0431 927499331.3349 792235101.2632 510403660.5293 336980873.4996 229989884.5011 157181476.4704 126954846.2803 116245881.9007 73.4754 4.2665 0.9916 0.1829 0.0541 0.0410 0.0783 0.2688 0.5795 0.7650 0.8373 0.0368 0.0010 0.0099 0.0325 0.0678 0.1129 0.1628 0.2161 0.2679 0.3137 0.3560 2.5550 0.1499 0.1159 0.1001 0.0810 0.0679 0.0593 0.0537 0.0495 0.0466 0.0448 0.0671  
8761 30 0.1244 0.8885 0.0174 0.0376 21063995.8354 28903.4870 166354325.2148 3891.1333 8.7155 6646.8519 1245455.3420 11176923.0071 20729519.5314 21271148.4720 20964286.0153 20941747.4730 20941747.4730 20941747.4730 0.4724 1.0872 3.0796 0.8436 0.2027 0.0645 0.0310 0.0249 0.0246 0.0246 0.0246 0.2498 0.0091 0.1156 0.3985 0.8371 1.2571 1.4233 1.4453 1.4461 1.4461 1.4461 1.4461 0.1308 0.0828 0.0690 0.0638 0.0595 0.0568 0.0563 0.0563 0.0563 0.0563 0.0661  
8761 35 0.9671 0.4555 0.2853 0.5677 12256853.3613 1959885.0648 105747385.3116 12141.3315 3593393.2609 39989552.7704 59224246.8761 66559433.3309 46188957.1789 23248688.9075 14418847.3725 12783995.2555 12471258.1214 12242152.3390 9.5589 0.5690 1.8670 1.7837 0.2592 0.1902 0.1323 0.0645 0.0438 0.0420 0.0418 0.0658 0.0142 0.1164 0.2522 0.3538 0.4235 0.4826 0.5056 0.5112 0.5153 0.5197 1.4702 0.1364 0.1127 0.0840 0.0757 0.0726 0.0699 0.0669 0.0660 0.0658 0.0658 0.0977  
8761 36 1.2116 0.5679 0.0436 0.1001 147858177.3971 1557159.2985 232453889.0333 213741.1455 40800870367.0429 41285625970.6502 7130067566.3677 6976026104.9431 6699860852.3454 6065020520.4977 5085189330.9641 3945942499.1039 2866218694.4903 2171329537.7528 1.1017 1.1610 0.1335 0.1447 0.1449 0.1449 0.1449 0.1449 0.1449 0.1449 0.1449 0.1628 0.0007 0.0051 0.0076 0.0077 0.0082 0.0095 0.0115 0.0137 0.0159 0.0173 1.4359 0.1898 0.1844 0.1300 0.1289 0.1289 0.1289 0.1289 0.1289 0.1289 0.1289 0.0960  
17545 4 4.0691 1.7936 0.0524 0.0571 16474223.6167 4189756.7016 523838834.5346 17747.3678 830597.8953 62095331.2626 68038247.6495 30574205.3127 29438553.1906 29438553.1906 29438553.1906 29438553.1906 29438553.1906 29438553.1906 1.7236 0.1229 0.0482 0.0437 0.0392 0.0389 0.0389 0.0389 0.0389 0.0389 0.0389 0.0442 0.0529 0.6088 1.3854 1.5348 1.5376 1.5376 1.5376 1.5376 1.5376 1.5376 1.5376 0.1044 0.0745 0.0626 0.0566 0.0563 0.0563 0.0563 0.0563 0.0563 0.0563 0.0771  
17545 12 2.0669 2.0642 0.0084 0.0126 18091711.6273 218385.9781 3526673195.4959 681013.8667 2075131672.5143 10299860966.4329 4873465099.6962 1757530485.9889 350389506.5705 143375859.2477 83203379.0989 39407680.3680 17657647.1171 10723614.2150 1045.5205 0.1120 0.0033 0.0077 0.0131 0.0155 0.0165 0.0167 0.0170 0.0177 0.0183 0.0038 0.0184 0.1356 0.2769 0.3802 0.4349 0.4701 0.5127 0.5465 0.5634 0.5688 1.1640 0.1877 0.1112 0.0828 0.0739 0.0695 0.0660 0.0655 0.0647 0.0632 0.0617 0.1013  
17545 15 1.2225 1.1737 0.0003 0.0005 1161392.5818 65526.3365 1307873348.5291 424441.2424 2785874035.6350 17009918954.5463 10938906513.4096 5148917526.8685 1787403534.5714 1354952306.8235 1323714873.6518 1321836728.4984 1319157293.5160 1315914603.2660 0.0000 0.0242 0.0003 0.0003 0.0004 0.0004 0.0004 0.0004 0.0004 0.0004 0.0004 0.0000 0.0045 0.0337 0.0592 0.0853 0.1005 0.1024 0.1026 0.1027 0.1028 0.1030 1.6453 0.2869 0.2005 0.1618 0.1556 0.1404 0.1339 0.1333 0.1333 0.1333 0.1333 0.0000  
17545 29 0.7878 0.8750 0.0328 0.0654 16354027.0238 1011278.8325 158893094.1661 103683.1850 1100390.5631 135282030.1433 602964073.1292 774631485.1709 565166668.4896 351973804.1828 220433192.5535 141232494.8374 107985998.4869 94662979.5697 87.7901 2.6649 0.6494 0.2117 0.0287 0.0078 0.0102 0.0282 0.0689 0.1174 0.1609 0.0056 0.0010 0.0099 0.0325 0.0678 0.1129 0.1628 0.2161 0.2679 0.3137 0.3560 2.5550 0.1948 0.1099 0.0919 0.0791 0.0681 0.0600 0.0546 0.0502 0.0470 0.0451 0.0670  
17545 30 1.4205 1.7384 0.0034 0.0076 3880335.9684 1627783.7535 174511625.1564 36614.7070 1903264.9776 53392209.1876 86918448.1684 32837555.0708 18439850.7228 21567987.2994 22341748.4538 22377715.4034 22377715.4034 22377715.4034 4.7378 0.0056 0.0303 0.1104 0.0718 0.0085 0.0046 0.0037 0.0036 0.0036 0.0036 0.1804 0.0091 0.1156 0.3985 0.8371 1.2571 1.4233 1.4453 1.4461 1.4461 1.4461 1.4461 0.1840 0.1293 0.1021 0.0761 0.0586 0.0565 0.0563 0.0563 0.0563 0.0563 0.0855  
17545 35 1.0208 0.8306 0.1988 0.2687 9982637.8418 2110.4336 92213017.0007 9697.2364 660209.1118 9911265.5477 37257024.8625 59361081.2923 44703535.2387 22311724.0079 13610832.5177 12002877.9666 11703364.5282 11487295.1865 3.8721 0.4352 1.3841 0.5904 0.1672 0.1609 0.1064 0.0338 0.0100 0.0079 0.0076 0.0665 0.0142 0.1164 0.2522 0.3538 0.4235 0.4826 0.5056 0.5112 0.5153 0.5197 1.4702 0.1358 0.1081 0.0808 0.0747 0.0727 0.0701 0.0670 0.0660 0.0659 0.0658 0.0917  
17545 36 0.9158 0.9096 0.0533 0.0991 133349375.4017 568813.7623 201640221.7607 718058.1480 35009523940.3225 35598816485.5608 6412442663.3131 6278547383.0252 6029971302.8930 5458552126.1416 4576607008.2860 3551172023.0963 2579313657.3383 1953844591.1660 0.8674 0.0984 0.0987 0.1292 0.1337 0.1337 0.1337 0.1337 0.1337 0.1337 0.1337 0.1392 0.0007 0.0051 0.0076 0.0077 0.0082 0.0095 0.0115 0.0137 0.0159 0.0173 1.4359 0.1946 0.1889 0.1349 0.1338 0.1338 0.1338 0.1338 0.1338 0.1338 0.1338 0.0999  
26305 4 1.7799 1.3665 0.0266 0.0390 17592874.6131 29076525.7231 733048703.2494 72216.2963 848420.8697 67916582.9109 88348138.7039 53944043.3247 52866510.8423 52866510.8423 52866510.8423 52866510.8423 52866510.8423 52866510.8423 1.8031 0.1034 0.0407 0.0396 0.0339 0.0335 0.0335 0.0335 0.0335 0.0335 0.0335 0.0355 0.0529 0.6088 1.3854 1.5348 1.5376 1.5376 1.5376 1.5376 1.5376 1.5376 1.5376 0.1047 0.0739 0.0615 0.0565 0.0563 0.0563 0.0563 0.0563 0.0563 0.0563 0.0770  
26305 12 0.9926 0.9438 0.0050 0.0063 23965885.7666 247388.5744 5269331831.5123 1407596.2805 76682991.1140 3265286583.8941 7823424958.7395 4853200458.5967 1105528527.9891 493367507.3929 281542217.6118 124470650.9151 46466495.2273 21604135.4288 411.4852 0.0422 0.0029 0.0047 0.0063 0.0068 0.0073 0.0074 0.0075 0.0080 0.0087 0.0037 0.0184 0.1356 0.2769 0.3802 0.4349 0.4701 0.5127 0.5465 0.5634 0.5688 1.1640 0.1275 0.0935 0.0789 0.0734 0.0696 0.0661 0.0658 0.0655 0.0648 0.0636 0.0899  
26305 15 1.1694 1.0908 0.0004 0.0005 3418860.8600 0.0000 1402546166.5326 518883.4768 2471172303.9450 19616777995.3417 14073305383.4369 6326761244.8184 1794945341.7489 1211937462.1064 1170116634.3852 1168092011.2522 1165724095.3915 1162858410.0481 0.0000 0.0582 0.0005 0.0005 0.0006 0.0006 0.0006 0.0006 0.0006 0.0006 0.0006 0.0000 0.0045 0.0337 0.0592 0.0853 0.1005 0.1024 0.1026 0.1027 0.1028 0.1030 1.6453 0.2820 0.1977 0.1618 0.1573 0.1429 0.1342 0.1333 0.1333 0.1333 0.1333 0.0000  
26305 29 1.2783 0.8991 0.0165 0.0483 22148108.8849 857732.6596 138955699.4895 81686.7880 109861.7747 34672135.7747 407371025.8514 693094947.7305 586990349.8642 362025642.5080 211442093.6887 122894921.4546 85270787.3067 69375040.5757 96.9491 4.2075 0.9458 0.1478 0.0195 0.0088 0.0145 0.0432 0.1118 0.1941 0.2666 0.0066 0.0010 0.0099 0.0325 0.0678 0.1129 0.1628 0.2161 0.2679 0.3137 0.3560 2.5550 0.2299 0.0995 0.0851 0.0768 0.0675 0.0605 0.0550 0.0506 0.0473 0.0454 0.0671  
26305 30 1.2829 1.1821 0.0037 0.0242 36597905.0267 2885512.9553 209693430.7428 52012.2187 2086492.0269 62159318.3039 109300433.5958 64936655.1175 32878418.9934 23913502.0785 22899594.2122 22862109.9655 22862109.9655 22862109.9655 7.6274 0.0120 0.1224 0.3855 0.2988 0.0543 0.0116 0.0099 0.0098 0.0098 0.0098 0.5325 0.0091 0.1156 0.3985 0.8371 1.2571 1.4233 1.4453 1.4461 1.4461 1.4461 1.4461 0.1823 0.1278 0.0957 0.0750 0.0614 0.0567 0.0563 0.0563 0.0563 0.0563 0.0825  
26305 35 0.8994 0.8902 0.1480 0.2895 9696978.3786 33754.0604 78384441.4508 9899.3704 485730.9579 6753219.8714 26430021.1682 50119142.0586 39340852.1212 20129911.8293 12634588.6616 11243593.9368 10971361.1035 10769380.9890 2.3893 0.4340 1.5233 0.6803 0.1861 0.1783 0.1169 0.0376 0.0120 0.0097 0.0095 0.0658 0.0142 0.1164 0.2522 0.3538 0.4235 0.4826 0.5056 0.5112 0.5153 0.5197 1.4702 0.1370 0.1098 0.0800 0.0742 0.0726 0.0701 0.0670 0.0660 0.0659 0.0658 0.0933  
26305 36 0.8474 0.8678 0.0561 0.0989 115908634.3474 709328.2127 171034231.9786 657617.1606 27754214912.7302 28456610829.4680 5483079629.6487 5374603478.7301 5161804802.6796 4672629640.4687 3917622347.2750 3039777596.1542 2207798213.9362 1672352530.2791 0.6820 0.0984 0.0989 0.1329 0.1355 0.1355 0.1355 0.1355 0.1355 0.1355 0.1355 0.1406 0.0007 0.0051 0.0076 0.0077 0.0082 0.0095 0.0115 0.0137 0.0159 0.0173 1.4359 0.1946 0.1883 0.1348 0.1338 0.1338 0.1338 0.1338 0.1338 0.1338 0.1338 0.0999  
35065 4 0.9958 0.9980 0.0440 0.0422 34204798.2943 6018421.5692 777193123.9786 128540.2455 155595.8964 19251632.8310 58399611.7038 64074594.7656 64150160.8721 64150160.8721 64150160.8721 64150160.8721 64150160.8721 64150160.8721 0.3717 0.1316 0.0490 0.0437 0.0415 0.0414 0.0414 0.0414 0.0414 0.0414 0.0414 0.0484 0.0529 0.6088 1.3854 1.5348 1.5376 1.5376 1.5376 1.5376 1.5376 1.5376 1.5376 0.1025 0.0703 0.0588 0.0563 0.0563 0.0563 0.0563 0.0563 0.0563 0.0563 0.0759  
35065 12 0.9586 0.9487 0.0022 0.0024 11335339.7511 34549.8361 5561823178.5300 1397158.6718 3517512.5131 676336977.1923 6650534273.0817 5734339881.6475 1782235775.0085 988928005.1478 569623851.4331 248173323.5625 88536627.8191 37657687.0661 415.7180 0.0462 0.0014 0.0018 0.0020 0.0021 0.0022 0.0022 0.0023 0.0024 0.0025 0.0031 0.0184 0.1356 0.2769 0.3802 0.4349 0.4701 0.5127 0.5465 0.5634 0.5688 1.1640 0.1147 0.0844 0.0746 0.0727 0.0688 0.0661 0.0659 0.0658 0.0654 0.0648 0.0707  
35065 15 1.1213 1.0780 0.0003 0.0004 4649837.4096 0.0000 1488384468.5706 606790.3955 2301082258.3194 22014961630.6372 16984617573.2560 7434243955.8053 1822724334.4260 1100815050.1104 1049220273.7901 1047043367.4643 1044920808.1683 1042352056.8276 0.0000 0.0635 0.0004 0.0004 0.0004 0.0005 0.0005 0.0005 0.0005 0.0005 0.0005 0.0000 0.0045 0.0337 0.0592 0.0853 0.1005 0.1024 0.1026 0.1027 0.1028 0.1030 1.6453 0.2812 0.1960 0.1617 0.1582 0.1451 0.1346 0.1334 0.1333 0.1333 0.1333 0.0000  
35065 29 0.9879 0.9154 0.0151 0.0225 32630049.3483 927629.7452 113542565.7900 104416.4814 23410.1583 18649148.1595 298285207.5709 604712613.6234 587968576.6524 367200226.3417 200230466.9188 97062727.4984 54725413.3626 38983792.4047 100.9766 6.0425 0.4996 0.0352 0.0126 0.0123 0.0256 0.0811 0.2290 0.4073 0.5332 0.0090 0.0010 0.0099 0.0325 0.0678 0.1129 0.1628 0.2161 0.2679 0.3137 0.3560 2.5550 0.2874 0.0938 0.0829 0.0751 0.0670 0.0607 0.0555 0.0513 0.0479 0.0460 0.0671  
35065 30 0.9973 0.9666 0.0032 0.0274 51992602.3221 1376050.5907 265716871.6682 66726.7418 1608902.7488 44653152.7998 70904227.4348 62830213.8965 45449792.7601 30822365.6666 28135276.2313 28009460.5992 28009460.5992 28009460.5992 5.3972 0.0166 0.2678 0.6812 0.3316 0.0574 0.0147 0.0108 0.0106 0.0106 0.0106 0.6960 0.0091 0.1156 0.3985 0.8371 1.2571 1.4233 1.4453 1.4461 1.4461 1.4461 1.4461 0.1807 0.1279 0.0935 0.0712 0.0615 0.0571 0.0563 0.0563 0.0563 0.0563 0.0776  
35065 35 0.8314 0.8734 0.2542 0.3096 9379227.4508 3727.1087 69796969.2004 8903.9632 357064.4156 4719121.9431 19309025.2734 39564982.1275 32011333.0187 17319689.9445 11573028.4015 10494916.5648 10257227.3172 10070061.1175 1.6077 0.4318 1.5047 0.6803 0.2205 0.2093 0.1318 0.0410 0.0133 0.0110 0.0107 0.0793 0.0142 0.1164 0.2522 0.3538 0.4235 0.4826 0.5056 0.5112 0.5153 0.5197 1.4702 0.1378 0.1101 0.0794 0.0740 0.0725 0.0699 0.0669 0.0660 0.0658 0.0658 0.0939  
35065 36 0.8269 0.9001 0.0546 0.0962 91889292.1542 876991.4268 141060422.7364 557242.8619 24498233442.4532 24939107085.7632 4535591493.2946 4441612555.3820 4265749545.5396 3861480975.9377 3237521008.2691 2512044595.7164 1824472656.7654 1381964783.7194 0.5382 0.0949 0.0953 0.1276 0.1314 0.1314 0.1314 0.1314 0.1314 0.1314 0.1314 0.1369 0.0007 0.0051 0.0076 0.0077 0.0082 0.0095 0.0115 0.0137 0.0159 0.0173 1.4359 0.1946 0.1886 0.1348 0.1338 0.1338 0.1338 0.1338 0.1338 0.1338 0.1338 0.0999  
43825 4 1.1244 1.0522 0.0308 0.0290 18692746.6631 15139188.2145 829944948.5079 127996.6407 303787.8971 27213174.2153 65409569.3183 67670504.8224 67647473.7211 67647473.7211 67647473.7211 67647473.7211 67647473.7211 67647473.7211 0.5769 0.1033 0.0320 0.0283 0.0264 0.0264 0.0264 0.0264 0.0264 0.0264 0.0264 0.0318 0.0529 0.6088 1.3854 1.5348 1.5376 1.5376 1.5376 1.5376 1.5376 1.5376 1.5376 0.1026 0.0734 0.0588 0.0563 0.0563 0.0563 0.0563 0.0563 0.0563 0.0563 0.0773  
43825 12 0.9464 0.9502 0.0019 0.0019 10985390.4389 23227.8418 5413649852.5184 1339369.0121 376003.9635 299870987.2912 5342300766.6782 5188434065.0118 2130547778.8646 1348686698.7221 781342278.8858 339043780.6653 119392557.2421 49386798.2110 545.3651 0.1966 0.0019 0.0018 0.0018 0.0020 0.0020 0.0021 0.0021 0.0021 0.0022 0.0028 0.0184 0.1356 0.2769 0.3802 0.4349 0.4701 0.5127 0.5465 0.5634 0.5688 1.1640 0.1588 0.0758 0.0734 0.0721 0.0679 0.0660 0.0659 0.0658 0.0656 0.0652 0.0660  
43825 15 1.1119 1.0530 0.0004 0.0004 4577437.3926 0.0000 1536984237.9625 680383.5000 2194627225.3055 23850177593.8474 19219042950.9190 8275130439.2165 1829182247.3522 999925644.5479 940784387.3716 938502188.7673 936599651.4662 934297173.8660 0.0000 0.0490 0.0003 0.0003 0.0004 0.0004 0.0004 0.0004 0.0004 0.0004 0.0004 0.0000 0.0045 0.0337 0.0592 0.0853 0.1005 0.1024 0.1026 0.1027 0.1028 0.1030 1.6453 0.2771 0.1947 0.1617 0.1588 0.1468 0.1349 0.1334 0.1333 0.1333 0.1333 0.0000  
43825 29 0.9172 0.9208 0.0172 0.0194 25371216.2115 988463.8028 95495197.3222 103156.0242 12422.7408 12611690.9532 214435963.6770 520921298.3022 574919546.3162 370473181.8842 193951403.9697 77163575.7218 32007223.9293 19167942.2257 100.7580 6.0998 0.3222 0.0230 0.0147 0.0135 0.0259 0.0776 0.2469 0.5107 0.6693 0.0096 0.0010 0.0099 0.0325 0.0678 0.1129 0.1628 0.2161 0.2679 0.3137 0.3560 2.5550 0.2995 0.0911 0.0820 0.0735 0.0664 0.0607 0.0560 0.0525 0.0488 0.0468 0.0671  
43825 30 1.2071 1.1896 0.0061 0.0311 66701732.3877 535626.5104 315818318.0613 66546.3538 4116604.6886 90145645.0029 94114884.0729 53993144.2036 46381392.4599 38318050.6441 36345251.1404 36240062.3972 36240062.3972 36240062.3972 4.8801 0.0190 0.2844 0.8481 0.4079 0.0592 0.0199 0.0149 0.0147 0.0147 0.0147 0.9238 0.0091 0.1156 0.3985 0.8371 1.2571 1.4233 1.4453 1.4461 1.4461 1.4461 1.4461 0.1870 0.1316 0.0999 0.0712 0.0604 0.0570 0.0563 0.0563 0.0563 0.0563 0.0796  
43825 35 0.8188 0.9009 0.3231 0.3900 8718801.1360 2599.4934 66012520.7938 7402.3996 677567.8555 7466525.5297 16598204.4298 30552253.0202 24983691.9261 14597827.7607 10534552.5281 9757899.2762 9553876.1611 9381423.2853 1.8535 0.4743 1.4050 0.9288 0.2627 0.2396 0.1422 0.0425 0.0150 0.0126 0.0124 0.0758 0.0142 0.1164 0.2522 0.3538 0.4235 0.4826 0.5056 0.5112 0.5153 0.5197 1.4702 0.1389 0.1120 0.0808 0.0741 0.0723 0.0695 0.0667 0.0660 0.0658 0.0658 0.0975  
43825 36 0.8232 0.8796 0.0542 0.0945 75740692.0248 563142.1468 116154246.5120 460788.8747 20467047749.1552 20815053705.0454 3754742339.7025 3676428063.5942 3530858477.8058 3196227515.4118 2679748273.3024 2079239383.0975 1510105700.8523 1143822377.0345 0.4256 0.0934 0.0939 0.1261 0.1291 0.1291 0.1291 0.1291 0.1291 0.1291 0.1291 0.1350 0.0007 0.0051 0.0076 0.0077 0.0082 0.0095 0.0115 0.0137 0.0159 0.0173 1.4359 0.1946 0.1886 0.1348 0.1338 0.1338 0.1338 0.1338 0.1338 0.1338 0.1338 0.0998  
52609 4 1.0847 1.0499 0.0292 0.0278 20545814.3173 15312437.2060 873496646.7144 143924.6824 288861.2714 29082294.7355 69251570.6020 72659079.1847 72673301.0779 72673301.0779 72673301.0779 72673301.0779 72673301.0779 72673301.0779 0.7066 0.1022 0.0340 0.0287 0.0266 0.0265 0.0265 0.0265 0.0265 0.0265 0.0265 0.0315 0.0529 0.6088 1.3854 1.5348 1.5376 1.5376 1.5376 1.5376 1.5376 1.5376 1.5376 0.1018 0.0734 0.0588 0.0563 0.0563 0.0563 0.0563 0.0563 0.0563 0.0563 0.0769  
52609 12 0.9412 0.9508 0.0019 0.0018 10833467.6846 21443.4153 5165517243.4226 1267527.6916 496804.5456 235422921.6072 4379874005.8442 4578676684.5983 2288490208.7143 1549191302.5078 899946610.3387 389875440.1051 136567519.7092 55835310.2861 627.3688 0.2613 0.0023 0.0018 0.0019 0.0020 0.0021 0.0021 0.0021 0.0021 0.0022 0.0026 0.0184 0.1356 0.2769 0.3802 0.4349 0.4701 0.5127 0.5465 0.5634 0.5688 1.1640 0.1911 0.0737 0.0732 0.0716 0.0674 0.0660 0.0659 0.0658 0.0657 0.0653 0.0658  
52609 15 1.0813 1.0285 0.0004 0.0004 4684243.7992 0.0000 1565495427.5734 756491.8214 2072633089.4848 24831402117.0117 20736709013.8791 8837106006.5419 1815207381.9978 911856081.1176 847514744.0658 845175087.4600 843461738.6888 841388219.7298 0.0000 0.0371 0.0004 0.0004 0.0004 0.0004 0.0004 0.0004 0.0004 0.0004 0.0004 0.0000 0.0045 0.0337 0.0592 0.0853 0.1005 0.1024 0.1026 0.1027 0.1028 0.1030 1.6453 0.2734 0.1938 0.1617 0.1591 0.1482 0.1353 0.1334 0.1333 0.1333 0.1333 0.0000  
52609 29 0.8439 0.9227 0.0210 0.0241 20414919.2618 646585.1142 82010701.4274 94617.1131 20622.8344 8382191.6786 151761952.4972 448371847.8829 549879973.7146 365830028.5908 187276378.8056 62208232.0728 16254289.7562 6812305.4386 97.3448 6.1616 0.7154 0.0324 0.0179 0.0167 0.0301 0.0745 0.2439 0.6674 1.0011 0.0118 0.0010 0.0099 0.0325 0.0678 0.1129 0.1628 0.2161 0.2679 0.3137 0.3560 2.5550 0.2914 0.0991 0.0812 0.0720 0.0660 0.0606 0.0564 0.0540 0.0506 0.0479 0.0671  
52609 30 1.1596 1.1320 0.0036 0.0279 66519975.0105 1115122.7856 355514023.0581 80330.8575 3956363.2961 103382491.8534 131346140.4279 65454303.2332 48887766.4415 43201024.7591 41905559.9064 41835151.6144 41835151.6144 41835151.6144 7.3197 0.0167 0.2232 0.6695 0.4050 0.0529 0.0167 0.0134 0.0132 0.0132 0.0132 0.8537 0.0091 0.1156 0.3985 0.8371 1.2571 1.4233 1.4453 1.4461 1.4461 1.4461 1.4461 0.1855 0.1288 0.0996 0.0732 0.0600 0.0568 0.0563 0.0563 0.0563 0.0563 0.0825  
52609 35 0.8799 0.9393 0.2252 0.4953 7402021.9294 27244.4279 52890681.2062 6061.3387 1027809.2414 9634494.9697 14468767.5765 26265920.5245 21738462.7526 13102943.6479 9720981.0164 9068705.3143 8884282.7871 8724451.0908 1.9154 0.4627 1.5396 1.3603 0.2716 0.2331 0.1337 0.0399 0.0155 0.0135 0.0132 0.0570 0.0142 0.1164 0.2522 0.3538 0.4235 0.4826 0.5056 0.5112 0.5153 0.5197 1.4702 0.1398 0.1133 0.0824 0.0743 0.0722 0.0692 0.0666 0.0659 0.0658 0.0658 0.1001  
52609 36 0.8426 0.8608 0.0540 0.0940 63036990.1990 478626.0738 96733294.8422 379342.8780 16217109752.2426 16578623616.0581 3120761862.9570 3057860182.9546 2936779942.6853 2658444347.2722 2228853025.7925 1729368464.4280 1255980822.1877 951317780.0407 0.3369 0.0934 0.0938 0.1264 0.1285 0.1285 0.1285 0.1285 0.1285 0.1285 0.1285 0.1338 0.0007 0.0051 0.0076 0.0077 0.0082 0.0095 0.0115 0.0137 0.0159 0.0173 1.4359 0.1946 0.1884 0.1347 0.1338 0.1338 0.1338 0.1338 0.1338 0.1338 0.1338 0.0998  
61369 4 0.9879 0.9969 0.0278 0.0268 20240874.6406 15624768.7573 873849766.3457 156115.3971 148407.1989 17158185.5018 62514725.1238 74752425.1602 75017118.4400 75017118.4400 75017118.4400 75017118.4400 75017118.4400 75017118.4400 0.3485 0.1025 0.0310 0.0272 0.0261 0.0261 0.0261 0.0261 0.0261 0.0261 0.0261 0.0323 0.0529 0.6088 1.3854 1.5348 1.5376 1.5376 1.5376 1.5376 1.5376 1.5376 1.5376 0.1010 0.0716 0.0580 0.0563 0.0563 0.0563 0.0563 0.0563 0.0563 0.0563 0.0762  
61369 12 0.9372 0.9511 0.0020 0.0019 10798057.5629 24820.8793 4900918209.8476 1192993.9770 633144.0185 198870049.5985 3711850315.6582 4102055334.3848 2318822961.0579 1624094051.4026 944701748.9468 408953654.2335 142894290.5211 58098235.0574 658.3738 0.2639 0.0027 0.0019 0.0020 0.0021 0.0022 0.0022 0.0022 0.0022 0.0023 0.0025 0.0184 0.1356 0.2769 0.3802 0.4349 0.4701 0.5127 0.5465 0.5634 0.5688 1.1640 0.1924 0.0739 0.0731 0.0712 0.0671 0.0659 0.0659 0.0658 0.0657 0.0654 0.0659  
61369 15 1.0102 1.0181 0.0003 0.0003 4204478.4319 0.0000 1594761077.7382 818012.3402 1883059997.7889 25241143828.6887 22033388911.3728 9324006665.4034 1808010566.7410 841094762.1066 772290095.7630 769897192.1066 768336445.6347 766447608.1412 0.0000 0.0369 0.0002 0.0002 0.0003 0.0003 0.0003 0.0003 0.0003 0.0003 0.0003 0.0000 0.0045 0.0337 0.0592 0.0853 0.1005 0.1024 0.1026 0.1027 0.1028 0.1030 1.6453 0.2713 0.1930 0.1616 0.1594 0.1493 0.1356 0.1334 0.1333 0.1333 0.1333 0.0000  
61369 29 0.6984 0.9274 0.0261 0.0319 14215102.4242 496774.4457 73613562.1311 79844.8764 24154.6851 5057492.7914 102742879.8925 388012332.7477 521829637.3852 352989236.6408 178303147.1996 53662321.1052 9102476.3692 1749981.5157 93.5474 6.1639 1.0000 0.0482 0.0244 0.0222 0.0340 0.0605 0.1597 0.5802 1.3444 0.0167 0.0010 0.0099 0.0325 0.0678 0.1129 0.1628 0.2161 0.2679 0.3137 0.3560 2.5550 0.2989 0.1043 0.0798 0.0705 0.0656 0.0606 0.0567 0.0553 0.0536 0.0510 0.0671  
61369 30 1.0315 0.9035 0.0074 0.0326 80300972.5864 513793.2761 409681983.3726 93148.3657 2125739.8279 56721914.1506 72079999.3253 55553472.1816 55672113.7977 50282557.9579 48833853.0813 48756479.7599 48756479.7599 48756479.7599 5.4197 0.0237 0.3886 0.9689 0.4921 0.0652 0.0188 0.0147 0.0146 0.0146 0.0146 1.0387 0.0091 0.1156 0.3985 0.8371 1.2571 1.4233 1.4453 1.4461 1.4461 1.4461 1.4461 0.1826 0.1267 0.0959 0.0715 0.0600 0.0568 0.0563 0.0563 0.0563 0.0563 0.0805  
61369 35 0.8273 0.8644 0.1180 0.4214 6060975.4786 91567.0028 47285061.7048 5333.2208 431488.3275 4835898.8950 9957943.6800 20967893.0404 18119210.0163 11530318.4603 8937393.2846 8428169.4903 8264061.5469 8116189.1519 1.0456 0.4052 1.4674 1.0498 0.2590 0.2361 0.1282 0.0374 0.0150 0.0131 0.0129 0.0610 0.0142 0.1164 0.2522 0.3538 0.4235 0.4826 0.5056 0.5112 0.5153 0.5197 1.4702 0.1389 0.1123 0.0808 0.0740 0.0720 0.0690 0.0665 0.0659 0.0658 0.0658 0.0986  
61369 36 0.8263 0.8819 0.0537 0.0935 52565850.2832 342942.2146 81751590.6182 319615.4614 13598234582.7983 13888124677.8169 2594300606.1713 2541687408.6264 2441043237.4826 2209685459.8459 1852601080.2392 1437420126.1629 1043931421.6343 790689775.5649 0.2661 0.0929 0.0934 0.1257 0.1287 0.1287 0.1287 0.1287 0.1287 0.1287 0.1287 0.1359 0.0007 0.0051 0.0076 0.0077 0.0082 0.0095 0.0115 0.0137 0.0159 0.0173 1.4359 0.1946 0.1884 0.1348 0.1338 0.1338 0.1338 0.1338 0.1338 0.1338 0.1338 0.0998  
70129 4 0.9994 0.9833 0.0272 0.0254 18864587.9986 14387538.8379 877759711.6331 154225.7644 98089.6940 13404606.3753 59371477.3829 73646035.7107 73968822.5873 73968822.5873 73968822.5873 73968822.5873 73968822.5873 73968822.5873 0.2543 0.1113 0.0328 0.0257 0.0247 0.0246 0.0246 0.0246 0.0246 0.0246 0.0246 0.0343 0.0529 0.6088 1.3854 1.5348 1.5376 1.5376 1.5376 1.5376 1.5376 1.5376 1.5376 0.1014 0.0711 0.0575 0.0563 0.0563 0.0563 0.0563 0.0563 0.0563 0.0563 0.0767  
70129 12 0.9372 0.9514 0.0021 0.0020 10742392.8896 29534.7429 4645614632.7923 1118033.7021 1021876.1231 168613535.7224 3138267629.1849 3680157105.4841 2323793636.3271 1671158519.9514 973041412.5722 420981458.4694 146821453.9873 59443780.7535 678.0922 0.2449 0.0032 0.0020 0.0021 0.0022 0.0022 0.0023 0.0023 0.0023 0.0024 0.0025 0.0184 0.1356 0.2769 0.3802 0.4349 0.4701 0.5127 0.5465 0.5634 0.5688 1.1640 0.1931 0.0742 0.0730 0.0709 0.0669 0.0659 0.0659 0.0658 0.0657 0.0655 0.0659  
70129 15 1.0220 1.0448 0.0002 0.0002 3969053.9347 0.0000 1665216677.8433 826351.1113 2006983734.4025 27159344008.7584 23756404028.3696 9980984745.6371 1833439134.8339 785275934.4017 710749852.5363 708260303.8438 706824507.7657 705086887.0094 0.0000 0.0569 0.0002 0.0002 0.0002 0.0002 0.0002 0.0002 0.0002 0.0002 0.0002 0.0000 0.0045 0.0337 0.0592 0.0853 0.1005 0.1024 0.1026 0.1027 0.1028 0.1030 1.6453 0.2750 0.1933 0.1617 0.1596 0.1503 0.1359 0.1334 0.1333 0.1333 0.1333 0.0000  
70129 29 0.3691 0.9335 0.0294 0.0405 7198410.0042 282439.5112 69328973.1433 55767.3772 19973.1455 3027212.8429 71741549.8913 336931497.9541 483551810.2264 335083783.1262 171272324.5138 51219151.4470 8199916.8552 1276277.0459 86.8371 5.7617 1.0115 0.0776 0.0310 0.0232 0.0316 0.0413 0.0548 0.1197 0.3550 0.0174 0.0010 0.0099 0.0325 0.0678 0.1129 0.1628 0.2161 0.2679 0.3137 0.3560 2.5550 0.2999 0.1035 0.0781 0.0693 0.0654 0.0605 0.0567 0.0557 0.0555 0.0552 0.0670  
70129 30 1.1285 0.9448 0.0191 0.0328 79793862.4210 49540.7940 432124951.2726 96081.8803 2469062.5035 51498428.9656 39482629.1155 29456865.2684 47971510.9647 55165539.9134 55867495.7153 55887025.5700 55887025.5700 55887025.5700 2.3032 0.0435 0.6268 1.5243 0.6188 0.0570 0.0222 0.0190 0.0189 0.0189 0.0189 1.6483 0.0091 0.1156 0.3985 0.8371 1.2571 1.4233 1.4453 1.4461 1.4461 1.4461 1.4461 0.1831 0.1307 0.1012 0.0695 0.0588 0.0566 0.0563 0.0563 0.0563 0.0563 0.0804  
70129 35 0.9888 0.9469 0.1634 0.4720 5332926.1603 95087.3469 44291234.3097 4412.1517 720913.6887 9681100.0616 8450644.3680 16913173.7527 15004171.2272 10127748.9524 8202520.5687 7814849.9401 7669087.3953 7532620.2754 1.4909 0.3285 1.0411 1.2427 0.2796 0.2463 0.1278 0.0372 0.0160 0.0143 0.0141 0.0435 0.0142 0.1164 0.2522 0.3538 0.4235 0.4826 0.5056 0.5112 0.5153 0.5197 1.4702 0.1342 0.1133 0.0828 0.0740 0.0718 0.0687 0.0665 0.0659 0.0658 0.0658 0.1034  
70129 36 0.8726 0.9073 0.0538 0.0934 44541263.0020 337180.0651 71764489.4700 264100.6525 11904384926.7980 12138098876.1066 2237061151.0771 2191199615.5261 2104430486.9554 1904968237.6256 1597112351.9782 1239169222.5185 899927797.8899 681598641.8699 0.2109 0.0929 0.0933 0.1228 0.1268 0.1268 0.1268 0.1268 0.1268 0.1268 0.1268 0.1329 0.0007 0.0051 0.0076 0.0077 0.0082 0.0095 0.0115 0.0137 0.0159 0.0173 1.4359 0.1946 0.1886 0.1348 0.1338 0.1338 0.1338 0.1338 0.1338 0.1338 0.1338 0.0998  
78889 4 1.1000 1.0585 0.0260 0.0243 18921890.3270 14950690.5244 918490183.0502 154131.2645 297680.3527 31349656.6450 73605151.9993 76430865.5748 76433518.9622 76433518.9622 76433518.9622 76433518.9622 76433518.9622 76433518.9622 0.8233 0.0968 0.0291 0.0250 0.0235 0.0234 0.0234 0.0234 0.0234 0.0234 0.0234 0.0299 0.0529 0.6088 1.3854 1.5348 1.5376 1.5376 1.5376 1.5376 1.5376 1.5376 1.5376 0.1018 0.0738 0.0588 0.0563 0.0563 0.0563 0.0563 0.0563 0.0563 0.0563 0.0770  
78889 12 0.9380 0.9521 0.0022 0.0021 10743556.7052 36208.9664 4407441061.0520 1047840.4854 2565451.7195 144753823.2745 2602225417.6851 3287010529.0593 2331730656.3789 1717925854.9220 1001153589.9109 432920876.9405 150729309.2150 60792027.8540 698.0938 0.2129 0.0048 0.0021 0.0022 0.0023 0.0024 0.0024 0.0024 0.0024 0.0025 0.0024 0.0184 0.1356 0.2769 0.3802 0.4349 0.4701 0.5127 0.5465 0.5634 0.5688 1.1640 0.1924 0.0757 0.0730 0.0705 0.0667 0.0659 0.0659 0.0659 0.0657 0.0655 0.0659  
78889 15 1.0179 0.9899 0.0001 0.0002 3818366.3359 0.0000 1711789755.3845 844530.8719 1458515990.3543 24176153857.3159 25688230333.0649 10780014175.7005 1887627919.3479 743642676.3098 662357347.4313 659733840.4049 658396417.5837 656777849.5368 0.0000 0.0420 0.0001 0.0002 0.0002 0.0002 0.0002 0.0002 0.0002 0.0002 0.0002 0.0000 0.0045 0.0337 0.0592 0.0853 0.1005 0.1024 0.1026 0.1027 0.1028 0.1030 1.6453 0.2677 0.1904 0.1615 0.1598 0.1513 0.1363 0.1334 0.1333 0.1333 0.1333 0.0000  
78889 29 0.4796 0.9408 0.0400 0.0600 4522380.3757 169629.1532 66370006.5669 20582.3399 1521940.7338 4973723.1783 48918174.8609 292888922.1100 446793512.4137 319414945.2690 166481335.0997 50054490.5740 8017892.7174 1247454.1003 79.9272 2.8585 1.6840 0.1703 0.0331 0.0177 0.0221 0.0273 0.0303 0.0399 0.0777 0.0124 0.0010 0.0099 0.0325 0.0678 0.1129 0.1628 0.2161 0.2679 0.3137 0.3560 2.5550 0.2393 0.1593 0.0773 0.0684 0.0652 0.0603 0.0567 0.0557 0.0555 0.0555 0.0671  
78889 30 1.0099 1.0017 0.0178 0.0282 79257862.7537 52509.7939 423116822.6666 108431.8268 3323582.3656 63912656.3795 40281351.4003 17694098.5455 39075424.4848 55111761.1966 57732857.8478 57847867.9042 57847867.9042 57847867.9042 1.6098 0.0422 0.6473 1.6973 0.9134 0.0444 0.0203 0.0190 0.0189 0.0189 0.0189 2.2561 0.0091 0.1156 0.3985 0.8371 1.2571 1.4233 1.4453 1.4461 1.4461 1.4461 1.4461 0.1870 0.1323 0.1062 0.0711 0.0575 0.0564 0.0563 0.0563 0.0563 0.0563 0.0834  
78889 35 0.8148 0.9854 0.1652 0.4789 4411952.7204 158121.2651 39376781.3265 4362.6759 1075655.6706 15345926.6360 9354975.9506 14223605.8681 12460057.2391 8916008.6022 7519807.3363 7229152.1207 7099572.0191 6973974.8661 2.3106 0.3410 0.8692 1.2938 0.2700 0.2364 0.1165 0.0341 0.0160 0.0145 0.0144 0.0374 0.0142 0.1164 0.2522 0.3538 0.4235 0.4826 0.5056 0.5112 0.5153 0.5197 1.4702 0.1334 0.1130 0.0853 0.0743 0.0716 0.0684 0.0664 0.0659 0.0658 0.0658 0.1044  
78889 36 0.3055 0.9811 0.0150 0.0473 888726.0041 388536.1240 62883367.4727 230452.4488 12128335262.3291 12211315760.4960 2015652946.7004 1970463331.1064 1892432957.5571 1713059094.0279 1436208212.2565 1114314509.2838 809239011.5117 612898378.8483 0.1777 0.0315 0.0319 0.0597 0.0652 0.0652 0.0652 0.0652 0.0652 0.0652 0.0652 0.0717 0.0007 0.0051 0.0076 0.0077 0.0082 0.0095 0.0115 0.0137 0.0159 0.0173 1.4359 0.1943 0.1889 0.1346 0.1335 0.1335 0.1335 0.1335 0.1335 0.1335 0.1335 0.0996  
87673 4 0.9871 0.9927 0.0261 0.0250 19803752.2730 15222060.7613 923962089.0829 169543.1565 153288.3237 17034526.1079 65261373.1578 78495649.5297 78779552.2205 78779552.2205 78779552.2205 78779552.2205 78779552.2205 78779552.2205 0.4065 0.1070 0.0311 0.0259 0.0243 0.0243 0.0243 0.0243 0.0243 0.0243 0.0243 0.0333 0.0529 0.6088 1.3854 1.5348 1.5376 1.5376 1.5376 1.5376 1.5376 1.5376 1.5376 0.1018 0.0713 0.0579 0.0563 0.0563 0.0563 0.0563 0.0563 0.0563 0.0563 0.0761  
87673 12 0.9378 0.9524 0.0023 0.0022 10744495.2603 37507.0237 4177911395.3042 982864.6389 2892272.0510 122585338.7640 2154929668.1082 2945336325.7172 2314343367.2977 1737209698.9791 1013063782.2631 437900311.5428 152266868.2873 61232730.3071 706.5592 0.1882 0.0055 0.0022 0.0023 0.0025 0.0025 0.0025 0.0025 0.0025 0.0026 0.0025 0.0184 0.1356 0.2769 0.3802 0.4349 0.4701 0.5127 0.5465 0.5634 0.5688 1.1640 0.1893 0.0769 0.0729 0.0701 0.0666 0.0659 0.0659 0.0659 0.0658 0.0655 0.0659  
87673 15 0.9980 0.9911 0.0002 0.0002 3870117.6689 0.0000 1742753416.4100 859630.7428 1281993425.1365 21437839692.4414 27275031244.0672 11436021755.0496 1926265815.1070 702857377.3071 615972549.7649 613243191.8565 612000015.4758 610495505.8064 0.0000 0.0439 0.0002 0.0002 0.0002 0.0002 0.0002 0.0002 0.0002 0.0002 0.0002 0.0000 0.0045 0.0337 0.0592 0.0853 0.1005 0.1024 0.1026 0.1027 0.1028 0.1030 1.6453 0.2726 0.1874 0.1613 0.1599 0.1522 0.1367 0.1334 0.1333 0.1333 0.1333 0.0000  
87673 29 0.7537 0.9312 0.0540 0.0942 5086096.3830 154380.1881 63925858.9111 9870.8133 735056.2471 2114845.1979 30084678.4452 246407425.0974 401920395.0381 304713823.2795 165165220.4103 50183561.0804 8046178.6207 1250252.1743 70.4993 2.8866 1.8330 0.2848 0.0475 0.0230 0.0271 0.0324 0.0350 0.0421 0.0701 0.0161 0.0010 0.0099 0.0325 0.0678 0.1129 0.1628 0.2161 0.2679 0.3137 0.3560 2.5550 0.2384 0.1622 0.0735 0.0674 0.0648 0.0600 0.0566 0.0557 0.0555 0.0555 0.0671  
87673 30 0.9772 1.0311 0.0198 0.0275 78676889.6129 60306.0054 407931775.4739 109503.6713 3677316.6829 78937144.0077 54208976.1837 20321108.2416 36786480.3137 53030255.7876 55868449.5029 55997023.5202 55997023.5202 55997023.5202 2.4032 0.0352 0.4898 1.4294 0.9978 0.0440 0.0196 0.0189 0.0189 0.0189 0.0189 2.0058 0.0091 0.1156 0.3985 0.8371 1.2571 1.4233 1.4453 1.4461 1.4461 1.4461 1.4461 0.1827 0.1319 0.1055 0.0744 0.0573 0.0563 0.0563 0.0563 0.0563 0.0563 0.0852  
87673 35 0.8850 0.8954 0.1993 0.5349 4362341.0361 127222.8844 31892860.5892 3554.6030 864779.0050 11760327.4762 7400995.1199 11826182.8001 10667840.5594 7965312.2681 6895502.4035 6665928.6967 6549504.4415 6434154.9797 1.7635 0.3095 0.9544 1.4244 0.3246 0.2725 0.1275 0.0374 0.0184 0.0169 0.0167 0.0484 0.0142 0.1164 0.2522 0.3538 0.4235 0.4826 0.5056 0.5112 0.5153 0.5197 1.4702 0.1336 0.1126 0.0854 0.0744 0.0715 0.0682 0.0663 0.0659 0.0658 0.0658 0.1042  
87673 36 0.7602 0.9295 0.0051 0.0132 844577.8001 328829.0489 57699656.8591 70392.6131 10863569873.2414 10954885305.8264 1834311971.8618 1793666607.4122 1722636855.6710 1559355809.8887 1307343055.0236 1014328568.8843 736623415.3136 557897801.6832 0.1588 0.0013 0.0018 0.0063 0.0068 0.0068 0.0068 0.0068 0.0068 0.0068 0.0068 0.0129 0.0007 0.0051 0.0076 0.0077 0.0082 0.0095 0.0115 0.0137 0.0159 0.0173 1.4359 0.1940 0.1884 0.1343 0.1332 0.1332 0.1332 0.1332 0.1332 0.1332 0.1332 0.0994  
96433 4 1.0129 1.0088 0.0241 0.0232 18308793.1582 14342492.1581 931744939.6685 167355.9629 193403.0706 19546355.3107 67111074.0672 79040435.7774 79288083.9743 79288083.9743 79288083.9743 79288083.9743 79288083.9743 79288083.9743 0.5090 0.1009 0.0287 0.0236 0.0224 0.0224 0.0224 0.0224 0.0224 0.0224 0.0224 0.0298 0.0529 0.6088 1.3854 1.5348 1.5376 1.5376 1.5376 1.5376 1.5376 1.5376 1.5376 0.1019 0.0727 0.0579 0.0563 0.0563 0.0563 0.0563 0.0563 0.0563 0.0563 0.0766  
96433 12 0.9367 0.9527 0.0024 0.0023 10751320.3401 39702.7133 3948757348.4108 921735.9874 3678292.7401 105450005.7398 1790735851.8031 2650698116.4600 2271874158.0938 1729676027.9057 1009171249.7013 436091113.8075 151492300.6666 60787986.1024 704.1128 0.1788 0.0064 0.0023 0.0024 0.0026 0.0026 0.0026 0.0026 0.0027 0.0027 0.0026 0.0184 0.1356 0.2769 0.3802 0.4349 0.4701 0.5127 0.5465 0.5634 0.5688 1.1640 0.1909 0.0782 0.0728 0.0697 0.0664 0.0659 0.0659 0.0659 0.0658 0.0655 0.0659  
96433 15 1.0692 1.0496 0.0001 0.0002 3854958.5953 0.0000 1787735090.7804 857893.9675 1786538094.1359 24864008583.3935 28065873579.7934 11703400346.3818 1919603716.8360 660940574.8049 571581524.5771 568824839.4222 567671708.5778 566276173.2924 0.0000 0.0289 0.0002 0.0002 0.0002 0.0002 0.0002 0.0002 0.0002 0.0002 0.0002 0.0000 0.0045 0.0337 0.0592 0.0853 0.1005 0.1024 0.1026 0.1027 0.1028 0.1030 1.6453 0.2769 0.1894 0.1614 0.1600 0.1529 0.1371 0.1334 0.1333 0.1333 0.1333 0.0000  
96433 29 1.3708 0.9342 0.0450 0.0911 6510139.0532 107101.0922 60720530.0942 7439.5572 1094843.8853 2587711.8048 21865748.1671 207903282.5668 355213524.9827 287770775.7960 162771204.0355 50002737.9722 8028323.0444 1247957.2102 60.3710 3.0272 1.9845 0.2662 0.0355 0.0259 0.0364 0.0444 0.0476 0.0552 0.0849 0.0178 0.0010 0.0099 0.0325 0.0678 0.1129 0.1628 0.2161 0.2679 0.3137 0.3560 2.5550 0.2434 0.1721 0.0716 0.0668 0.0645 0.0596 0.0565 0.0556 0.0555 0.0555 0.0670  
96433 30 0.9504 0.9235 0.0192 0.0288 73549067.1217 49304.2058 398177131.3511 107007.6996 2019449.3867 53582027.1914 40110295.8263 19177235.0698 36687548.0181 51608272.5362 54171660.7717 54287252.5706 54287252.5706 54287252.5706 2.0815 0.0459 0.5836 1.5485 0.9387 0.0479 0.0198 0.0190 0.0189 0.0189 0.0189 1.9888 0.0091 0.1156 0.3985 0.8371 1.2571 1.4233 1.4453 1.4461 1.4461 1.4461 1.4461 0.1739 0.1300 0.1036 0.0732 0.0575 0.0564 0.0563 0.0563 0.0563 0.0563 0.0839  
96433 35 0.8542 0.8766 0.1426 0.4587 3554465.8668 178546.7234 29775989.0746 3145.9896 606908.0700 9046365.9643 5195367.3212 8985184.6273 8604798.6073 6958567.5020 6297790.1067 6143619.2810 6040823.4283 5935128.0194 1.3004 0.2540 0.6870 1.0985 0.3209 0.2791 0.1235 0.0358 0.0180 0.0166 0.0165 0.0503 0.0142 0.1164 0.2522 0.3538 0.4235 0.4826 0.5056 0.5112 0.5153 0.5197 1.4702 0.1309 0.1123 0.0846 0.0740 0.0712 0.0680 0.0663 0.0659 0.0658 0.0658 0.1046  
96433 36 0.9150 0.9599 0.0023 0.0045 755449.6349 260622.3224 53609387.4147 53509.8357 10433272461.5022 10469984211.2441 1675053969.5713 1636522993.1230 1571715630.0598 1422738423.2343 1192802632.9418 925456968.3413 672079499.4442 509010708.5930 0.1419 0.0012 0.0016 0.0060 0.0061 0.0061 0.0061 0.0061 0.0061 0.0061 0.0061 0.0134 0.0007 0.0051 0.0076 0.0077 0.0082 0.0095 0.0115 0.0137 0.0159 0.0173 1.4359 0.1940 0.1886 0.1343 0.1332 0.1332 0.1332 0.1332 0.1332 0.1332 0.1332 0.0994  
