8761 4 0.7934 0.7934 0.1604 0.2049 24166195.7107 23771590.5955 244790885.7633 28007.8435 589692.9800 31014127.3080 33787994.7601 12229906.2608 10671600.2001 10645359.6188 10645359.6188 10645359.6188 10645359.6188 10645359.6188 9.9744 0.5104 0.2630 0.2394 0.2216 0.2158 0.2157 0.2157 0.2157 0.2157 0.2157 0.2214 0.0416 0.5143 1.3000 1.5275 1.5374 1.5376 1.5376 1.5376 1.5376 1.5376 1.5376 0.1111 0.0802 0.0663 0.0577 0.0563 0.0563 0.0563 0.0563 0.0563 0.0563 0.0646  
8761 12 1.6080 0.6945 0.0177 0.0303 16558834.8772 3480881.4180 1256381056.0646 42458.7208 742455402.9685 4152074033.3466 1594573140.9671 320585989.8607 89785180.0327 54177542.4835 33646253.0250 17883764.7697 10418843.4013 8130809.6868 282.2175 0.5595 0.0188 0.0267 0.0414 0.0464 0.0476 0.0484 0.0502 0.0527 0.0544 0.0145 0.0186 0.1372 0.2786 0.3810 0.4352 0.4703 0.5138 0.5480 0.5643 0.5693 1.1640 0.1869 0.1136 0.0853 0.0731 0.0673 0.0657 0.0651 0.0638 0.0620 0.0608 0.1154  
8761 15 0.7467 0.6286 0.2022 0.1788 581974198.5803 15227.6943 1647321841.4670 448453.6095 1145668144.2207 12603663909.5304 8195125237.1079 3082099017.1013 1516242115.7362 932839995.0772 888896216.0031 880300440.7896 856696873.5140 822964397.9521 1312.3416 1.0917 0.0084 0.0025 0.0376 0.2512 0.4535 0.4751 0.4757 0.4764 0.4776 0.2132 0.0038 0.0342 0.0808 0.1147 0.1548 0.1707 0.1721 0.1731 0.1761 0.1804 1.6453 0.2764 0.2010 0.1549 0.1329 0.1230 0.1148 0.1139 0.1139 0.1138 0.1137 0.1628  
8761 29 0.7015 0.6422 0.0570 0.1174 72760597.1371 211195824.5352 211546671.8507 89785.7374 2117918.2762 289923950.1139 791985827.5869 763643716.9082 515597277.4444 340565391.2013 231158541.9780 167938860.1661 140618543.4656 131617257.9669 140.2517 5.0481 1.3485 0.2702 0.0720 0.0487 0.0984 0.2914 0.5303 0.6626 0.7082 0.1516 0.0008 0.0082 0.0282 0.0621 0.1093 0.1664 0.2317 0.3016 0.3756 0.4292 2.5550 0.1652 0.1183 0.1029 0.0842 0.0696 0.0597 0.0529 0.0480 0.0442 0.0422 0.0964  
8761 30 0.1252 0.8876 0.0174 0.0372 21147133.8570 32951.3037 166091641.1051 3915.9771 21.4641 3366.2195 1194338.6163 10950029.9806 20156310.5443 21228988.1323 21132369.7391 21121503.0414 21120974.0186 21120974.0186 0.6968 1.2197 3.7017 0.8707 0.2079 0.0642 0.0303 0.0246 0.0242 0.0242 0.0242 0.2904 0.0092 0.1152 0.3963 0.8329 1.2515 1.4225 1.4449 1.4461 1.4461 1.4461 1.4461 0.1303 0.0888 0.0686 0.0639 0.0596 0.0568 0.0563 0.0563 0.0563 0.0563 0.0663  
8761 35 1.0666 0.4833 0.2638 0.5322 12291016.0779 1920741.8914 103851347.8886 13391.1222 4659565.3032 62837769.4461 65312907.8742 64964627.1993 43843216.5224 22652840.8043 14345529.8583 12868778.6902 12573995.9069 12337387.1809 0.0417 0.4759 1.5092 1.6465 0.2472 0.1914 0.1323 0.0631 0.0431 0.0412 0.0410 0.0437 0.0143 0.1168 0.2527 0.3549 0.4242 0.4826 0.5057 0.5111 0.5149 0.5194 1.4702 0.1330 0.1125 0.0843 0.0759 0.0726 0.0698 0.0668 0.0660 0.0658 0.0658 0.0598  
8761 36 0.4164 0.5419 0.0438 0.1029 167404738.4870 2072555.9112 269341821.1185 73452.6385 32372427844.7380 48323549723.7804 23659454201.4806 8635810012.0457 857050052.4592 257732588.7726 241448372.0513 241448372.0513 241418185.6814 241387999.3114 4856.7224 1.3342 0.1372 0.1423 0.1427 0.1471 0.1571 0.1580 0.1580 0.1580 0.1580 0.1424 0.0007 0.0052 0.0090 0.0171 0.0213 0.0216 0.0216 0.0216 0.0216 0.0216 1.4359 0.1897 0.1725 0.1293 0.1282 0.1192 0.0980 0.0960 0.0960 0.0960 0.0960 0.1289  
17545 4 5.6842 2.0183 0.0505 0.0585 16296315.6468 5055120.7260 522848902.6252 16349.7664 1647490.0572 77480262.7981 83789378.4052 34809105.5456 31414741.7373 31357796.8418 31357796.8418 31357796.8418 31357796.8418 31357796.8418 28.8088 0.1833 0.0490 0.0419 0.0386 0.0378 0.0378 0.0378 0.0378 0.0378 0.0378 0.0405 0.0416 0.5143 1.3000 1.5275 1.5374 1.5376 1.5376 1.5376 1.5376 1.5376 1.5376 0.1125 0.0802 0.0659 0.0574 0.0563 0.0563 0.0563 0.0563 0.0563 0.0563 0.0633  
17545 12 1.7096 1.7675 0.0090 0.0130 17973213.3845 192061.6637 3024694108.6669 681116.8643 1274518630.0428 7893902038.1371 4644291878.5504 1511687364.0814 285088050.9952 115560129.1122 66860120.5653 31264784.7651 14408089.5871 9241921.6384 542.4563 0.1006 0.0039 0.0080 0.0138 0.0160 0.0170 0.0173 0.0177 0.0185 0.0192 0.0027 0.0186 0.1372 0.2786 0.3810 0.4352 0.4703 0.5138 0.5480 0.5643 0.5693 1.1640 0.1882 0.1073 0.0826 0.0740 0.0695 0.0660 0.0654 0.0645 0.0628 0.0614 0.1102  
17545 15 1.1499 1.4306 0.2343 0.2044 418369981.0336 1827.1524 1776444445.3495 640450.2947 4066597893.7438 24952561462.4571 14854809186.9889 4180844189.3127 1469898594.2745 479018468.1609 406165834.3836 401660517.6393 391029102.6006 375835471.6333 1725.6620 0.2226 0.0018 0.0006 0.0208 0.2043 0.5960 0.6714 0.6723 0.6720 0.6715 0.1263 0.0038 0.0342 0.0808 0.1147 0.1548 0.1707 0.1721 0.1731 0.1761 0.1804 1.6453 0.2914 0.2046 0.1569 0.1345 0.1273 0.1160 0.1139 0.1139 0.1138 0.1137 0.1829  
17545 29 1.1725 0.8718 0.0465 0.0900 19667938.7615 845642.7584 189822680.3240 118344.8157 386322.0761 66762472.1338 471767481.0273 739072380.2197 541302689.6519 347444960.0272 224012804.9185 153263257.9506 121037216.7694 109270505.1500 82.2001 4.0320 0.8569 0.2869 0.0492 0.0092 0.0100 0.0264 0.0626 0.1114 0.1463 0.3000 0.0008 0.0082 0.0282 0.0621 0.1093 0.1664 0.2317 0.3016 0.3756 0.4292 2.5550 0.2343 0.1109 0.0927 0.0810 0.0699 0.0605 0.0539 0.0487 0.0445 0.0424 0.0817  
17545 30 1.5412 1.9079 0.0033 0.0077 3902030.5480 1720469.5574 176998942.0314 36800.6104 2294368.5746 70453415.7924 107818389.6293 36120393.0586 18421450.7860 21693217.7058 22593088.9874 22650111.5535 22652178.4491 22652178.4491 11.7205 0.0063 0.0248 0.0889 0.0687 0.0089 0.0046 0.0038 0.0037 0.0037 0.0037 0.1392 0.0092 0.1152 0.3963 0.8329 1.2515 1.4225 1.4449 1.4461 1.4461 1.4461 1.4461 0.1834 0.1290 0.1027 0.0781 0.0589 0.0565 0.0563 0.0563 0.0563 0.0563 0.0940  
17545 35 0.8353 0.7874 0.2212 0.2884 10997442.4235 2041.6271 90587523.9842 10273.7988 927312.2950 16639914.6028 37968546.9574 56326907.4794 42183693.8398 21685565.2066 13559934.2070 12117428.3002 11834750.4616 11610744.7443 0.0389 0.2925 0.9420 0.6224 0.1865 0.1846 0.1197 0.0367 0.0112 0.0087 0.0084 0.0093 0.0143 0.1168 0.2527 0.3549 0.4242 0.4826 0.5057 0.5111 0.5149 0.5194 1.4702 0.1277 0.1081 0.0813 0.0748 0.0726 0.0700 0.0669 0.0660 0.0659 0.0658 0.0598  
17545 36 0.9524 0.9209 0.0521 0.1009 73456182.9232 1104844.2262 258043624.7541 306354.6107 25705378059.6138 41941873309.7743 24090142525.1268 8767207154.2214 819215554.6452 206859574.0689 190221074.7149 190221074.7149 190197292.8866 190173511.0583 4951.9529 0.0985 0.1002 0.1207 0.1226 0.1261 0.1373 0.1386 0.1386 0.1386 0.1386 0.1223 0.0007 0.0052 0.0090 0.0171 0.0213 0.0216 0.0216 0.0216 0.0216 0.0216 1.4359 0.1945 0.1742 0.1340 0.1331 0.1254 0.1024 0.0999 0.0999 0.0999 0.0999 0.1337  
26305 4 1.3877 1.2210 0.0291 0.0379 16163360.8525 37751184.9836 741664242.2515 92935.4441 1124719.9569 55575820.0338 80534784.6944 55393336.1530 53470993.2047 53438241.6465 53438241.6465 53438241.6465 53438241.6465 53438241.6465 44.1901 0.1689 0.0432 0.0362 0.0344 0.0343 0.0343 0.0343 0.0343 0.0343 0.0343 0.0349 0.0416 0.5143 1.3000 1.5275 1.5374 1.5376 1.5376 1.5376 1.5376 1.5376 1.5376 0.1127 0.0780 0.0635 0.0568 0.0563 0.0563 0.0563 0.0563 0.0563 0.0563 0.0594  
26305 12 0.9817 0.9509 0.0054 0.0064 19870763.6488 199024.1795 4068068671.2166 1164447.0578 59707104.8152 3215410424.0925 6677503561.8466 3405350102.3508 743286100.2205 331905417.5659 187994397.6816 80934764.2849 30236286.5283 14699141.6268 156.8305 0.0777 0.0031 0.0047 0.0064 0.0071 0.0076 0.0077 0.0079 0.0086 0.0096 0.0026 0.0186 0.1372 0.2786 0.3810 0.4352 0.4703 0.5138 0.5480 0.5643 0.5693 1.1640 0.1417 0.0916 0.0794 0.0736 0.0697 0.0661 0.0657 0.0653 0.0643 0.0628 0.0961  
26305 15 1.1479 1.0547 0.1393 0.3474 475148829.8663 0.0000 2055290401.1205 736427.5332 2046282534.0843 23348807904.9855 20873931775.0282 7076499417.3107 2056342707.8531 162414713.5369 24412960.0968 22851717.5808 23105529.2630 23468273.3812 1060.7122 0.1522 0.0010 0.0006 0.0128 0.1590 1.2412 2.7192 2.7677 2.7299 2.6747 0.1255 0.0038 0.0342 0.0808 0.1147 0.1548 0.1707 0.1721 0.1731 0.1761 0.1804 1.6453 0.2788 0.1908 0.1564 0.1350 0.1320 0.1241 0.1143 0.1138 0.1135 0.1132 0.1977  
26305 29 0.8140 0.9093 0.0157 0.0416 31028317.5357 1003503.7929 158626858.8613 138754.8954 59771.0418 20283978.9584 344310717.2346 655402178.4311 538259617.7784 347932611.5206 211045822.7317 132087345.4056 93881970.6125 78812794.4806 75.1945 5.6552 0.7789 0.1102 0.0213 0.0101 0.0168 0.0476 0.1164 0.2147 0.2867 0.1020 0.0008 0.0082 0.0282 0.0621 0.1093 0.1664 0.2317 0.3016 0.3756 0.4292 2.5550 0.2923 0.1019 0.0850 0.0790 0.0694 0.0607 0.0543 0.0491 0.0449 0.0426 0.0690  
26305 30 1.2244 1.1130 0.0040 0.0222 36780325.1204 3395802.2541 223844332.2440 56715.4091 1849685.0010 57481752.8514 117980616.6278 70570219.5814 35597754.4014 25205528.2264 24054137.0071 23997833.7755 23996335.0514 23996335.0514 13.8171 0.0101 0.1227 0.3387 0.2960 0.0541 0.0085 0.0068 0.0067 0.0067 0.0067 0.3753 0.0092 0.1152 0.3963 0.8329 1.2515 1.4225 1.4449 1.4461 1.4461 1.4461 1.4461 0.1841 0.1247 0.0954 0.0755 0.0618 0.0568 0.0563 0.0563 0.0563 0.0563 0.0895  
26305 35 0.8321 0.9069 0.2244 0.2693 8733663.3238 3370.9503 82044989.3249 8582.0441 1039230.3353 14418390.0303 25150600.9294 49328772.1750 39201192.8681 20272678.6638 12726726.5428 11386036.8677 11121208.5425 10910173.9933 0.0363 0.3445 0.9554 0.6317 0.1718 0.1636 0.1068 0.0337 0.0113 0.0091 0.0088 0.0098 0.0143 0.1168 0.2527 0.3549 0.4242 0.4826 0.5057 0.5111 0.5149 0.5194 1.4702 0.1328 0.1112 0.0805 0.0742 0.0726 0.0700 0.0669 0.0660 0.0659 0.0658 0.0598  
26305 36 0.8320 0.8858 0.0563 0.1004 159461702.3048 979802.6655 230958129.3524 291774.8850 19285705365.7474 34480415922.9059 22550171183.3303 8195007274.6268 739632393.4926 165230250.8922 149623001.2365 149623001.2365 149604295.0625 149585588.8885 4639.7106 0.0985 0.1002 0.1337 0.1348 0.1359 0.1397 0.1402 0.1402 0.1402 0.1402 0.1347 0.0007 0.0052 0.0090 0.0171 0.0213 0.0216 0.0216 0.0216 0.0216 0.0216 1.4359 0.1945 0.1704 0.1340 0.1334 0.1268 0.1029 0.0999 0.0999 0.0999 0.0999 0.1338  
35065 4 1.4041 1.2119 0.0314 0.0330 28915878.9363 5455142.0398 946311037.3857 128966.1137 1515766.7706 67664448.9185 98624675.3649 74083486.0901 72291429.0012 72261118.4797 72261118.4797 72261118.4797 72261118.4797 72261118.4797 59.0853 0.1721 0.0442 0.0348 0.0299 0.0295 0.0295 0.0295 0.0295 0.0295 0.0295 0.0303 0.0416 0.5143 1.3000 1.5275 1.5374 1.5376 1.5376 1.5376 1.5376 1.5376 1.5376 0.1123 0.0792 0.0632 0.0567 0.0563 0.0563 0.0563 0.0563 0.0563 0.0563 0.0588  
35065 12 0.9594 0.9489 0.0027 0.0029 11214307.6427 53729.0234 4428206496.9214 1143151.0858 5907911.8356 1033563630.1647 5643421938.4258 4199590912.2636 1334064556.7098 761115468.3418 433333590.6970 181833944.3866 62736126.6995 26237647.9731 19.9376 0.1364 0.0018 0.0023 0.0026 0.0028 0.0029 0.0030 0.0030 0.0032 0.0035 0.0043 0.0186 0.1372 0.2786 0.3810 0.4352 0.4703 0.5138 0.5480 0.5643 0.5693 1.1640 0.1529 0.0842 0.0758 0.0728 0.0687 0.0660 0.0658 0.0657 0.0652 0.0643 0.0931  
35065 15 1.4103 1.1014 0.0094 0.0475 75747292.3869 0.0000 2523642737.5380 845336.3524 2666481277.3405 24668552271.9958 22902192553.7544 10382407372.3497 3055034134.2823 209944761.6993 2639835.2293 314604.6910 754543.5591 1383279.5722 1176.7275 0.3370 0.0024 0.0003 0.0009 0.0077 0.1312 2.7601 5.3289 4.1264 3.2995 0.0052 0.0038 0.0342 0.0808 0.1147 0.1548 0.1707 0.1721 0.1731 0.1761 0.1804 1.6453 0.2832 0.1909 0.1541 0.1345 0.1333 0.1330 0.1249 0.1106 0.1077 0.1057 0.2026  
35065 29 0.9426 0.9286 0.0101 0.0165 23206301.9706 1165665.8838 134792935.7536 112948.2476 28231.9317 14196577.4062 284395302.7586 579187594.3859 515697718.8566 340771586.9350 199295273.5002 114653879.3041 73333692.7522 57251590.1707 74.1216 6.2422 0.5404 0.0251 0.0120 0.0093 0.0155 0.0451 0.1124 0.2079 0.2794 0.0159 0.0008 0.0082 0.0282 0.0621 0.1093 0.1664 0.2317 0.3016 0.3756 0.4292 2.5550 0.3217 0.0986 0.0835 0.0780 0.0687 0.0608 0.0547 0.0496 0.0454 0.0430 0.0671  
35065 30 1.2261 1.3636 0.0026 0.0253 56699309.8074 1417305.3888 307058022.4716 69440.0394 3494896.6988 109892952.5345 194236786.3656 110209366.1989 55411852.9132 33927403.7666 30916403.0894 30750604.5373 30745275.7066 30745275.7066 22.4055 0.0120 0.1413 0.4152 0.2563 0.0522 0.0139 0.0104 0.0102 0.0102 0.0102 0.4267 0.0092 0.1152 0.3963 0.8329 1.2515 1.4225 1.4449 1.4461 1.4461 1.4461 1.4461 0.1835 0.1279 0.0969 0.0742 0.0624 0.0571 0.0563 0.0563 0.0563 0.0563 0.0879  
35065 35 0.8478 0.8942 0.2588 0.3401 8579829.2549 3352.0503 71199627.0126 7140.6907 849747.5216 11208593.9863 18758722.0451 41129013.3414 33632661.4113 18016980.2589 11777054.5363 10661393.2524 10425152.7514 10228116.4116 0.0338 0.3639 1.1741 0.8685 0.1996 0.1855 0.1185 0.0367 0.0126 0.0102 0.0099 0.0109 0.0143 0.1168 0.2527 0.3549 0.4242 0.4826 0.5057 0.5111 0.5149 0.5194 1.4702 0.1331 0.1123 0.0803 0.0739 0.0725 0.0699 0.0669 0.0660 0.0659 0.0658 0.0598  
35065 36 0.8678 0.9128 0.0576 0.1003 141265360.8718 982133.2723 203084756.1017 242768.3577 16896028507.0201 30286673416.7133 19871500896.7967 7212616262.1398 638000648.0331 131456931.6455 117693480.8438 117693480.8438 117678766.5638 117664052.2838 4088.9546 0.0986 0.1002 0.1332 0.1345 0.1355 0.1396 0.1402 0.1402 0.1402 0.1402 0.1344 0.0007 0.0052 0.0090 0.0171 0.0213 0.0216 0.0216 0.0216 0.0216 0.0216 1.4359 0.1945 0.1699 0.1340 0.1334 0.1275 0.1033 0.0999 0.0999 0.0999 0.0999 0.1338  
43825 4 1.1721 1.0947 0.0287 0.0289 24730039.6039 20350874.7180 1097983035.3688 181080.8290 1340040.3622 50861836.0135 94403885.1599 89456207.3320 88775377.5319 88762994.2425 88762994.2425 88762994.2425 88762994.2425 88762994.2425 70.5698 0.1671 0.0415 0.0306 0.0263 0.0259 0.0259 0.0259 0.0259 0.0259 0.0259 0.0266 0.0416 0.5143 1.3000 1.5275 1.5374 1.5376 1.5376 1.5376 1.5376 1.5376 1.5376 0.1122 0.0784 0.0617 0.0566 0.0563 0.0563 0.0563 0.0563 0.0563 0.0563 0.0578  
43825 12 0.9765 0.9505 0.0023 0.0023 10974060.0229 40214.8512 4490698217.8124 1096745.5206 2087973.9320 376100478.6504 4103508504.3459 3927419451.8582 1884454161.4005 1265478194.5707 723848169.7817 301367430.8536 101301778.3659 39990280.0552 4.8639 0.2097 0.0023 0.0021 0.0023 0.0025 0.0025 0.0026 0.0026 0.0027 0.0029 0.0137 0.0186 0.1372 0.2786 0.3810 0.4352 0.4703 0.5138 0.5480 0.5643 0.5693 1.1640 0.1793 0.0797 0.0740 0.0719 0.0676 0.0660 0.0659 0.0658 0.0655 0.0650 0.0851  
43825 15 1.2710 1.0311 0.0036 0.0079 17624781.9640 0.0000 2993770891.3228 1192195.0550 1695995526.4379 21461240297.7613 25856483216.2748 13465443006.2587 3991442290.6155 274310668.4450 3442123.1021 273873.0383 468355.4483 746298.8897 779.5226 0.1438 0.0007 0.0003 0.0004 0.0015 0.0228 1.5058 7.2894 5.2185 3.8380 0.0031 0.0038 0.0342 0.0808 0.1147 0.1548 0.1707 0.1721 0.1731 0.1761 0.1804 1.6453 0.2795 0.1868 0.1523 0.1342 0.1333 0.1333 0.1318 0.1087 0.1044 0.1024 0.2028  
43825 29 0.9349 0.9248 0.0127 0.0159 25888855.2176 1119592.5644 110309807.7523 106469.0068 48171.2019 11455008.8530 232835182.8810 508002587.6217 493372021.4734 333257752.5322 186234812.0239 95284080.3061 51946288.6869 36135792.3951 73.6095 6.2372 0.8146 0.0196 0.0119 0.0110 0.0209 0.0630 0.1622 0.3084 0.4213 0.0091 0.0008 0.0082 0.0282 0.0621 0.1093 0.1664 0.2317 0.3016 0.3756 0.4292 2.5550 0.3237 0.1058 0.0833 0.0772 0.0682 0.0608 0.0551 0.0502 0.0460 0.0435 0.0671  
43825 30 1.2265 0.9946 0.0033 0.0292 69416157.7088 1717751.1896 420796713.1533 85139.3464 1929486.9475 60708023.6765 146294180.8812 122567372.9685 74760385.4371 47079802.2393 43191573.2808 42983185.9370 42976995.5921 42976995.5921 20.6760 0.0195 0.2029 0.4626 0.2586 0.0598 0.0166 0.0120 0.0117 0.0117 0.0117 0.4225 0.0092 0.1152 0.3963 0.8329 1.2515 1.4225 1.4449 1.4461 1.4461 1.4461 1.4461 0.1850 0.1225 0.0921 0.0725 0.0624 0.0572 0.0563 0.0563 0.0563 0.0563 0.0856  
43825 35 0.9444 0.8950 0.1414 0.3516 7140368.2055 43751.1147 65736690.0162 6054.1027 672492.7576 8565805.3898 15279622.7414 33652307.1857 27988140.4764 15778033.2386 10893039.4160 10010278.2502 9802208.0696 9617745.1571 0.0315 0.4144 1.2532 0.9138 0.1979 0.1838 0.1127 0.0342 0.0125 0.0104 0.0102 0.0111 0.0143 0.1168 0.2527 0.3549 0.4242 0.4826 0.5057 0.5111 0.5149 0.5194 1.4702 0.1329 0.1126 0.0802 0.0739 0.0724 0.0696 0.0668 0.0660 0.0658 0.0658 0.0598  
43825 36 0.8941 0.9197 0.0578 0.1004 123172192.5229 771409.7132 188040470.3449 210675.1844 13890052801.1087 26516035955.6839 18738553466.5111 6792357446.9378 583881869.4427 105547548.3015 92550580.2652 92550580.2652 92539009.4021 92527438.5391 3857.8080 0.0985 0.1004 0.1334 0.1348 0.1357 0.1398 0.1405 0.1405 0.1405 0.1405 0.1347 0.0007 0.0052 0.0090 0.0171 0.0213 0.0216 0.0216 0.0216 0.0216 0.0216 1.4359 0.1945 0.1689 0.1340 0.1335 0.1283 0.1038 0.0999 0.0999 0.0999 0.0999 0.1338  
52609 4 1.1104 1.0785 0.0229 0.0224 22140332.4238 18009914.5338 1216569684.2464 212246.4886 1393798.0483 52507375.1655 98876399.4739 100575697.9592 100488989.4983 100486639.4952 100486639.4952 100486639.4952 100486639.4952 100486639.4952 80.0356 0.1465 0.0298 0.0222 0.0210 0.0210 0.0210 0.0210 0.0210 0.0210 0.0210 0.0211 0.0416 0.5143 1.3000 1.5275 1.5374 1.5376 1.5376 1.5376 1.5376 1.5376 1.5376 0.1124 0.0790 0.0613 0.0565 0.0563 0.0563 0.0563 0.0563 0.0563 0.0563 0.0576  
52609 12 0.9617 0.9512 0.0023 0.0023 11153438.3113 27152.1339 4396158200.0556 1071004.6455 871656.7035 208687481.1457 2997078778.9550 3408163351.1959 2190006457.1380 1583557244.4271 907647927.6951 376931148.8869 125610494.7950 48591636.8365 2.7249 0.2359 0.0028 0.0022 0.0023 0.0025 0.0025 0.0025 0.0026 0.0026 0.0028 0.0200 0.0186 0.1372 0.2786 0.3810 0.4352 0.4703 0.5138 0.5480 0.5643 0.5693 1.1640 0.1837 0.0768 0.0733 0.0710 0.0669 0.0659 0.0659 0.0658 0.0657 0.0652 0.0731  
52609 15 1.1438 1.0346 0.0037 0.0063 19880547.8926 0.0000 3330280758.6613 1515251.4667 1853555988.4731 19781040767.4667 27112807753.6189 16163576179.5123 4822035607.5351 331396854.9951 4153365.0315 273552.4722 355957.9411 473727.3271 625.1466 0.1128 0.0006 0.0002 0.0003 0.0014 0.0229 1.5192 8.2838 6.9509 5.7203 0.0048 0.0038 0.0342 0.0808 0.1147 0.1548 0.1707 0.1721 0.1731 0.1761 0.1804 1.6453 0.2822 0.1848 0.1509 0.1341 0.1333 0.1333 0.1317 0.1116 0.1083 0.1058 0.2028  
52609 29 0.9127 0.9207 0.0149 0.0175 25266747.0091 899638.8637 87158893.8959 99535.2531 38353.2140 9590518.3428 197206072.1584 450272791.5532 461899154.7208 317847075.3828 169353539.9680 74249327.9757 32228656.9532 18981030.5122 69.8965 6.2457 0.8236 0.0191 0.0121 0.0125 0.0267 0.0846 0.2279 0.4419 0.6051 0.0094 0.0008 0.0082 0.0282 0.0621 0.1093 0.1664 0.2317 0.3016 0.3756 0.4292 2.5550 0.3206 0.1062 0.0831 0.0764 0.0677 0.0608 0.0556 0.0511 0.0469 0.0443 0.0671  
52609 30 1.2107 1.0163 0.0050 0.0305 85111557.2268 482690.6384 521832084.7280 104427.6436 2803149.5485 66584799.7768 105771674.5015 83424703.9725 74082855.3221 63095481.8685 61168377.9404 61056543.5286 61052983.0109 61052983.0109 14.9747 0.0229 0.3292 0.7896 0.3228 0.0585 0.0188 0.0146 0.0143 0.0143 0.0143 0.6750 0.0092 0.1152 0.3963 0.8329 1.2515 1.4225 1.4449 1.4461 1.4461 1.4461 1.4461 0.1847 0.1279 0.0948 0.0706 0.0611 0.0570 0.0563 0.0563 0.0563 0.0563 0.0843  
52609 35 0.8828 0.9632 0.1346 0.3863 6053789.6723 90757.1521 57110554.4342 5717.7426 1052741.0573 14735994.0287 14252969.8169 28832221.6787 24139118.7319 14122189.0037 10113122.2108 9382068.9667 9195015.3439 9022344.2431 0.0294 0.3362 1.0106 1.0716 0.1948 0.1788 0.1058 0.0318 0.0126 0.0108 0.0106 0.0114 0.0143 0.1168 0.2527 0.3549 0.4242 0.4826 0.5057 0.5111 0.5149 0.5194 1.4702 0.1311 0.1132 0.0820 0.0740 0.0722 0.0694 0.0667 0.0660 0.0658 0.0658 0.0598  
52609 36 0.8821 0.9081 0.0578 0.1005 116072995.2844 875320.3963 169524907.9875 188373.0169 11015239602.9111 22744761046.8195 17410156329.4941 6304943987.0770 529827551.0158 84881546.4041 72791780.2682 72791780.2682 72782679.6907 72773579.1133 3586.0724 0.0985 0.1006 0.1336 0.1348 0.1355 0.1395 0.1403 0.1403 0.1403 0.1403 0.1347 0.0007 0.0052 0.0090 0.0171 0.0213 0.0216 0.0216 0.0216 0.0216 0.0216 1.4359 0.1944 0.1662 0.1340 0.1336 0.1291 0.1045 0.0999 0.0999 0.0999 0.0999 0.1338  
61369 4 1.0500 1.0559 0.0215 0.0202 21775821.5952 16876135.6698 1307613129.0116 235679.8927 1394650.6125 48819393.8807 102902083.9871 110088106.9356 110371605.0034 110375554.8809 110375554.8809 110375554.8809 110375554.8809 110375554.8809 87.0542 0.1389 0.0300 0.0212 0.0186 0.0184 0.0184 0.0184 0.0184 0.0184 0.0184 0.0187 0.0416 0.5143 1.3000 1.5275 1.5374 1.5376 1.5376 1.5376 1.5376 1.5376 1.5376 0.1124 0.0786 0.0608 0.0565 0.0563 0.0563 0.0563 0.0563 0.0563 0.0563 0.0574  
61369 12 0.9566 0.9523 0.0023 0.0023 11014262.6700 34748.8893 4237239360.6918 1030006.5439 1649648.6338 141065585.7515 2199996061.1816 2955471898.0027 2351135517.6436 1769169459.2833 1015114393.8351 421045780.3810 139724977.7810 53512425.7011 2.7137 0.2193 0.0044 0.0022 0.0024 0.0025 0.0025 0.0025 0.0026 0.0026 0.0027 0.0283 0.0186 0.1372 0.2786 0.3810 0.4352 0.4703 0.5138 0.5480 0.5643 0.5693 1.1640 0.1890 0.0766 0.0730 0.0701 0.0666 0.0659 0.0659 0.0658 0.0657 0.0654 0.0744  
61369 15 1.1067 1.0026 0.0019 0.0041 15151031.8513 0.0000 3461835673.3975 1733211.8145 1102149469.0244 18225020542.5819 27439103577.9014 17846763759.6109 5343846886.2621 367137450.7091 4469455.5769 150549.1050 186020.1209 236713.3710 565.8124 0.1030 0.0005 0.0002 0.0003 0.0010 0.0143 1.0244 8.5945 7.6201 6.5765 0.0034 0.0038 0.0342 0.0808 0.1147 0.1548 0.1707 0.1721 0.1731 0.1761 0.1804 1.6453 0.2784 0.1828 0.1494 0.1339 0.1333 0.1333 0.1324 0.1123 0.1095 0.1070 0.2028  
61369 29 0.8480 0.9153 0.0218 0.0248 22936864.4407 785372.1332 68066037.2204 90840.8849 30296.5940 8266349.6763 171045163.5287 398602431.6163 421894353.2086 297185103.4025 151193506.0785 53979488.8930 16349532.3818 7498876.8772 63.4982 6.1719 0.7173 0.0276 0.0192 0.0178 0.0359 0.1080 0.3087 0.6497 0.8925 0.0117 0.0008 0.0082 0.0282 0.0621 0.1093 0.1664 0.2317 0.3016 0.3756 0.4292 2.5550 0.3270 0.1039 0.0830 0.0761 0.0674 0.0608 0.0562 0.0525 0.0484 0.0455 0.0671  
61369 30 1.0951 0.8407 0.0177 0.0344 83416493.6127 40432.4328 551018622.5515 126434.1323 1081263.3877 16583052.6527 22447852.3317 40997362.1775 60629767.7798 70162901.9801 71845142.0368 71948307.8362 71952297.3476 71952297.3476 4.3357 0.0593 0.9927 1.7685 0.5544 0.0635 0.0216 0.0189 0.0188 0.0188 0.0188 1.3502 0.0092 0.1152 0.3963 0.8329 1.2515 1.4225 1.4449 1.4461 1.4461 1.4461 1.4461 0.1833 0.1275 0.0933 0.0686 0.0594 0.0566 0.0563 0.0563 0.0563 0.0563 0.0821  
61369 35 1.1611 0.8738 0.1237 0.3980 5717450.8586 102641.8792 53918070.6201 5047.7006 548584.8233 8344084.2787 12174096.2854 23274845.8511 19667037.8030 12245432.1851 9273760.6759 8722100.4505 8559234.1380 8399609.2131 0.0273 0.3330 1.2186 1.0594 0.2191 0.2016 0.1139 0.0339 0.0143 0.0124 0.0122 0.0130 0.0143 0.1168 0.2527 0.3549 0.4242 0.4826 0.5057 0.5111 0.5149 0.5194 1.4702 0.1296 0.1122 0.0815 0.0740 0.0721 0.0691 0.0666 0.0659 0.0658 0.0658 0.0598  
61369 36 0.8788 0.9124 0.0581 0.1007 103376111.8166 617410.7743 152448305.2271 166162.2763 9082761999.3047 19764957481.0667 15856386840.4670 5737705399.8514 473761038.4248 68198477.0535 57178809.1368 57178809.1368 57171660.5250 57164511.9132 3266.9654 0.0985 0.1008 0.1344 0.1355 0.1362 0.1406 0.1416 0.1416 0.1416 0.1416 0.1354 0.0007 0.0052 0.0090 0.0171 0.0213 0.0216 0.0216 0.0216 0.0216 0.0216 1.4359 0.1944 0.1649 0.1340 0.1336 0.1296 0.1051 0.0999 0.0999 0.0999 0.0999 0.1338  
70129 4 1.0353 1.0102 0.0190 0.0180 20759677.0115 16071779.3730 1341197195.0259 247453.4167 697129.2372 31597447.2042 94062980.6986 115094112.8176 116233616.7719 116251761.7716 116251761.7716 116251761.7716 116251761.7716 116251761.7716 90.3725 0.1468 0.0257 0.0181 0.0173 0.0173 0.0173 0.0173 0.0173 0.0173 0.0173 0.0174 0.0416 0.5143 1.3000 1.5275 1.5374 1.5376 1.5376 1.5376 1.5376 1.5376 1.5376 0.1115 0.0767 0.0596 0.0564 0.0563 0.0563 0.0563 0.0563 0.0563 0.0563 0.0570  
70129 12 0.9514 0.9543 0.0024 0.0023 10943421.5561 49003.0305 4055706766.8826 985342.1654 4251300.2318 117916348.3933 1632380703.3528 2587392461.2426 2415388417.5443 1861749881.7563 1068904835.9265 443048870.2188 146675235.5061 55849675.5870 3.8331 0.2069 0.0078 0.0022 0.0024 0.0026 0.0026 0.0026 0.0026 0.0027 0.0028 0.0339 0.0186 0.1372 0.2786 0.3810 0.4352 0.4703 0.5138 0.5480 0.5643 0.5693 1.1640 0.1908 0.0808 0.0727 0.0693 0.0664 0.0659 0.0659 0.0658 0.0657 0.0654 0.0859  
70129 15 0.9796 0.9609 0.0019 0.0040 15192694.4668 0.0000 3388960980.6497 1918134.4911 552756548.5073 15582282647.4780 26966475981.8216 17672967998.4046 5292946800.6982 363649825.5294 4435585.0458 150264.5888 163336.7211 182018.7473 327.9116 0.0876 0.0004 0.0003 0.0003 0.0010 0.0143 1.0250 8.8637 8.3581 7.7165 0.0057 0.0038 0.0342 0.0808 0.1147 0.1548 0.1707 0.1721 0.1731 0.1761 0.1804 1.6453 0.2760 0.1760 0.1492 0.1339 0.1333 0.1333 0.1324 0.1131 0.1116 0.1098 0.2028  
70129 29 0.7816 0.9181 0.0247 0.0300 16666141.3661 574372.0946 56184084.5743 77033.8147 34204.6505 7116371.8996 147633113.3274 350078276.5906 381642782.7400 276634761.4626 137166150.1495 40874594.9260 7484101.2598 2047429.0506 56.8943 6.2838 0.9206 0.0309 0.0235 0.0239 0.0426 0.1006 0.2856 0.7721 1.2753 0.0160 0.0008 0.0082 0.0282 0.0621 0.1093 0.1664 0.2317 0.3016 0.3756 0.4292 2.5550 0.3259 0.1084 0.0829 0.0759 0.0672 0.0607 0.0567 0.0543 0.0511 0.0479 0.0671  
70129 30 1.0140 0.9636 0.0150 0.0259 56882626.2868 40065.8162 539633980.3250 138454.1085 1622706.8521 24262343.4438 13708825.9955 17260963.4779 48582145.6877 70613706.9491 74279013.1110 74493530.8502 74501095.0716 74501095.0716 1.6761 0.0590 0.9118 2.2786 0.5062 0.0373 0.0198 0.0187 0.0187 0.0187 0.0187 2.1332 0.0092 0.1152 0.3963 0.8329 1.2515 1.4225 1.4449 1.4461 1.4461 1.4461 1.4461 0.1814 0.1360 0.1050 0.0655 0.0577 0.0564 0.0563 0.0563 0.0563 0.0563 0.0829  
70129 35 0.8913 0.9784 0.1461 0.4366 5047530.1879 153346.1282 47365606.1818 5860.9591 915242.6966 14133103.1268 13054163.0299 19927356.8394 16564166.2786 10821330.9842 8527619.8451 8094356.4577 7950108.0979 7802678.7355 0.0254 0.2848 1.0526 1.2187 0.2214 0.2035 0.1091 0.0314 0.0136 0.0119 0.0118 0.0123 0.0143 0.1168 0.2527 0.3549 0.4242 0.4826 0.5057 0.5111 0.5149 0.5194 1.4702 0.1293 0.1127 0.0837 0.0744 0.0719 0.0688 0.0665 0.0659 0.0658 0.0658 0.0598  
70129 36 0.8591 0.8896 0.0581 0.1006 91243896.0906 753921.4664 132365047.7823 146019.3385 6913706491.7558 16463450580.4235 14176960638.2120 5127695060.8879 417720783.8934 54839054.5682 44979079.9162 44979079.9162 44973456.5396 44967833.1629 2922.0129 0.0982 0.1006 0.1343 0.1351 0.1356 0.1392 0.1401 0.1401 0.1401 0.1401 0.1351 0.0007 0.0052 0.0090 0.0171 0.0213 0.0216 0.0216 0.0216 0.0216 0.0216 1.4359 0.1944 0.1621 0.1340 0.1336 0.1301 0.1058 0.0999 0.0999 0.0999 0.0999 0.1338  
78889 4 0.9829 0.9947 0.0191 0.0176 20678555.6400 15408646.0833 1339072824.3599 256190.2006 463868.9350 25048200.9544 89222884.5210 115442127.4247 116929985.6483 116953924.1159 116953924.1159 116953924.1159 116953924.1159 116953924.1159 90.5457 0.1468 0.0252 0.0179 0.0171 0.0170 0.0170 0.0170 0.0170 0.0170 0.0170 0.0171 0.0416 0.5143 1.3000 1.5275 1.5374 1.5376 1.5376 1.5376 1.5376 1.5376 1.5376 0.1119 0.0760 0.0589 0.0564 0.0563 0.0563 0.0563 0.0563 0.0563 0.0563 0.0568  
78889 12 0.9437 0.9553 0.0025 0.0024 10884700.9551 57422.3919 3839721289.6221 937471.1522 5626614.2248 110890465.3598 1307071088.6800 2325125953.6357 2374605136.0049 1851906262.8894 1063574153.6625 440695213.7566 145731369.7605 55337862.3655 4.6524 0.2100 0.0100 0.0023 0.0026 0.0027 0.0027 0.0027 0.0027 0.0028 0.0029 0.0330 0.0186 0.1372 0.2786 0.3810 0.4352 0.4703 0.5138 0.5480 0.5643 0.5693 1.1640 0.1906 0.0846 0.0726 0.0688 0.0662 0.0659 0.0659 0.0659 0.0657 0.0655 0.0911  
78889 15 1.0118 1.0316 0.0011 0.0026 9424475.1687 0.0000 3482720292.6432 1878954.7947 1011062231.8284 17657556787.3627 27053725214.1338 17975065627.5263 5386865041.8809 370051697.4755 4459347.9229 95111.7470 100149.4018 107348.9791 550.1036 0.0701 0.0003 0.0001 0.0001 0.0006 0.0094 0.7133 8.9076 8.5461 8.0611 0.0024 0.0038 0.0342 0.0808 0.1147 0.1548 0.1707 0.1721 0.1731 0.1761 0.1804 1.6453 0.2789 0.1832 0.1490 0.1339 0.1333 0.1333 0.1328 0.1133 0.1121 0.1105 0.2028  
78889 29 0.5115 0.9263 0.0241 0.0314 10060431.7257 391908.7476 50565312.1952 60211.7590 21428.1440 6077888.7001 126788239.7873 306013868.1901 343851771.3429 257806813.0766 128641966.0681 35906166.4096 4901991.8002 767687.6807 50.6895 6.2284 0.7699 0.0304 0.0249 0.0273 0.0432 0.0711 0.1491 0.4464 1.0098 0.0187 0.0008 0.0082 0.0282 0.0621 0.1093 0.1664 0.2317 0.3016 0.3756 0.4292 2.5550 0.3245 0.1047 0.0828 0.0757 0.0669 0.0605 0.0570 0.0556 0.0548 0.0534 0.0671  
78889 30 0.9476 0.9626 0.0144 0.0230 54214124.7213 46941.5483 509416016.4988 140396.8293 1706058.2728 27006074.3010 13255636.3266 11242342.9988 42634198.5511 67132628.7827 71255067.2164 71496479.6470 71504930.5891 71504930.5891 1.0933 0.0569 0.8639 2.3512 0.7646 0.0306 0.0191 0.0187 0.0187 0.0187 0.0187 2.9178 0.0092 0.1152 0.3963 0.8329 1.2515 1.4225 1.4449 1.4461 1.4461 1.4461 1.4461 0.1792 0.1358 0.1090 0.0657 0.0568 0.0563 0.0563 0.0563 0.0563 0.0563 0.0913  
78889 35 0.8980 0.9194 0.1588 0.4676 5860656.0516 129128.3386 39506366.6653 5224.0948 951346.7376 15801797.2726 11399928.4515 15376526.9065 13003854.3547 9262672.6303 7767060.2460 7472483.1908 7348531.2427 7213345.2452 0.0235 0.2351 0.8266 1.1253 0.3214 0.2851 0.1438 0.0408 0.0185 0.0164 0.0162 0.0170 0.0143 0.1168 0.2527 0.3549 0.4242 0.4826 0.5057 0.5111 0.5149 0.5194 1.4702 0.1266 0.1122 0.0844 0.0745 0.0717 0.0685 0.0664 0.0659 0.0658 0.0658 0.0598  
78889 36 0.8376 0.8698 0.0560 0.0965 80075752.0458 629826.0700 117507108.7926 125443.3694 4854739937.8880 13209806525.8965 12405199775.2886 4486076568.6638 361983256.3071 44240944.8389 35607466.9977 35607466.9977 35603015.2793 35598563.5608 2557.8417 0.0929 0.0951 0.1290 0.1295 0.1299 0.1330 0.1338 0.1338 0.1338 0.1338 0.1295 0.0007 0.0052 0.0090 0.0171 0.0213 0.0216 0.0216 0.0216 0.0216 0.0216 1.4359 0.1943 0.1588 0.1339 0.1336 0.1304 0.1063 0.0998 0.0998 0.0998 0.0998 0.1338  
87673 4 1.0111 1.0015 0.0178 0.0167 19374987.4479 15511556.5337 1349539383.3540 251818.7364 581960.5889 27237439.3836 89788394.4410 115301193.0236 116803062.5509 116827358.3025 116827358.3025 116827358.3025 116827358.3025 116827358.3025 90.6344 0.1475 0.0247 0.0169 0.0163 0.0163 0.0163 0.0163 0.0163 0.0163 0.0163 0.0164 0.0416 0.5143 1.3000 1.5275 1.5374 1.5376 1.5376 1.5376 1.5376 1.5376 1.5376 0.1126 0.0768 0.0590 0.0564 0.0563 0.0563 0.0563 0.0563 0.0563 0.0563 0.0568  
87673 12 0.9333 0.9562 0.0027 0.0025 10808144.0898 54953.2389 3618507975.3614 884735.9895 5669702.4117 110026996.8062 1130883450.8283 2133998353.4167 2274570326.2079 1783133243.6259 1024212944.8965 424325170.1821 140248784.2036 53191811.7349 4.9437 0.2140 0.0106 0.0023 0.0027 0.0028 0.0028 0.0028 0.0029 0.0029 0.0030 0.0310 0.0186 0.1372 0.2786 0.3810 0.4352 0.4703 0.5138 0.5480 0.5643 0.5693 1.1640 0.1889 0.0872 0.0725 0.0685 0.0662 0.0659 0.0659 0.0659 0.0657 0.0655 0.0932  
87673 15 1.0438 0.9946 0.0007 0.0020 8295163.1552 0.0000 3579128010.3324 1901099.7952 694515833.4051 16248756730.3135 27038020980.5659 18879677566.9340 5668738006.9323 389380113.4768 4655026.2090 61161.3134 62857.2803 65281.0895 464.6195 0.0697 0.0003 0.0001 0.0001 0.0005 0.0071 0.5487 8.9429 8.7287 8.4242 0.0019 0.0038 0.0342 0.0808 0.1147 0.1548 0.1707 0.1721 0.1731 0.1761 0.1804 1.6453 0.2757 0.1805 0.1486 0.1339 0.1333 0.1333 0.1330 0.1135 0.1127 0.1116 0.2028  
87673 29 0.5911 0.9347 0.0202 0.0277 4932044.4391 223220.4052 47566778.6098 30799.3418 64565.7916 5308521.4513 109178171.1628 268247747.4250 310976209.9832 241962436.0341 123520601.6878 34701882.0000 4710025.4692 724523.7098 45.2488 4.6026 0.6448 0.0298 0.0236 0.0236 0.0330 0.0410 0.0475 0.0653 0.1090 0.0166 0.0008 0.0082 0.0282 0.0621 0.1093 0.1664 0.2317 0.3016 0.3756 0.4292 2.5550 0.2869 0.1070 0.0828 0.0754 0.0666 0.0602 0.0569 0.0558 0.0556 0.0555 0.0671  
87673 30 0.9715 1.1938 0.0218 0.0256 79569440.2712 51081.6886 481364294.0841 133045.3769 4704016.2161 95886292.0787 81800713.8112 23517231.3742 41152029.2873 62972430.4463 66814354.4419 67041971.3924 67050014.4743 67050014.4743 8.5223 0.0328 0.4499 1.2341 0.9593 0.0398 0.0189 0.0187 0.0187 0.0187 0.0187 1.6895 0.0092 0.1152 0.3963 0.8329 1.2515 1.4225 1.4449 1.4461 1.4461 1.4461 1.4461 0.1823 0.1325 0.1067 0.0765 0.0569 0.0563 0.0563 0.0563 0.0563 0.0563 0.0957  
87673 35 0.7743 0.8811 0.1370 0.4762 5223780.2341 160080.4487 34337020.8822 4691.3454 860654.0352 14194372.2847 8946601.3194 10943603.5329 9677923.6318 7801862.7620 7047300.0624 6881572.4182 6776679.4732 6653141.5102 0.0218 0.1986 0.6862 1.0591 0.3740 0.3250 0.1480 0.0411 0.0198 0.0179 0.0177 0.0184 0.0143 0.1168 0.2527 0.3549 0.4242 0.4826 0.5057 0.5111 0.5149 0.5194 1.4702 0.1268 0.1119 0.0848 0.0746 0.0713 0.0681 0.0663 0.0659 0.0658 0.0658 0.0598  
87673 36 0.9383 0.9922 0.0551 0.0952 70256672.8926 469592.2916 105837175.4163 105073.4481 6084952146.9922 13525608055.1063 11043959720.8125 3989215351.2506 318717987.7078 35923145.6149 28239236.0426 28239236.0426 28235705.5155 28232174.9884 2275.8754 0.0930 0.0947 0.1244 0.1260 0.1265 0.1308 0.1320 0.1320 0.1320 0.1320 0.1260 0.0007 0.0052 0.0090 0.0171 0.0213 0.0216 0.0216 0.0216 0.0216 0.0216 1.4359 0.1944 0.1640 0.1339 0.1336 0.1307 0.1069 0.0998 0.0998 0.0998 0.0998 0.1338  
96433 4 1.0449 1.0316 0.0179 0.0163 18658559.6026 18072486.7609 1376155738.9548 254623.3324 1063270.0197 43313593.4117 100986909.4506 117763231.2664 118853660.9210 118871207.5209 118871207.5209 118871207.5209 118871207.5209 118871207.5209 93.7544 0.1440 0.0247 0.0166 0.0160 0.0159 0.0159 0.0159 0.0159 0.0159 0.0159 0.0160 0.0416 0.5143 1.3000 1.5275 1.5374 1.5376 1.5376 1.5376 1.5376 1.5376 1.5376 0.1136 0.0785 0.0600 0.0564 0.0563 0.0563 0.0563 0.0563 0.0563 0.0563 0.0571  
96433 12 0.9447 0.9592 0.0028 0.0026 10725534.6900 71351.8189 3412006060.0617 825755.6484 8962509.0878 130421242.4181 1018735514.5222 1972268853.7567 2160831513.2750 1699525610.1432 976271366.1188 404427510.4699 133631305.9414 50644130.8433 6.0031 0.1988 0.0118 0.0024 0.0029 0.0030 0.0030 0.0030 0.0030 0.0030 0.0031 0.0303 0.0186 0.1372 0.2786 0.3810 0.4352 0.4703 0.5138 0.5480 0.5643 0.5693 1.1640 0.1902 0.0912 0.0726 0.0683 0.0662 0.0659 0.0659 0.0659 0.0657 0.0655 0.0979  
96433 15 1.0354 0.9830 0.0006 0.0013 6859635.2212 0.0000 3616833274.5045 1984312.5364 550172784.9523 14548966844.2311 26195300780.6199 19640408048.7997 5912473114.9134 406112507.1195 4844837.9930 52833.2768 52816.0599 52791.4794 403.8024 0.0986 0.0004 0.0001 0.0001 0.0004 0.0047 0.3707 9.0247 8.8770 8.6618 0.0017 0.0038 0.0342 0.0808 0.1147 0.1548 0.1707 0.1721 0.1731 0.1761 0.1804 1.6453 0.2750 0.1791 0.1477 0.1338 0.1333 0.1333 0.1331 0.1136 0.1130 0.1122 0.2028  
96433 29 0.8105 0.9341 0.0253 0.0352 5012891.6671 327106.9109 44065372.6084 18204.1553 747126.2552 6348066.2711 94164724.1425 236323583.0847 282099956.4316 224204985.0646 115709991.7537 32628723.5290 4434221.1478 683454.7948 40.9694 3.4561 1.2722 0.0494 0.0263 0.0275 0.0388 0.0475 0.0536 0.0689 0.1054 0.0219 0.0008 0.0082 0.0282 0.0621 0.1093 0.1664 0.2317 0.3016 0.3756 0.4292 2.5550 0.2609 0.1423 0.0835 0.0752 0.0664 0.0601 0.0568 0.0558 0.0556 0.0555 0.0671  
96433 30 0.9493 0.9477 0.0243 0.0311 85071852.5097 75834.3639 466854447.2253 129248.5557 3327210.4446 69857524.4400 71390480.4047 32985531.4254 43950430.4862 60195632.8333 63256369.0705 63442312.8230 63449069.0449 63449069.0449 8.1243 0.0351 0.4964 1.1779 0.8020 0.0560 0.0196 0.0189 0.0189 0.0189 0.0189 1.3542 0.0092 0.1152 0.3963 0.8329 1.2515 1.4225 1.4449 1.4461 1.4461 1.4461 1.4461 0.1817 0.1284 0.1011 0.0759 0.0579 0.0564 0.0563 0.0563 0.0563 0.0563 0.0941  
96433 35 0.7171 0.9132 0.1644 0.5395 4691051.5443 107710.0919 33759976.0174 3632.3698 952087.8733 15631737.5782 7814529.1948 7361669.2739 6805338.2127 6496734.1803 6368253.3869 6311788.5451 6223967.2080 6111535.3690 0.0200 0.2161 0.6448 1.1909 0.4634 0.3662 0.1481 0.0426 0.0235 0.0217 0.0216 0.0223 0.0143 0.1168 0.2527 0.3549 0.4242 0.4826 0.5057 0.5111 0.5149 0.5194 1.4702 0.1268 0.1121 0.0865 0.0751 0.0707 0.0675 0.0662 0.0659 0.0658 0.0658 0.0598  
96433 36 0.9025 0.9534 0.0548 0.0951 62624412.4055 520708.5953 89862984.0264 98585.8744 6383004755.4385 12885571572.5771 9649400474.5329 3482564003.4115 276118451.0463 29076654.2118 22364201.7363 22364201.7363 22361405.7180 22358609.6997 1987.7165 0.0929 0.0950 0.1255 0.1270 0.1275 0.1320 0.1334 0.1334 0.1334 0.1334 0.1269 0.0007 0.0052 0.0090 0.0171 0.0213 0.0216 0.0216 0.0216 0.0216 0.0216 1.4359 0.1944 0.1659 0.1340 0.1336 0.1310 0.1075 0.0998 0.0998 0.0998 0.0998 0.1338  
