8761 4 0.7745 0.7921 0.1620 0.2034 24259826.1011 23734285.7996 244160765.8138 27338.9044 620558.4752 29962783.8063 34218689.1006 12304673.6684 10703977.4351 10677147.6123 10677147.6123 10677147.6123 10677147.6123 10677147.6123 9.5989 0.5244 0.2705 0.2388 0.2189 0.2142 0.2141 0.2141 0.2141 0.2141 0.2141 0.2253 0.0416 0.5143 1.3000 1.5275 1.5374 1.5376 1.5376 1.5376 1.5376 1.5376 1.5376 0.1123 0.0800 0.0662 0.0578 0.0563 0.0563 0.0563 0.0563 0.0563 0.0563 0.0643  
8761 12 1.5920 0.6933 0.0175 0.0304 16693304.5176 3891608.7741 1223449600.6535 42036.7297 763478475.1293 4103692960.7729 1562388999.4082 344537710.2645 98217466.0040 58846757.2330 36283298.8671 18966215.9698 10765119.0743 8251480.7214 287.8901 0.5645 0.0192 0.0270 0.0415 0.0463 0.0474 0.0484 0.0504 0.0533 0.0552 0.0145 0.0186 0.1372 0.2786 0.3810 0.4352 0.4703 0.5138 0.5480 0.5643 0.5693 1.1640 0.1868 0.1139 0.0851 0.0730 0.0674 0.0657 0.0651 0.0639 0.0620 0.0608 0.1162  
8761 15 0.7869 0.6272 0.1979 0.1774 583565923.8714 0.0000 1715831143.6439 472602.4582 999393648.7314 11591919643.3137 8841111705.9612 3404072674.0050 1610169500.9940 938066486.9082 887663017.6464 879014114.5363 855480777.2546 821848669.8413 1162.8485 1.1319 0.0087 0.0025 0.0365 0.2464 0.4537 0.4766 0.4771 0.4779 0.4790 0.2250 0.0038 0.0342 0.0808 0.1147 0.1548 0.1707 0.1721 0.1731 0.1761 0.1804 1.6453 0.2775 0.1996 0.1547 0.1330 0.1232 0.1148 0.1139 0.1139 0.1138 0.1137 0.1610  
8761 29 0.7081 0.6418 0.0595 0.1190 73324566.6049 198326030.8104 214462980.1515 90626.6260 2449561.7773 331449827.3069 808921484.7572 707492076.6946 497029957.3264 340709720.4692 234133524.3110 171315323.4586 143961261.5461 134833602.1099 152.3477 4.9911 1.3428 0.2776 0.0748 0.0478 0.0954 0.2817 0.5117 0.6393 0.6843 0.1547 0.0008 0.0082 0.0282 0.0621 0.1093 0.1664 0.2317 0.3016 0.3756 0.4292 2.5550 0.1656 0.1186 0.1038 0.0844 0.0693 0.0597 0.0529 0.0479 0.0442 0.0422 0.0971  
8761 30 0.1237 0.8874 0.0169 0.0371 21180580.2864 28241.8683 167351924.7234 3869.8798 19.9823 3389.0426 1134431.4643 10279848.7121 19562741.2200 21352415.4467 21413822.6765 21412978.7140 21412827.9914 21412827.9914 0.6544 1.1486 3.6623 0.8846 0.2106 0.0642 0.0300 0.0244 0.0240 0.0240 0.0240 0.2903 0.0092 0.1152 0.3963 0.8329 1.2515 1.4225 1.4449 1.4461 1.4461 1.4461 1.4461 0.1304 0.0889 0.0686 0.0639 0.0596 0.0568 0.0563 0.0563 0.0563 0.0563 0.0663  
8761 35 0.9602 0.4603 0.2817 0.5657 12241523.0261 2095077.7476 104807889.5353 12055.9272 3979564.6038 43748256.0450 61344869.0522 65789018.9812 45087704.1288 23052053.6502 14396208.7889 12860396.8758 12560583.0180 12323638.9851 0.0417 0.5094 1.8002 1.7843 0.2495 0.1903 0.1331 0.0645 0.0444 0.0424 0.0422 0.0450 0.0143 0.1168 0.2527 0.3549 0.4242 0.4826 0.5057 0.5111 0.5149 0.5194 1.4702 0.1362 0.1127 0.0839 0.0757 0.0726 0.0699 0.0669 0.0660 0.0658 0.0658 0.0598  
8761 36 0.4315 0.5422 0.0443 0.1026 169134308.1396 1923092.8583 280815412.2236 76117.4164 31616736300.8574 48091022105.2597 24438060231.2988 8918244661.8435 879016512.9889 259631180.2250 242801692.8709 242801692.8709 242771337.3061 242740981.7412 5018.1044 1.3341 0.1368 0.1410 0.1413 0.1443 0.1517 0.1524 0.1524 0.1524 0.1524 0.1410 0.0007 0.0052 0.0090 0.0171 0.0213 0.0216 0.0216 0.0216 0.0216 0.0216 1.4359 0.1897 0.1722 0.1293 0.1282 0.1193 0.0980 0.0960 0.0960 0.0960 0.0960 0.1289  
17545 4 5.4515 2.0030 0.0506 0.0586 16186436.5078 4603797.5078 589576666.1029 16318.5977 1560338.2544 70588442.4320 82770696.3755 35193846.5949 31842072.0433 31786213.6074 31786213.6074 31786213.6074 31786213.6074 31786213.6074 27.7360 0.1951 0.0487 0.0428 0.0382 0.0366 0.0366 0.0366 0.0366 0.0366 0.0366 0.0380 0.0416 0.5143 1.3000 1.5275 1.5374 1.5376 1.5376 1.5376 1.5376 1.5376 1.5376 0.1136 0.0799 0.0656 0.0575 0.0563 0.0563 0.0563 0.0563 0.0563 0.0563 0.0627  
17545 12 1.3054 1.4280 0.0097 0.0133 17731688.0528 180581.7504 2453404337.2954 678531.2373 673890658.1558 5164411565.7219 3893089823.9773 1347710515.8585 293880170.3969 137905481.1631 79968271.2419 36660592.9419 16151729.4035 9866334.9973 342.4099 0.1115 0.0047 0.0084 0.0141 0.0162 0.0172 0.0174 0.0179 0.0188 0.0197 0.0032 0.0186 0.1372 0.2786 0.3810 0.4352 0.4703 0.5138 0.5480 0.5643 0.5693 1.1640 0.1847 0.1040 0.0819 0.0740 0.0691 0.0659 0.0655 0.0646 0.0630 0.0615 0.1084  
17545 15 1.1248 1.2599 0.2328 0.2044 438163394.3338 0.0000 1829782580.7996 678703.0597 1131598338.6128 18136332336.5393 14646941249.8994 5211988432.4564 1778094791.9419 481853099.9356 386786219.4596 382233104.0873 372237726.4904 357953075.2926 1191.6316 0.2496 0.0013 0.0004 0.0180 0.1846 0.6191 0.7200 0.7212 0.7206 0.7197 0.1642 0.0038 0.0342 0.0808 0.1147 0.1548 0.1707 0.1721 0.1731 0.1761 0.1804 1.6453 0.2830 0.1972 0.1553 0.1342 0.1282 0.1165 0.1139 0.1139 0.1138 0.1137 0.1790  
17545 29 1.1464 0.8657 0.0542 0.0943 19953745.6253 882334.0927 191259474.5193 117248.9097 903424.2379 127966558.0641 496685398.1046 652807427.9947 506658799.2310 342144593.4274 225083561.2674 155971260.8798 124056529.1569 112210266.1542 98.6391 3.8911 0.6272 0.2962 0.0574 0.0093 0.0101 0.0265 0.0622 0.1102 0.1444 0.2793 0.0008 0.0082 0.0282 0.0621 0.1093 0.1664 0.2317 0.3016 0.3756 0.4292 2.5550 0.2357 0.1142 0.0975 0.0815 0.0692 0.0602 0.0538 0.0486 0.0445 0.0424 0.0875  
17545 30 1.7059 2.1448 0.0030 0.0072 3857751.2845 1735442.5188 182886548.3399 37184.1951 2654598.2916 83438352.7649 137923711.4072 53664348.8975 20434153.8747 21750559.1090 22597682.4707 22655276.3503 22657455.8547 22657455.8547 13.1909 0.0041 0.0185 0.0692 0.0653 0.0084 0.0040 0.0034 0.0034 0.0034 0.0034 0.1111 0.0092 0.1152 0.3963 0.8329 1.2515 1.4225 1.4449 1.4461 1.4461 1.4461 1.4461 0.1818 0.1290 0.1018 0.0795 0.0595 0.0565 0.0563 0.0563 0.0563 0.0563 0.0934  
17545 35 0.9138 0.8263 0.1977 0.2603 9914578.6518 1477.2082 89037081.8575 9592.9570 881436.7458 12506735.5799 40774176.5837 57528605.1616 42381001.5973 21704689.5942 13521400.7809 12069538.6144 11786915.9811 11564008.1020 0.0389 0.3795 1.1838 0.5544 0.1665 0.1630 0.1065 0.0328 0.0101 0.0079 0.0076 0.0085 0.0143 0.1168 0.2527 0.3549 0.4242 0.4826 0.5057 0.5111 0.5149 0.5194 1.4702 0.1338 0.1081 0.0810 0.0748 0.0726 0.0701 0.0670 0.0660 0.0658 0.0658 0.0598  
17545 36 1.0103 0.9308 0.0505 0.1002 76120082.2852 944878.1813 261027296.6917 301833.9411 25769772462.9556 42505749424.8106 24832072184.9961 9035275233.4793 840065761.3269 208662787.2795 191506755.8378 191506755.8378 191482813.2710 191458870.7043 5105.1254 0.0985 0.0994 0.1182 0.1201 0.1238 0.1360 0.1375 0.1375 0.1375 0.1375 0.1198 0.0007 0.0052 0.0090 0.0171 0.0213 0.0216 0.0216 0.0216 0.0216 0.0216 1.4359 0.1945 0.1734 0.1340 0.1332 0.1257 0.1025 0.0999 0.0999 0.0999 0.0999 0.1337  
26305 4 2.2477 1.5975 0.0246 0.0320 16019259.3403 42410669.4288 1018131290.3029 88961.5295 2375378.6218 113366112.5360 141697593.7971 73769737.2431 68824696.9527 68741755.9898 68741755.9898 68741755.9898 68741755.9898 68741755.9898 58.3300 0.1717 0.0360 0.0297 0.0277 0.0272 0.0272 0.0272 0.0272 0.0272 0.0272 0.0276 0.0416 0.5143 1.3000 1.5275 1.5374 1.5376 1.5376 1.5376 1.5376 1.5376 1.5376 0.1139 0.0796 0.0648 0.0571 0.0563 0.0563 0.0563 0.0563 0.0563 0.0563 0.0611  
26305 12 1.0258 0.9911 0.0052 0.0060 15247067.2984 213584.6191 3179770027.3614 885721.6676 105003821.7280 2549331369.5781 4990600798.8520 2424272482.3874 692115820.7370 382223046.5152 218593889.3415 93541959.5271 34323254.7268 16175039.8029 97.0911 0.1265 0.0039 0.0041 0.0060 0.0067 0.0070 0.0071 0.0073 0.0079 0.0088 0.0039 0.0186 0.1372 0.2786 0.3810 0.4352 0.4703 0.5138 0.5480 0.5643 0.5693 1.1640 0.1725 0.0921 0.0793 0.0733 0.0686 0.0660 0.0658 0.0654 0.0646 0.0632 0.0990  
26305 15 1.2766 1.0545 0.1112 0.3039 460151408.3625 0.0000 2111637607.1438 763373.6800 601482762.7373 15456197993.8376 18577022470.5061 8751691622.6822 2594579412.6650 197746678.1918 23100878.4352 21126721.1693 21452749.5839 21918700.9793 557.3043 0.2886 0.0009 0.0004 0.0099 0.1237 1.0980 2.7406 2.8093 2.7672 2.7063 0.1873 0.0038 0.0342 0.0808 0.1147 0.1548 0.1707 0.1721 0.1731 0.1761 0.1804 1.6453 0.2765 0.1852 0.1541 0.1345 0.1324 0.1253 0.1145 0.1138 0.1135 0.1131 0.1953  
26305 29 0.7972 0.8780 0.0296 0.0870 30541663.6744 854559.5510 159397321.2388 134417.7830 127752.5488 28057808.9539 317083736.3150 583672437.1902 492148832.7339 333373488.9531 210428068.1813 134817844.7630 97132149.4048 82027520.1837 71.1386 4.7666 1.1684 0.2781 0.0417 0.0106 0.0165 0.0465 0.1123 0.2055 0.2737 0.2408 0.0008 0.0082 0.0282 0.0621 0.1093 0.1664 0.2317 0.3016 0.3756 0.4292 2.5550 0.2543 0.1077 0.0882 0.0791 0.0689 0.0604 0.0541 0.0490 0.0449 0.0426 0.0733  
26305 30 1.3496 1.1212 0.0039 0.0235 37164263.6747 4136440.7938 249689871.2733 63433.8807 1715664.6856 67146383.6249 138104993.9317 105304733.5249 48552152.9419 26622242.2407 24058155.7210 23931051.9808 23927593.1995 23927593.1995 14.8407 0.0099 0.0865 0.2480 0.2430 0.0586 0.0087 0.0067 0.0066 0.0066 0.0066 0.2659 0.0092 0.1152 0.3963 0.8329 1.2515 1.4225 1.4449 1.4461 1.4461 1.4461 1.4461 0.1758 0.1253 0.0932 0.0748 0.0630 0.0570 0.0563 0.0563 0.0563 0.0563 0.0864  
26305 35 0.8801 0.8889 0.2165 0.2469 9530920.4092 3225.0549 82746133.5252 8765.5688 654201.8652 10491385.3917 28971843.4958 47821091.2198 36895648.1620 19450405.3368 12517283.4825 11281276.5592 11027354.7330 10819600.9107 0.0363 0.3753 1.0122 0.4991 0.1867 0.1823 0.1173 0.0365 0.0122 0.0098 0.0096 0.0106 0.0143 0.1168 0.2527 0.3549 0.4242 0.4826 0.5057 0.5111 0.5149 0.5194 1.4702 0.1328 0.1092 0.0804 0.0744 0.0725 0.0700 0.0669 0.0660 0.0658 0.0658 0.0598  
26305 36 0.7990 0.8698 0.0556 0.0998 160256687.4238 1196684.8090 227206074.8269 304929.6434 18998601553.9707 34102086302.5069 22415325435.7031 8147640885.8496 737364906.1370 166437425.3226 150924587.0986 150924587.0986 150905718.1977 150886849.2968 4612.0516 0.0984 0.0997 0.1334 0.1342 0.1350 0.1379 0.1383 0.1383 0.1383 0.1383 0.1342 0.0007 0.0052 0.0090 0.0171 0.0213 0.0216 0.0216 0.0216 0.0216 0.0216 1.4359 0.1945 0.1699 0.1340 0.1334 0.1268 0.1029 0.0999 0.0999 0.0999 0.0999 0.1338  
35065 4 1.1560 1.1189 0.0362 0.0354 40788295.6706 13922408.1843 1233848013.6826 199959.0848 983332.6973 60662973.8382 116699286.9349 100694861.8380 99055705.0666 99027220.2606 99027220.2606 99027220.2606 99027220.2606 99027220.2606 78.4550 0.1954 0.0448 0.0377 0.0340 0.0335 0.0335 0.0335 0.0335 0.0335 0.0335 0.0338 0.0416 0.5143 1.3000 1.5275 1.5374 1.5376 1.5376 1.5376 1.5376 1.5376 1.5376 0.1116 0.0770 0.0621 0.0567 0.0563 0.0563 0.0563 0.0563 0.0563 0.0563 0.0581  
35065 12 0.9802 0.9622 0.0034 0.0034 11764548.4710 112722.9138 3407239740.5748 908544.8862 38169669.6722 1368529857.1635 4220194528.8478 2749846123.6693 1121273159.6752 720686735.3793 412581758.6346 173271599.8819 59946099.0618 25216579.4502 33.2210 0.1446 0.0031 0.0027 0.0035 0.0039 0.0040 0.0041 0.0041 0.0043 0.0048 0.0065 0.0186 0.1372 0.2786 0.3810 0.4352 0.4703 0.5138 0.5480 0.5643 0.5693 1.1640 0.1781 0.0871 0.0771 0.0725 0.0678 0.0660 0.0658 0.0657 0.0652 0.0643 0.0981  
35065 15 1.3628 1.1795 0.0102 0.0416 82026222.6905 0.0000 2659934693.3191 974536.1533 1401979324.0414 20013162473.1135 20878256979.3038 12340912492.6684 3681481655.0914 253084327.5752 3271307.9251 436114.5510 869254.6515 1488274.3060 1029.5694 0.3999 0.0034 0.0003 0.0008 0.0067 0.1148 2.8580 5.5071 4.4737 3.6434 0.0066 0.0038 0.0342 0.0808 0.1147 0.1548 0.1707 0.1721 0.1731 0.1761 0.1804 1.6453 0.2809 0.1930 0.1512 0.1341 0.1333 0.1330 0.1249 0.1116 0.1087 0.1065 0.2025  
35065 29 0.9326 0.9224 0.0131 0.0294 22729032.6094 933770.9059 135868131.4462 107153.3062 29280.0954 13309140.7284 256587460.1844 517469729.3018 464513576.5343 323291814.5091 199235636.5974 118160454.4616 77046385.8141 60765546.1943 65.0323 5.9521 0.8664 0.0672 0.0161 0.0093 0.0153 0.0433 0.1061 0.1953 0.2619 0.0476 0.0008 0.0082 0.0282 0.0621 0.1093 0.1664 0.2317 0.3016 0.3756 0.4292 2.5550 0.2930 0.1026 0.0841 0.0781 0.0685 0.0604 0.0544 0.0495 0.0453 0.0430 0.0677  
35065 30 1.0042 1.0995 0.0027 0.0277 63413995.0912 1411453.8723 350450439.3798 85607.8963 2247554.3725 78864157.9502 126192123.4343 101710824.0884 71158312.3922 39483762.1688 33707783.9228 33362122.1414 33350067.1952 33350067.1952 16.1708 0.0163 0.1881 0.5289 0.2542 0.0573 0.0162 0.0106 0.0103 0.0103 0.0103 0.4379 0.0092 0.1152 0.3963 0.8329 1.2515 1.4225 1.4449 1.4461 1.4461 1.4461 1.4461 0.1782 0.1273 0.0951 0.0708 0.0623 0.0575 0.0563 0.0563 0.0563 0.0563 0.0823  
35065 35 0.9062 0.9526 0.2096 0.3044 8764919.3731 3148.8175 70987101.4888 7714.7963 1295162.1047 20768527.9125 26613388.6410 39163459.6355 30220097.9891 16797351.0999 11467266.3601 10507028.0444 10286959.6867 10094766.1843 0.0338 0.3727 0.8462 0.7032 0.2074 0.1950 0.1215 0.0370 0.0133 0.0109 0.0107 0.0117 0.0143 0.1168 0.2527 0.3549 0.4242 0.4826 0.5057 0.5111 0.5149 0.5194 1.4702 0.1306 0.1114 0.0819 0.0745 0.0724 0.0697 0.0668 0.0660 0.0658 0.0658 0.0598  
35065 36 0.8341 0.8765 0.0573 0.1002 142041978.6234 939459.1539 201965740.4871 243627.4306 14248218450.8145 27745437007.2608 20034718913.9227 7275607934.2734 643493597.0039 132519870.0044 118636050.0448 118636050.0448 118621217.9229 118606385.8010 4124.6987 0.0982 0.1003 0.1346 0.1354 0.1364 0.1403 0.1409 0.1409 0.1409 0.1409 0.1353 0.0007 0.0052 0.0090 0.0171 0.0213 0.0216 0.0216 0.0216 0.0216 0.0216 1.4359 0.1944 0.1676 0.1340 0.1334 0.1275 0.1033 0.0999 0.0999 0.0999 0.0999 0.1338  
43825 4 1.0624 1.0342 0.0228 0.0219 22292756.3526 17843582.2581 1313166005.5316 231148.6830 521138.1212 34561347.6142 97550735.8996 111455695.0264 112003157.1649 112011374.7887 112011374.7887 112011374.7887 112011374.7887 112011374.7887 86.9748 0.1996 0.0292 0.0211 0.0194 0.0192 0.0192 0.0192 0.0192 0.0192 0.0192 0.0194 0.0416 0.5143 1.3000 1.5275 1.5374 1.5376 1.5376 1.5376 1.5376 1.5376 1.5376 0.1121 0.0763 0.0602 0.0565 0.0563 0.0563 0.0563 0.0563 0.0563 0.0563 0.0571  
43825 12 0.9620 0.9537 0.0030 0.0029 11227850.4498 80347.2573 3435583559.0684 890565.3851 13475146.5919 832806866.7253 3326060240.4344 2659351421.1156 1428253927.7271 995137211.9772 570483590.5624 238144897.7981 80765891.8412 32535952.2973 17.4950 0.1527 0.0031 0.0026 0.0031 0.0034 0.0035 0.0035 0.0036 0.0037 0.0040 0.0103 0.0186 0.1372 0.2786 0.3810 0.4352 0.4703 0.5138 0.5480 0.5643 0.5693 1.1640 0.1750 0.0850 0.0760 0.0717 0.0672 0.0659 0.0659 0.0658 0.0655 0.0648 0.0951  
43825 15 1.2412 1.0330 0.0070 0.0116 31525514.4329 0.0000 3095323955.5104 1328092.5640 921875461.3138 16350379674.3408 23516921583.0265 15572773061.0510 4667030778.7418 321249529.0881 4568101.2839 847125.5971 1025168.5975 1279618.0299 588.5827 0.2164 0.0009 0.0004 0.0006 0.0025 0.0378 2.1386 7.2265 5.8565 4.7147 0.0078 0.0038 0.0342 0.0808 0.1147 0.1548 0.1707 0.1721 0.1731 0.1761 0.1804 1.6453 0.2796 0.1860 0.1496 0.1339 0.1333 0.1333 0.1300 0.1113 0.1081 0.1057 0.2027  
43825 29 0.9265 0.9234 0.0129 0.0187 25859883.3959 1329104.8279 111246628.9609 99935.2726 32934.6906 10565584.2312 212148556.8686 454990475.0635 441701309.5957 313885117.7397 185439124.8803 98605694.0702 55405361.3093 39237979.3285 63.7349 6.0979 1.0940 0.0285 0.0125 0.0109 0.0210 0.0620 0.1561 0.2938 0.3995 0.0132 0.0008 0.0082 0.0282 0.0621 0.1093 0.1664 0.2317 0.3016 0.3756 0.4292 2.5550 0.2836 0.1092 0.0835 0.0774 0.0680 0.0604 0.0548 0.0501 0.0459 0.0434 0.0671  
43825 30 1.2407 0.9263 0.0199 0.0397 85581463.5083 203307.0440 428235282.4133 85967.1085 1313413.5803 43289011.1879 67221832.8146 72422523.2955 67692847.6958 51550654.1098 48301176.2622 48101760.4528 48094626.8273 48094626.8273 9.1871 0.0439 0.4447 0.9742 0.4306 0.0774 0.0253 0.0187 0.0183 0.0183 0.0183 0.8086 0.0092 0.1152 0.3963 0.8329 1.2515 1.4225 1.4449 1.4461 1.4461 1.4461 1.4461 0.1801 0.1255 0.0941 0.0701 0.0610 0.0571 0.0563 0.0563 0.0563 0.0563 0.0833  
43825 35 0.9645 0.8643 0.1469 0.3394 7714487.6188 53577.8757 61328717.4621 6990.9817 735492.5522 12070320.5530 21597987.7315 31295515.6722 24472146.4559 14470792.8213 10498141.2495 9771846.3326 9581554.7990 9403990.2797 0.0314 0.3219 1.1025 0.8068 0.2237 0.2096 0.1234 0.0365 0.0139 0.0118 0.0116 0.0125 0.0143 0.1168 0.2527 0.3549 0.4242 0.4826 0.5057 0.5111 0.5149 0.5194 1.4702 0.1304 0.1105 0.0819 0.0745 0.0723 0.0694 0.0667 0.0660 0.0658 0.0658 0.0598  
43825 36 0.8809 0.9245 0.0578 0.1002 119969521.5515 677103.3125 176191333.9005 203208.4789 13002986861.1498 24921628203.1518 17689593202.1452 6416127981.9397 557062771.2734 105648902.6466 93383399.4769 93383399.4769 93371724.4930 93360049.5092 3641.8079 0.0985 0.1002 0.1329 0.1342 0.1351 0.1389 0.1395 0.1395 0.1395 0.1395 0.1342 0.0007 0.0052 0.0090 0.0171 0.0213 0.0216 0.0216 0.0216 0.0216 0.0216 1.4359 0.1945 0.1678 0.1340 0.1335 0.1281 0.1037 0.0999 0.0999 0.0999 0.0999 0.1338  
52609 4 1.0131 1.0089 0.0195 0.0183 20807066.7859 16103672.9499 1332353244.6635 245563.3918 324005.7658 24602242.0623 90006424.7197 114944176.5444 116301182.2625 116323027.6423 116323027.6423 116323027.6423 116323027.6423 116323027.6423 89.7102 0.1818 0.0255 0.0183 0.0174 0.0173 0.0173 0.0173 0.0173 0.0173 0.0173 0.0174 0.0416 0.5143 1.3000 1.5275 1.5374 1.5376 1.5376 1.5376 1.5376 1.5376 1.5376 0.1108 0.0761 0.0592 0.0564 0.0563 0.0563 0.0563 0.0563 0.0563 0.0563 0.0568  
52609 12 0.9731 0.9537 0.0029 0.0028 11034177.8725 63058.7563 3434687892.0491 856743.0102 10152118.7764 553799939.7714 2410366665.0807 2357827249.9574 1719015652.1145 1277944921.9383 733595814.5343 305179637.0903 102303297.3610 40130467.3750 9.6408 0.1744 0.0037 0.0025 0.0030 0.0033 0.0033 0.0033 0.0034 0.0035 0.0037 0.0191 0.0186 0.1372 0.2786 0.3810 0.4352 0.4703 0.5138 0.5480 0.5643 0.5693 1.1640 0.1804 0.0841 0.0755 0.0707 0.0667 0.0659 0.0659 0.0658 0.0656 0.0651 0.0938  
52609 15 1.0778 0.9873 0.0058 0.0100 34861803.6916 0.0000 3178975644.2605 1648487.9328 454636048.5039 13874649203.2262 23335430111.7846 17082689289.0023 5138790474.6304 353649705.2472 4943882.2981 802422.9383 869210.4941 964659.8868 442.3520 0.2743 0.0008 0.0003 0.0005 0.0023 0.0365 2.0503 6.7301 6.2178 5.6012 0.0111 0.0038 0.0342 0.0808 0.1147 0.1548 0.1707 0.1721 0.1731 0.1761 0.1804 1.6453 0.2757 0.1806 0.1480 0.1338 0.1333 0.1333 0.1296 0.1131 0.1114 0.1096 0.2027  
52609 29 0.9201 0.9186 0.0179 0.0226 25089698.5048 1082605.9466 89521491.6114 92594.4297 23303.9814 7821021.2425 161885240.6554 390644345.5916 428555511.9942 309281345.0837 171206619.2913 78278267.4468 35663608.7745 21662925.4498 65.2561 6.1492 1.0242 0.0345 0.0165 0.0135 0.0265 0.0812 0.2132 0.4086 0.5589 0.0127 0.0008 0.0082 0.0282 0.0621 0.1093 0.1664 0.2317 0.3016 0.3756 0.4292 2.5550 0.2983 0.1079 0.0831 0.0762 0.0674 0.0605 0.0553 0.0509 0.0467 0.0442 0.0671  
52609 30 1.0955 1.0447 0.0139 0.0346 85937240.5836 195076.8346 462965180.2270 106655.9670 1890083.3818 61692192.4436 69348058.0728 47275712.2865 56495821.4018 58355883.5313 58265662.5401 58252176.3942 58251473.4678 58251473.4678 7.6467 0.0431 0.4855 1.1917 0.5153 0.0637 0.0216 0.0176 0.0173 0.0173 0.0173 1.1942 0.0092 0.1152 0.3963 0.8329 1.2515 1.4225 1.4449 1.4461 1.4461 1.4461 1.4461 0.1793 0.1297 0.1007 0.0696 0.0596 0.0567 0.0563 0.0563 0.0563 0.0563 0.0857  
52609 35 0.9146 0.8763 0.1077 0.3710 6990694.4075 70790.5175 55236181.5996 6743.1414 495914.9871 7991363.7638 17486918.7484 24701850.6161 19668556.9543 12469803.3588 9608479.6370 9074246.0098 8909657.3178 8745800.2630 0.0292 0.3621 1.3148 0.8838 0.2474 0.2303 0.1277 0.0369 0.0150 0.0130 0.0128 0.0135 0.0143 0.1168 0.2527 0.3549 0.4242 0.4826 0.5057 0.5111 0.5149 0.5194 1.4702 0.1322 0.1104 0.0818 0.0746 0.0721 0.0690 0.0665 0.0659 0.0658 0.0658 0.0598  
52609 36 0.8707 0.9203 0.0582 0.1007 102901073.2814 706219.4896 154115806.1916 179005.1271 11772309331.8027 22233825958.1357 15525388444.7039 5625177829.8818 480521029.4740 84149023.4714 73379077.9892 73379077.9892 73369903.9866 73360729.9840 3196.1630 0.0988 0.1009 0.1341 0.1355 0.1363 0.1405 0.1412 0.1412 0.1412 0.1412 0.1354 0.0007 0.0052 0.0090 0.0171 0.0213 0.0216 0.0216 0.0216 0.0216 0.0216 1.4359 0.1945 0.1683 0.1340 0.1335 0.1286 0.1041 0.0999 0.0999 0.0999 0.0999 0.1338  
61369 4 0.9840 0.9879 0.0179 0.0170 19695787.8067 14971968.7233 1322275865.1622 248787.4199 176685.6669 16803090.6779 83233299.4624 114415822.2585 116161055.7950 116189226.3641 116189226.3641 116189226.3641 116189226.3641 116189226.3641 89.2397 0.1986 0.0240 0.0170 0.0166 0.0166 0.0166 0.0166 0.0166 0.0166 0.0166 0.0166 0.0416 0.5143 1.3000 1.5275 1.5374 1.5376 1.5376 1.5376 1.5376 1.5376 1.5376 0.1109 0.0746 0.0583 0.0563 0.0563 0.0563 0.0563 0.0563 0.0563 0.0563 0.0566  
61369 12 0.9905 0.9639 0.0028 0.0027 11154345.4983 97909.7935 3430351274.5719 833678.4974 27446379.9935 470017360.4158 1517446101.8134 1982811886.0748 2009754553.6846 1568746616.7212 901456371.9920 374183649.9000 124493954.4063 47974930.6760 13.2677 0.1638 0.0053 0.0024 0.0031 0.0033 0.0033 0.0033 0.0033 0.0034 0.0035 0.0183 0.0186 0.1372 0.2786 0.3810 0.4352 0.4703 0.5138 0.5480 0.5643 0.5693 1.1640 0.1857 0.0885 0.0754 0.0694 0.0663 0.0659 0.0659 0.0658 0.0657 0.0653 0.1032  
61369 15 1.0050 1.0170 0.0049 0.0086 31046475.1476 0.0000 3174936114.4395 1776675.0176 701419105.2139 14895160570.7043 23422390102.2066 17171072215.8246 5165763971.7620 355369439.5714 4820553.2485 641647.1127 663291.4775 694224.6871 542.3255 0.3159 0.0009 0.0003 0.0004 0.0019 0.0317 1.8512 6.7330 6.4644 6.1005 0.0080 0.0038 0.0342 0.0808 0.1147 0.1548 0.1707 0.1721 0.1731 0.1761 0.1804 1.6453 0.2801 0.1843 0.1475 0.1338 0.1333 0.1333 0.1299 0.1135 0.1126 0.1114 0.2027  
61369 29 0.8844 0.9136 0.0221 0.0287 23579447.7400 858094.8054 70350391.4417 85199.4089 18823.5360 5925242.1835 125845219.6300 337033789.6253 404971973.6150 296663406.9101 154008133.8209 57758842.6585 19122655.3045 9271221.4493 63.4344 6.1071 1.1502 0.0425 0.0208 0.0175 0.0349 0.1054 0.2950 0.6012 0.8213 0.0148 0.0008 0.0082 0.0282 0.0621 0.1093 0.1664 0.2317 0.3016 0.3756 0.4292 2.5550 0.2950 0.1105 0.0826 0.0749 0.0668 0.0606 0.0560 0.0522 0.0481 0.0453 0.0671  
61369 30 0.9838 0.8973 0.0211 0.0351 81280442.8485 51041.1088 471480956.2859 116842.8104 1044048.6976 27395046.3026 31451629.2323 33651884.5013 51247300.2296 60339264.1179 61740757.8102 61821460.8388 61824347.7157 61824347.7157 4.1758 0.0740 0.8087 1.6458 0.6882 0.0649 0.0214 0.0190 0.0189 0.0189 0.0189 1.5593 0.0092 0.1152 0.3963 0.8329 1.2515 1.4225 1.4449 1.4461 1.4461 1.4461 1.4461 0.1797 0.1277 0.0985 0.0699 0.0588 0.0565 0.0563 0.0563 0.0563 0.0563 0.0859  
61369 35 0.7531 0.9027 0.1310 0.4419 6742819.2015 64753.3846 49293777.7262 6167.3478 620831.6192 8435204.9495 15549863.5133 19029101.2573 15195347.5351 10584307.1794 8755663.7680 8400090.8956 8259800.6212 8109219.8860 0.0271 0.4519 1.3831 1.0703 0.3018 0.2687 0.1387 0.0390 0.0169 0.0149 0.0146 0.0154 0.0143 0.1168 0.2527 0.3549 0.4242 0.4826 0.5057 0.5111 0.5149 0.5194 1.4702 0.1334 0.1114 0.0827 0.0749 0.0718 0.0687 0.0664 0.0659 0.0658 0.0658 0.0598  
61369 36 0.8547 0.8966 0.0578 0.1006 87874570.0804 709743.2384 131412370.6719 155858.9243 9869433644.9948 18964105605.5889 13496951900.6489 4886799625.5326 411806026.5847 67028472.0025 57660414.1574 57660414.1574 57653205.3343 57645996.5113 2778.9899 0.0986 0.1005 0.1341 0.1351 0.1360 0.1404 0.1412 0.1412 0.1412 0.1412 0.1351 0.0007 0.0052 0.0090 0.0171 0.0213 0.0216 0.0216 0.0216 0.0216 0.0216 1.4359 0.1944 0.1674 0.1340 0.1336 0.1291 0.1045 0.0999 0.0999 0.0999 0.0999 0.1338  
70129 4 1.0115 1.0040 0.0178 0.0172 20060606.8612 15395927.5852 1320859679.5037 244802.7117 272964.2190 19860803.3480 86267786.0332 114501867.0210 115997224.9028 116021169.8049 116021169.8049 116021169.8049 116021169.8049 116021169.8049 89.1560 0.1877 0.0251 0.0175 0.0169 0.0168 0.0168 0.0168 0.0168 0.0168 0.0168 0.0169 0.0416 0.5143 1.3000 1.5275 1.5374 1.5376 1.5376 1.5376 1.5376 1.5376 1.5376 0.1116 0.0763 0.0586 0.0564 0.0563 0.0563 0.0563 0.0563 0.0563 0.0563 0.0567  
70129 12 0.9689 0.9609 0.0029 0.0028 11353178.2447 87083.1644 3330834067.6561 825775.0907 20701847.5987 380837240.7972 1075330901.5676 1764089715.4261 2090446954.8815 1660509885.4776 954512118.3036 395882122.5925 131343258.4235 50273640.8010 12.6551 0.1796 0.0055 0.0024 0.0032 0.0033 0.0033 0.0033 0.0034 0.0034 0.0036 0.0162 0.0186 0.1372 0.2786 0.3810 0.4352 0.4703 0.5138 0.5480 0.5643 0.5693 1.1640 0.1830 0.0897 0.0757 0.0682 0.0661 0.0659 0.0659 0.0658 0.0657 0.0654 0.0993  
70129 15 0.9841 0.9887 0.0043 0.0074 25295817.0458 0.0000 3113311892.2327 1785552.4886 661013568.7350 14726684811.0110 23171877759.0764 16768980279.0085 5042171017.1155 346568613.2126 4384292.4746 301118.8805 310602.6500 324156.4612 523.6527 0.2157 0.0006 0.0002 0.0003 0.0017 0.0270 1.6838 7.5427 7.3454 7.0660 0.0073 0.0038 0.0342 0.0808 0.1147 0.1548 0.1707 0.1721 0.1731 0.1761 0.1804 1.6453 0.2776 0.1820 0.1479 0.1338 0.1333 0.1333 0.1307 0.1136 0.1130 0.1122 0.2027  
70129 29 0.6755 0.9150 0.0368 0.0354 18491558.4246 602605.6780 56885922.8541 75353.9701 17826.1198 4419202.0803 97164640.6511 291588726.3385 379155998.9605 279401880.8979 136952715.3344 42120257.8562 8794868.2214 2818506.6306 60.9545 6.0381 1.3329 0.0522 0.0251 0.0231 0.0423 0.1077 0.3102 0.7754 1.1890 0.0184 0.0008 0.0082 0.0282 0.0621 0.1093 0.1664 0.2317 0.3016 0.3756 0.4292 2.5550 0.2907 0.1135 0.0822 0.0738 0.0664 0.0607 0.0567 0.0539 0.0503 0.0472 0.0671  
70129 30 1.0030 1.0539 0.0224 0.0313 79145422.9382 53914.6563 464981899.6512 114949.8384 1988875.2150 50100514.1427 50281024.0865 28809659.2055 45926792.9423 60109046.0599 62483800.7323 62622847.6448 62627775.6707 62627775.6707 5.2720 0.0587 0.6454 1.4560 0.7337 0.0538 0.0205 0.0188 0.0188 0.0188 0.0188 1.6047 0.0092 0.1152 0.3963 0.8329 1.2515 1.4225 1.4449 1.4461 1.4461 1.4461 1.4461 0.1832 0.1306 0.1037 0.0708 0.0582 0.0565 0.0563 0.0563 0.0563 0.0563 0.0890  
70129 35 0.9997 0.9182 0.1930 0.4963 6166970.8690 57396.6214 44195855.7846 4644.3889 728909.2970 10181881.0964 13990321.7279 14628646.2931 11725049.8516 9032382.9615 7968999.6932 7746688.2841 7626553.6580 7488619.4949 0.0251 0.3794 1.2793 1.2040 0.3527 0.2963 0.1411 0.0399 0.0192 0.0174 0.0172 0.0179 0.0143 0.1168 0.2527 0.3549 0.4242 0.4826 0.5057 0.5111 0.5149 0.5194 1.4702 0.1330 0.1119 0.0838 0.0753 0.0715 0.0683 0.0663 0.0659 0.0658 0.0658 0.0598  
70129 36 0.8588 0.8952 0.0556 0.0963 75874770.8858 605352.2029 116130732.9855 133216.0663 8115335301.2642 16089435222.5597 11834429447.5009 4282404276.5886 356300427.8346 53812289.0506 45593289.1893 45593289.1893 45587589.0229 45581888.8565 2437.2047 0.0930 0.0948 0.1283 0.1292 0.1299 0.1341 0.1350 0.1350 0.1350 0.1350 0.1292 0.0007 0.0052 0.0090 0.0171 0.0213 0.0216 0.0216 0.0216 0.0216 0.0216 1.4359 0.1944 0.1668 0.1340 0.1336 0.1294 0.1049 0.0998 0.0998 0.0998 0.0998 0.1338  
78889 4 0.9755 0.9849 0.0188 0.0175 20172195.8345 14648825.7407 1302244513.0382 247629.1708 187636.7801 14602134.3186 80050223.9139 113035288.0360 114887539.2179 114917498.5506 114917498.5506 114917498.5506 114917498.5506 114917498.5506 88.0398 0.1872 0.0259 0.0179 0.0172 0.0171 0.0171 0.0171 0.0171 0.0171 0.0171 0.0172 0.0416 0.5143 1.3000 1.5275 1.5374 1.5376 1.5376 1.5376 1.5376 1.5376 1.5376 0.1110 0.0750 0.0580 0.0563 0.0563 0.0563 0.0563 0.0563 0.0563 0.0563 0.0566  
78889 12 0.9491 0.9667 0.0030 0.0028 11116443.6523 98215.1541 3212954007.5649 800085.7659 30692065.9453 352634406.8318 810689373.6876 1623606026.9768 2088838513.9819 1672421215.5075 961484100.4827 398597895.1578 132043532.9945 50356269.4392 14.5258 0.1795 0.0068 0.0024 0.0032 0.0033 0.0034 0.0034 0.0034 0.0034 0.0036 0.0158 0.0186 0.1372 0.2786 0.3810 0.4352 0.4703 0.5138 0.5480 0.5643 0.5693 1.1640 0.1855 0.0931 0.0756 0.0675 0.0660 0.0659 0.0659 0.0658 0.0657 0.0654 0.1030  
78889 15 0.9605 1.0456 0.0047 0.0077 25666855.2982 0.0000 3109554461.4264 1757168.0487 842745587.2974 18672374665.1043 24058528264.1872 16005541142.1896 4797988030.4881 330057008.2938 4462736.9843 571151.9655 561532.3712 547784.8572 837.7570 0.2063 0.0006 0.0001 0.0003 0.0017 0.0286 1.7464 7.2291 7.1467 7.0243 0.0050 0.0038 0.0342 0.0808 0.1147 0.1548 0.1707 0.1721 0.1731 0.1761 0.1804 1.6453 0.2753 0.1872 0.1486 0.1339 0.1333 0.1333 0.1304 0.1138 0.1135 0.1131 0.2028  
78889 29 0.8085 0.9229 0.0265 0.0389 11351245.0389 314577.5703 49841811.5070 50897.8987 11465.2747 3257736.5571 75197987.0463 252466632.1390 350644116.3977 261041621.8595 124894223.6975 34599242.0476 4961943.4893 876481.6269 57.3632 6.1078 1.2987 0.0595 0.0312 0.0259 0.0396 0.0778 0.2013 0.6278 1.2837 0.0186 0.0008 0.0082 0.0282 0.0621 0.1093 0.1664 0.2317 0.3016 0.3756 0.4292 2.5550 0.2781 0.1120 0.0815 0.0728 0.0661 0.0607 0.0571 0.0554 0.0537 0.0514 0.0671  
78889 30 0.9732 0.9664 0.0231 0.0329 80143678.9219 51622.5641 455604376.0365 115297.9642 1616570.2272 38887643.4994 43182205.9624 31325830.7279 45442467.8238 58723549.2404 61179668.4758 61329248.2703 61334816.9323 61334816.9323 4.9933 0.0617 0.6864 1.4755 0.7784 0.0598 0.0202 0.0189 0.0189 0.0188 0.0188 1.5563 0.0092 0.1152 0.3963 0.8329 1.2515 1.4225 1.4449 1.4461 1.4461 1.4461 1.4461 0.1818 0.1290 0.1009 0.0719 0.0582 0.0564 0.0563 0.0563 0.0563 0.0563 0.0885  
78889 35 0.7718 0.9023 0.1352 0.5029 4644185.6695 168725.2432 34876401.1604 4643.0033 778382.9453 7086656.8399 12775994.4234 12073068.5465 9614229.5256 7948131.5164 7295487.5684 7146100.8242 7040240.3114 6913608.3808 0.0232 0.4723 1.5784 1.3263 0.3145 0.2580 0.1141 0.0334 0.0180 0.0166 0.0164 0.0170 0.0143 0.1168 0.2527 0.3549 0.4242 0.4826 0.5057 0.5111 0.5149 0.5194 1.4702 0.1400 0.1122 0.0840 0.0757 0.0712 0.0679 0.0662 0.0659 0.0658 0.0658 0.0598  
78889 36 0.8911 0.9320 0.0555 0.0953 68198003.7345 626618.4747 104442501.1312 114403.8122 7242863338.2699 14528347074.1770 10812182417.7763 3909167837.1476 320129609.6164 43610817.4285 36097437.8633 36097437.8633 36092924.8877 36088411.9121 2226.9339 0.0929 0.0950 0.1262 0.1275 0.1282 0.1327 0.1337 0.1337 0.1337 0.1337 0.1275 0.0007 0.0052 0.0090 0.0171 0.0213 0.0216 0.0216 0.0216 0.0216 0.0216 1.4359 0.1944 0.1669 0.1340 0.1336 0.1299 0.1055 0.0998 0.0998 0.0998 0.0998 0.1338  
87673 4 0.9936 1.0013 0.0185 0.0169 19085698.8984 14573556.3093 1317176497.3112 241572.6507 241169.7745 17570123.2752 83258683.3512 112657194.7204 114199313.4875 114223962.1749 114223962.1749 114223962.1749 114223962.1749 114223962.1749 87.6239 0.1890 0.0255 0.0173 0.0165 0.0164 0.0164 0.0164 0.0164 0.0164 0.0164 0.0165 0.0416 0.5143 1.3000 1.5275 1.5374 1.5376 1.5376 1.5376 1.5376 1.5376 1.5376 0.1113 0.0763 0.0584 0.0564 0.0563 0.0563 0.0563 0.0563 0.0563 0.0563 0.0566  
87673 12 0.9425 0.9755 0.0030 0.0029 10932068.1745 114810.4438 3104461152.8292 759322.5012 43926071.8296 381903750.7193 680929924.5482 1534901885.9767 2043201572.6528 1640787002.8003 943315314.4851 390961745.3334 129395121.6484 49236391.5790 19.8697 0.1758 0.0076 0.0024 0.0033 0.0034 0.0034 0.0034 0.0034 0.0035 0.0036 0.0121 0.0186 0.1372 0.2786 0.3810 0.4352 0.4703 0.5138 0.5480 0.5643 0.5693 1.1640 0.1851 0.0977 0.0755 0.0671 0.0660 0.0659 0.0659 0.0659 0.0657 0.0654 0.1050  
87673 15 1.0101 1.0231 0.0048 0.0079 25962659.0189 0.0000 3194530485.9966 1687768.1100 755145358.8533 19314132722.6468 25578462925.7488 16068450851.5476 4805309660.9731 330616423.5041 4528979.4881 629322.2332 613319.4781 590449.5374 778.1001 0.2136 0.0005 0.0001 0.0002 0.0017 0.0295 1.7769 6.9266 6.8931 6.8420 0.0050 0.0038 0.0342 0.0808 0.1147 0.1548 0.1707 0.1721 0.1731 0.1761 0.1804 1.6453 0.2735 0.1847 0.1496 0.1339 0.1333 0.1333 0.1302 0.1138 0.1137 0.1135 0.2028  
87673 29 0.4179 0.9244 0.0348 0.0496 7814697.6481 264235.2547 45442034.9241 41151.8884 11190.3561 2463050.4634 59055676.3675 218142371.4629 318503735.9962 240368820.9390 115175424.4492 31557481.1683 4289362.5602 667683.4425 52.5954 6.0141 1.5489 0.0813 0.0401 0.0327 0.0462 0.0652 0.1002 0.2314 0.5266 0.0225 0.0008 0.0082 0.0282 0.0621 0.1093 0.1664 0.2317 0.3016 0.3756 0.4292 2.5550 0.2673 0.1158 0.0810 0.0719 0.0658 0.0607 0.0572 0.0558 0.0555 0.0551 0.0671  
87673 30 0.9997 0.9076 0.0181 0.0307 64067888.6954 45669.8963 442847051.3084 112207.6445 1096590.6704 19620859.3964 18422021.2180 23777841.9613 44241510.2461 57479109.2854 59800098.7257 59940080.7896 59945319.5266 59945319.5266 2.9626 0.0856 1.0389 1.9809 0.6493 0.0525 0.0203 0.0189 0.0188 0.0188 0.0188 1.6233 0.0092 0.1152 0.3963 0.8329 1.2515 1.4225 1.4449 1.4461 1.4461 1.4461 1.4461 0.1806 0.1306 0.1007 0.0684 0.0582 0.0564 0.0563 0.0563 0.0563 0.0563 0.0824  
87673 35 0.8331 0.8430 0.1080 0.4878 4642744.4442 123950.6396 31985946.3996 3583.3449 385467.4167 3886765.9073 8995216.2488 8364584.3880 7190868.1935 6786928.8738 6628393.7107 6565903.2342 6475255.1853 6359664.7167 0.0214 0.4849 1.5007 1.0762 0.4092 0.3307 0.1327 0.0383 0.0212 0.0197 0.0195 0.0203 0.0143 0.1168 0.2527 0.3549 0.4242 0.4826 0.5057 0.5111 0.5149 0.5194 1.4702 0.1396 0.1109 0.0830 0.0756 0.0708 0.0675 0.0662 0.0659 0.0658 0.0658 0.0598  
87673 36 0.8688 0.8963 0.0553 0.0952 61904301.1139 502639.4960 92252769.1177 101948.0320 5706551361.0507 12259704688.8846 9726421129.8527 3515229870.3846 284303461.0847 35375527.6909 28611827.4190 28611827.4190 28608250.3098 28604673.2005 2004.0147 0.0932 0.0952 0.1268 0.1277 0.1282 0.1317 0.1326 0.1326 0.1326 0.1326 0.1277 0.0007 0.0052 0.0090 0.0171 0.0213 0.0216 0.0216 0.0216 0.0216 0.0216 1.4359 0.1944 0.1648 0.1339 0.1336 0.1303 0.1061 0.0998 0.0998 0.0998 0.0998 0.1338  
96433 4 1.0683 1.0434 0.0177 0.0167 17210377.6341 20336257.4489 1379894936.5804 240020.6805 407206.6788 28204331.9513 96673551.6371 117804116.9276 118683223.7853 118696597.8339 118696597.8339 118696597.8339 118696597.8339 118696597.8339 91.5557 0.1848 0.0267 0.0175 0.0159 0.0158 0.0158 0.0158 0.0158 0.0158 0.0158 0.0160 0.0416 0.5143 1.3000 1.5275 1.5374 1.5376 1.5376 1.5376 1.5376 1.5376 1.5376 0.1114 0.0777 0.0595 0.0564 0.0563 0.0563 0.0563 0.0563 0.0563 0.0563 0.0569  
96433 12 0.9719 0.9803 0.0031 0.0029 10874628.7756 122139.3910 3019269960.9645 715640.1007 53496491.0463 387642040.7459 608477539.6492 1475630818.3864 2000880391.1970 1609334573.9600 925210760.6295 383361232.5139 126768804.7049 48134457.0734 20.4956 0.1798 0.0081 0.0025 0.0034 0.0035 0.0035 0.0035 0.0035 0.0036 0.0037 0.0116 0.0186 0.1372 0.2786 0.3810 0.4352 0.4703 0.5138 0.5480 0.5643 0.5693 1.1640 0.1848 0.1003 0.0754 0.0670 0.0660 0.0659 0.0659 0.0659 0.0657 0.0655 0.1057  
96433 15 1.0109 0.9920 0.0047 0.0084 28313921.7261 0.0000 3202094582.8690 1704754.8895 737093054.8724 17655555037.8524 26237400232.6485 16262216592.3341 4859786080.9055 334227081.6958 4433011.7238 489875.4488 476171.5679 456586.9832 537.2675 0.1079 0.0003 0.0001 0.0002 0.0018 0.0318 1.8582 6.7639 6.7506 6.7302 0.0075 0.0038 0.0342 0.0808 0.1147 0.1548 0.1707 0.1721 0.1731 0.1761 0.1804 1.6453 0.2761 0.1806 0.1498 0.1340 0.1333 0.1333 0.1299 0.1139 0.1138 0.1137 0.2027  
96433 29 0.7269 0.9320 0.0296 0.0505 4669988.4150 208523.0593 42588677.3292 17199.3008 26384.8061 1991356.9762 47496159.6664 189355834.4056 288737003.0473 223913151.8228 109115761.8700 30076743.9036 4086995.7984 634489.9399 47.5190 5.3802 1.9598 0.1069 0.0396 0.0246 0.0308 0.0411 0.0576 0.1179 0.2605 0.0185 0.0008 0.0082 0.0282 0.0621 0.1093 0.1664 0.2317 0.3016 0.3756 0.4292 2.5550 0.2430 0.1288 0.0809 0.0713 0.0656 0.0606 0.0572 0.0559 0.0556 0.0554 0.0671  
96433 30 0.9674 0.9550 0.0160 0.0269 56167813.8736 44447.3419 423082607.1574 112176.5798 1359184.7402 19535733.9646 14008633.5151 16418491.7337 39446209.1206 55316174.2601 57997401.7975 58155799.3564 58161505.1028 58161505.1028 1.9708 0.0750 1.0821 2.3096 0.6375 0.0412 0.0200 0.0189 0.0189 0.0189 0.0189 2.0186 0.0092 0.1152 0.3963 0.8329 1.2515 1.4225 1.4449 1.4461 1.4461 1.4461 1.4461 0.1811 0.1345 0.1052 0.0666 0.0577 0.0564 0.0563 0.0563 0.0563 0.0563 0.0826  
96433 35 0.7991 0.9639 0.1535 0.5481 3583132.7852 158251.8332 29783739.9152 2985.3511 645995.9221 7593362.7322 7592555.6473 6684069.2660 6022574.7747 6053176.6736 6064347.1390 6033543.7768 5952688.9782 5846859.2167 0.0198 0.4493 1.2152 1.4105 0.3975 0.2871 0.1071 0.0337 0.0212 0.0201 0.0200 0.0205 0.0143 0.1168 0.2527 0.3549 0.4242 0.4826 0.5057 0.5111 0.5149 0.5194 1.4702 0.1352 0.1130 0.0850 0.0759 0.0703 0.0672 0.0661 0.0659 0.0658 0.0658 0.0598  
96433 36 0.8413 0.8773 0.0551 0.0954 54836499.5336 398285.7318 78473443.4559 88569.3559 4403634882.1517 10056051978.0906 8390250982.5591 3031735015.3874 243336431.1287 28503219.4232 22665917.3651 22665917.3651 22663083.6257 22660249.8863 1729.1580 0.0933 0.0955 0.1276 0.1282 0.1287 0.1321 0.1331 0.1331 0.1331 0.1331 0.1282 0.0007 0.0052 0.0090 0.0171 0.0213 0.0216 0.0216 0.0216 0.0216 0.0216 1.4359 0.1943 0.1624 0.1339 0.1336 0.1307 0.1067 0.0998 0.0998 0.0998 0.0998 0.1338  
