8761 4 0.7968 0.7925 0.1640 0.2010 24073977.7465 23122124.0543 252352887.6228 28127.0107 682729.2455 31254219.8027 34597550.7376 12112029.8097 10466366.1835 10438781.8775 10438781.8775 10438781.8775 10438781.8775 10438781.8775 9.4393 0.5018 0.2695 0.2390 0.2133 0.2056 0.2054 0.2054 0.2054 0.2054 0.2054 0.2215 0.0416 0.5143 1.3000 1.5275 1.5374 1.5376 1.5376 1.5376 1.5376 1.5376 1.5376 0.1124 0.0802 0.0662 0.0578 0.0563 0.0563 0.0563 0.0563 0.0563 0.0563 0.0642  
8761 12 1.5652 0.6950 0.0175 0.0301 16571621.3407 3902686.7156 1253457396.9154 41329.1314 870984779.6610 4048957129.2961 1507380418.2075 372722825.2403 100596579.9113 57657875.4321 35544782.6374 18665241.2630 10671341.0454 8221198.9433 293.3736 0.5532 0.0193 0.0268 0.0410 0.0456 0.0468 0.0477 0.0497 0.0526 0.0544 0.0143 0.0186 0.1372 0.2786 0.3810 0.4352 0.4703 0.5138 0.5480 0.5643 0.5693 1.1640 0.1868 0.1143 0.0849 0.0729 0.0675 0.0657 0.0651 0.0639 0.0620 0.0608 0.1168  
8761 15 0.7670 0.6291 0.1975 0.1774 583223074.5842 0.0000 1682611232.0142 460632.0329 844606325.8504 12126477913.9913 8651108898.7378 3359444637.0692 1597968521.5357 937219404.4610 887643015.9626 879002198.6159 855463622.6442 821824028.3847 1249.3768 1.1106 0.0082 0.0022 0.0363 0.2467 0.4539 0.4767 0.4772 0.4779 0.4791 0.2153 0.0038 0.0342 0.0808 0.1147 0.1548 0.1707 0.1721 0.1731 0.1761 0.1804 1.6453 0.2737 0.1996 0.1548 0.1330 0.1232 0.1148 0.1139 0.1139 0.1138 0.1137 0.1626  
8761 29 0.7125 0.6444 0.0598 0.1169 73351150.0210 203192984.6551 215205195.5779 91186.8119 2170752.4300 298235420.6409 797268857.3896 754757319.8363 512773059.2444 342615656.6074 234509527.8194 171290190.8684 143726021.5549 134566109.1722 142.4858 4.9752 1.3434 0.2700 0.0718 0.0486 0.0968 0.2833 0.5135 0.6414 0.6862 0.1519 0.0008 0.0082 0.0282 0.0621 0.1093 0.1664 0.2317 0.3016 0.3756 0.4292 2.5550 0.1658 0.1184 0.1029 0.0842 0.0696 0.0597 0.0529 0.0479 0.0442 0.0422 0.0964  
8761 30 0.1233 0.8869 0.0171 0.0376 21303853.3297 41281.5431 167096675.2180 3855.8380 25.4749 3809.0699 1078790.8577 10538409.4680 20413192.7498 21348831.0366 21138128.6369 21118246.5967 21117274.9956 21117274.9956 0.4963 1.1104 3.6626 0.8914 0.2117 0.0655 0.0306 0.0244 0.0240 0.0240 0.0240 0.2938 0.0092 0.1152 0.3963 0.8329 1.2515 1.4225 1.4449 1.4461 1.4461 1.4461 1.4461 0.1304 0.0897 0.0687 0.0637 0.0595 0.0568 0.0563 0.0563 0.0563 0.0563 0.0663  
8761 35 0.9355 0.4551 0.2803 0.5678 12237786.0186 1902767.0015 106948242.0362 11745.2832 3916362.0123 39478743.1444 60355390.8781 65890445.2840 45326443.0309 23143865.6230 14426475.9385 12880105.1552 12579089.6617 12341677.5718 0.0417 0.5545 1.8834 1.7959 0.2487 0.1892 0.1319 0.0635 0.0434 0.0414 0.0412 0.0439 0.0143 0.1168 0.2527 0.3549 0.4242 0.4826 0.5057 0.5111 0.5149 0.5194 1.4702 0.1367 0.1127 0.0838 0.0757 0.0726 0.0699 0.0669 0.0660 0.0658 0.0658 0.0598  
8761 36 0.4151 0.5422 0.0436 0.1024 165133020.0664 1867465.9535 264213910.2365 73235.7934 32689953130.6983 48456173500.1563 23384414888.7864 8537417182.6017 851482020.1520 259316277.7660 243226383.1856 243226383.1856 243195974.5251 243165565.8646 4799.6270 1.3341 0.1365 0.1401 0.1404 0.1434 0.1501 0.1507 0.1507 0.1507 0.1507 0.1402 0.0007 0.0052 0.0090 0.0171 0.0213 0.0216 0.0216 0.0216 0.0216 0.0216 1.4359 0.1897 0.1727 0.1293 0.1282 0.1191 0.0979 0.0960 0.0960 0.0960 0.0960 0.1289  
17545 4 6.2286 2.1371 0.0493 0.0559 16284666.9455 4928369.6019 615818992.1678 16145.7200 1977198.7872 84341158.3603 92629467.3114 37647028.8185 33651796.2248 33584863.8830 33584863.8830 33584863.8830 33584863.8830 33584863.8830 29.7067 0.1794 0.0473 0.0401 0.0354 0.0341 0.0341 0.0341 0.0341 0.0341 0.0341 0.0366 0.0416 0.5143 1.3000 1.5275 1.5374 1.5376 1.5376 1.5376 1.5376 1.5376 1.5376 0.1125 0.0805 0.0657 0.0576 0.0563 0.0563 0.0563 0.0563 0.0563 0.0563 0.0632  
17545 12 1.7905 1.8493 0.0085 0.0126 17509005.5026 208831.7841 3147835616.0129 682293.3504 1713962559.3110 8496925332.5560 4392107547.2721 1611424692.9189 363085160.4637 171986941.5035 99132158.1979 44569654.6389 18731082.1214 10812368.1119 586.2000 0.0901 0.0035 0.0077 0.0130 0.0149 0.0158 0.0160 0.0164 0.0171 0.0178 0.0025 0.0186 0.1372 0.2786 0.3810 0.4352 0.4703 0.5138 0.5480 0.5643 0.5693 1.1640 0.1856 0.1099 0.0821 0.0737 0.0692 0.0660 0.0655 0.0647 0.0632 0.0617 0.1140  
17545 15 0.9901 1.1410 0.2309 0.2018 427720800.2491 0.0000 1579112292.9430 667454.6389 1346634176.0432 16245252816.6420 11373946609.2735 4731387224.3906 1661691734.1285 483259978.1429 396758479.8161 392195627.9995 381872633.8454 367119776.1925 1243.7834 0.1182 0.0009 0.0006 0.0188 0.1881 0.6039 0.6942 0.6953 0.6949 0.6942 0.1642 0.0038 0.0342 0.0808 0.1147 0.1548 0.1707 0.1721 0.1731 0.1761 0.1804 1.6453 0.2772 0.1965 0.1550 0.1340 0.1279 0.1164 0.1139 0.1139 0.1138 0.1137 0.1786  
17545 29 1.1578 0.8732 0.0432 0.0880 20008590.0918 987458.6011 194463823.7121 120016.1675 637025.8989 95279175.5395 485077263.0810 703176317.1131 531827056.2680 353660174.6294 231034823.1774 157818248.4004 124191753.9875 111980157.5360 90.4315 4.1270 0.7152 0.2776 0.0503 0.0093 0.0102 0.0264 0.0622 0.1107 0.1453 0.2775 0.0008 0.0082 0.0282 0.0621 0.1093 0.1664 0.2317 0.3016 0.3756 0.4292 2.5550 0.2404 0.1133 0.0948 0.0812 0.0696 0.0603 0.0538 0.0487 0.0446 0.0424 0.0845  
17545 30 1.3494 1.6254 0.0032 0.0077 3845159.0870 1552190.0477 171955966.2936 36821.2684 2387355.8445 48558349.8578 69415499.9209 26166264.1565 16483545.4398 21662256.2303 22773974.8757 22841468.2356 22843851.8739 22843851.8739 6.6352 0.0076 0.0365 0.1277 0.0810 0.0085 0.0047 0.0039 0.0038 0.0038 0.0038 0.1950 0.0092 0.1152 0.3963 0.8329 1.2515 1.4225 1.4449 1.4461 1.4461 1.4461 1.4461 0.1849 0.1315 0.1024 0.0765 0.0583 0.0564 0.0563 0.0563 0.0563 0.0563 0.0935  
17545 35 0.8596 0.8409 0.1957 0.2643 9668019.9674 2210.3333 105748035.2685 9766.0271 1002313.3440 11521845.8022 40306452.2317 58800030.0602 43560134.0489 22146945.9173 13666130.6270 12163155.3386 11874458.0768 11648936.3006 0.0390 0.4402 1.3476 0.5873 0.1614 0.1556 0.1024 0.0318 0.0098 0.0076 0.0074 0.0082 0.0143 0.1168 0.2527 0.3549 0.4242 0.4826 0.5057 0.5111 0.5149 0.5194 1.4702 0.1373 0.1089 0.0810 0.0748 0.0726 0.0701 0.0670 0.0660 0.0659 0.0658 0.0598  
17545 36 0.9089 0.8653 0.0512 0.1007 73236786.5353 1014120.5042 254458226.9965 304866.1934 21459550404.2601 37636458841.7654 24009487163.4093 8744653287.1415 818677809.9257 208018069.7800 191425659.7527 191425659.7527 191401727.3247 191377794.8968 4938.5556 0.0986 0.1001 0.1225 0.1235 0.1271 0.1383 0.1396 0.1396 0.1396 0.1396 0.1232 0.0007 0.0052 0.0090 0.0171 0.0213 0.0216 0.0216 0.0216 0.0216 0.0216 1.4359 0.1945 0.1719 0.1339 0.1331 0.1254 0.1024 0.0999 0.0999 0.0999 0.0999 0.1337  
26305 4 2.0372 1.4813 0.0243 0.0316 15876983.4692 44995357.0806 1010772405.5106 100564.5296 2321287.3529 107584087.4059 135971290.3717 73841001.8389 68960951.8025 68878313.3481 68878313.3481 68878313.3481 68878313.3481 68878313.3481 57.7219 0.1415 0.0359 0.0301 0.0270 0.0266 0.0266 0.0266 0.0266 0.0266 0.0266 0.0278 0.0416 0.5143 1.3000 1.5275 1.5374 1.5376 1.5376 1.5376 1.5376 1.5376 1.5376 0.1120 0.0796 0.0644 0.0571 0.0563 0.0563 0.0563 0.0563 0.0563 0.0563 0.0605  
26305 12 1.0229 0.9569 0.0049 0.0060 20848103.8634 250949.1082 4625441797.5115 1221629.3842 103963530.3096 3260857277.8490 6577461773.5590 3650065945.6620 1100517388.2768 619707607.6426 353204055.5948 149032160.1048 52346300.5510 22716069.0632 160.2122 0.0580 0.0032 0.0043 0.0061 0.0068 0.0071 0.0072 0.0073 0.0077 0.0084 0.0028 0.0186 0.1372 0.2786 0.3810 0.4352 0.4703 0.5138 0.5480 0.5643 0.5693 1.1640 0.1417 0.0937 0.0793 0.0732 0.0686 0.0660 0.0658 0.0656 0.0649 0.0637 0.0979  
26305 15 1.1463 1.0994 0.1734 0.3254 440866115.0371 0.0000 1650709029.5586 660861.7241 1938006014.0793 18115386761.7437 13568557011.8037 6852590575.8673 2048280547.2703 165791370.8154 28614728.1761 27015477.1098 27129316.8938 27292023.0131 1139.0688 0.0907 0.0008 0.0006 0.0117 0.1426 1.1673 2.5316 2.5729 2.5420 2.4968 0.1387 0.0038 0.0342 0.0808 0.1147 0.1548 0.1707 0.1721 0.1731 0.1761 0.1804 1.6453 0.2781 0.1958 0.1536 0.1343 0.1321 0.1239 0.1142 0.1138 0.1136 0.1133 0.1963  
26305 29 0.8189 0.8958 0.0194 0.0628 30598831.1946 869177.5141 164939842.7180 138952.6654 71604.0202 21994780.8729 324133150.2067 617678810.1889 525528318.3566 357135855.8596 222762155.9237 138873224.1504 97904985.8315 82061534.2709 73.8013 5.3106 1.0208 0.1907 0.0304 0.0100 0.0160 0.0447 0.1100 0.2045 0.2739 0.1723 0.0008 0.0082 0.0282 0.0621 0.1093 0.1664 0.2317 0.3016 0.3756 0.4292 2.5550 0.2775 0.1042 0.0861 0.0789 0.0690 0.0604 0.0542 0.0491 0.0449 0.0426 0.0705  
26305 30 1.4962 1.3756 0.0042 0.0262 36805031.5700 2831695.0879 198778856.5952 49686.4502 3030863.3298 86925050.7946 140947223.3393 62664873.1040 26855056.7927 23038135.8284 22944784.7885 22946414.1011 22946658.7972 22946658.7972 13.6903 0.0135 0.1025 0.3615 0.3338 0.0602 0.0118 0.0104 0.0103 0.0103 0.0103 0.4593 0.0092 0.1152 0.3963 0.8329 1.2515 1.4225 1.4449 1.4461 1.4461 1.4461 1.4461 0.1825 0.1285 0.0986 0.0779 0.0610 0.0566 0.0563 0.0563 0.0563 0.0563 0.0914  
26305 35 0.8634 0.9561 0.2330 0.3552 8991022.7736 3454.6089 86620705.2482 8394.6062 1512738.8981 13374449.1773 33639589.7018 54810127.8115 41654631.4700 21078598.1554 12908276.8952 11461377.9170 11186045.8372 10972441.4426 0.0364 0.4650 1.6608 1.0149 0.1703 0.1498 0.1009 0.0324 0.0109 0.0088 0.0086 0.0095 0.0143 0.1168 0.2527 0.3549 0.4242 0.4826 0.5057 0.5111 0.5149 0.5194 1.4702 0.1382 0.1125 0.0815 0.0746 0.0726 0.0701 0.0670 0.0660 0.0659 0.0658 0.0598  
26305 36 0.8790 0.9117 0.0559 0.1002 163250743.4146 863921.6341 245265014.0739 277104.2081 15799340481.6029 31972522107.4963 24010019776.5412 8726442545.7745 779636327.0818 167371673.1939 150735648.6194 150735648.6194 150716803.3399 150697958.0604 4943.9276 0.0984 0.1000 0.1326 0.1339 0.1349 0.1386 0.1391 0.1391 0.1391 0.1391 0.1338 0.0007 0.0052 0.0090 0.0171 0.0213 0.0216 0.0216 0.0216 0.0216 0.0216 1.4359 0.1945 0.1679 0.1340 0.1334 0.1269 0.1030 0.0999 0.0999 0.0999 0.0999 0.1338  
35065 4 1.1821 1.1497 0.0320 0.0326 37570924.1992 12227762.6993 1266114569.3779 204866.0692 1413005.3525 72891419.2811 126433930.5783 101253606.3543 98819562.9276 98777314.5928 98777314.5928 98777314.5928 98777314.5928 98777314.5928 78.8685 0.1750 0.0409 0.0348 0.0308 0.0303 0.0303 0.0303 0.0303 0.0303 0.0303 0.0306 0.0416 0.5143 1.3000 1.5275 1.5374 1.5376 1.5376 1.5376 1.5376 1.5376 1.5376 0.1112 0.0778 0.0624 0.0567 0.0563 0.0563 0.0563 0.0563 0.0563 0.0563 0.0583  
35065 12 0.9683 0.9486 0.0025 0.0026 11697478.7590 45657.7173 4999164368.5884 1249572.8703 3183580.0703 863371225.9429 5302025472.7362 4367176603.7500 1869685081.9771 1213047905.7027 693142543.0332 288921778.1154 97503079.3668 38841468.2871 11.0836 0.0630 0.0017 0.0020 0.0023 0.0025 0.0026 0.0026 0.0027 0.0028 0.0030 0.0046 0.0186 0.1372 0.2786 0.3810 0.4352 0.4703 0.5138 0.5480 0.5643 0.5693 1.1640 0.1210 0.0840 0.0756 0.0722 0.0677 0.0660 0.0659 0.0658 0.0655 0.0649 0.0920  
35065 15 1.3128 1.0889 0.0106 0.0536 82233830.4823 0.0000 1943372978.1181 757560.0247 2696633408.9646 18445008942.6055 15447671702.2534 8903466775.9898 2653616271.5498 182352807.2569 2289917.1413 290246.2222 730861.0129 1360563.0052 1065.4429 0.0872 0.0006 0.0003 0.0011 0.0094 0.1583 2.8387 5.1088 3.9958 3.2441 0.0061 0.0038 0.0342 0.0808 0.1147 0.1548 0.1707 0.1721 0.1731 0.1761 0.1804 1.6453 0.2807 0.1963 0.1517 0.1341 0.1333 0.1329 0.1242 0.1106 0.1079 0.1060 0.2026  
35065 29 0.9563 0.9282 0.0117 0.0222 23329933.1606 921658.5089 142538598.9458 113790.5788 43718.8982 12509871.6842 246930272.6878 534280260.1859 518952709.4282 359820755.5253 213662370.6358 122306840.0754 77724735.6253 60626897.4246 76.5570 6.1673 0.8955 0.0451 0.0135 0.0089 0.0147 0.0423 0.1060 0.1981 0.2672 0.0283 0.0008 0.0082 0.0282 0.0621 0.1093 0.1664 0.2317 0.3016 0.3756 0.4292 2.5550 0.3226 0.1067 0.0837 0.0774 0.0682 0.0605 0.0546 0.0496 0.0454 0.0430 0.0674  
35065 30 1.2180 1.2645 0.0029 0.0275 49666657.9038 2460010.8206 272242381.8037 74339.8032 4205905.1709 117526032.6312 193699058.4753 105888678.3206 48304273.9743 29801090.2828 27399138.3912 27269341.4439 27265136.1761 27265136.1761 19.8970 0.0118 0.0978 0.3118 0.2441 0.0599 0.0128 0.0099 0.0098 0.0098 0.0098 0.3495 0.0092 0.1152 0.3963 0.8329 1.2515 1.4225 1.4449 1.4461 1.4461 1.4461 1.4461 0.1856 0.1268 0.0965 0.0756 0.0625 0.0570 0.0563 0.0563 0.0563 0.0563 0.0897  
35065 35 1.0097 0.8759 0.1456 0.2877 8392504.7821 2485.0899 76063326.6446 7247.5867 477854.3854 5057499.7575 23916824.3877 46736635.9136 36935892.0594 19132688.7585 12039069.4688 10777982.9786 10527105.2357 10326205.5728 0.0339 0.4905 1.7236 0.6956 0.1721 0.1641 0.1077 0.0344 0.0119 0.0097 0.0095 0.0104 0.0143 0.1168 0.2527 0.3549 0.4242 0.4826 0.5057 0.5111 0.5149 0.5194 1.4702 0.1384 0.1099 0.0796 0.0742 0.0726 0.0700 0.0669 0.0660 0.0659 0.0658 0.0598  
35065 36 0.8952 0.9107 0.0576 0.1005 161990077.3760 913172.8937 230144247.4290 243576.3679 11072340877.5628 27043843519.0304 23715720266.2692 8606261315.8472 741112798.4231 135139491.5337 118674405.8463 118674405.8463 118659568.9290 118644732.0118 4887.4912 0.0987 0.1006 0.1334 0.1345 0.1353 0.1387 0.1393 0.1393 0.1393 0.1393 0.1345 0.0007 0.0052 0.0090 0.0171 0.0213 0.0216 0.0216 0.0216 0.0216 0.0216 1.4359 0.1944 0.1629 0.1340 0.1335 0.1282 0.1038 0.0999 0.0999 0.0999 0.0999 0.1338  
43825 4 1.1224 1.0754 0.0208 0.0209 22729411.2836 18593364.5209 1413989946.8807 242165.3826 1005982.7268 53707575.7594 119027285.1262 117668495.5991 116872406.8177 116857456.0531 116857456.0531 116857456.0531 116857456.0531 116857456.0531 91.6379 0.1589 0.0275 0.0204 0.0185 0.0184 0.0183 0.0183 0.0183 0.0183 0.0183 0.0186 0.0416 0.5143 1.3000 1.5275 1.5374 1.5376 1.5376 1.5376 1.5376 1.5376 1.5376 0.1110 0.0776 0.0610 0.0565 0.0563 0.0563 0.0563 0.0563 0.0563 0.0563 0.0574  
43825 12 0.9833 0.9507 0.0021 0.0021 11079499.6952 29936.7316 4984589654.5031 1209918.0024 1116052.1214 343728816.4395 3864909520.3529 4018076016.5918 2325981816.9343 1643405625.1326 941211226.6497 390962127.0463 130391938.2421 50538491.3107 2.8664 0.2018 0.0020 0.0019 0.0021 0.0022 0.0023 0.0023 0.0023 0.0023 0.0025 0.0192 0.0186 0.1372 0.2786 0.3810 0.4352 0.4703 0.5138 0.5480 0.5643 0.5693 1.1640 0.1741 0.0787 0.0739 0.0713 0.0671 0.0659 0.0659 0.0658 0.0656 0.0652 0.0761  
43825 15 1.2439 1.0820 0.0020 0.0054 10246267.8822 0.0000 2265557157.3170 994513.3797 2200786789.7442 20261814187.6126 17323564258.8808 10840698812.3620 3242766592.0993 222783173.4366 2718648.8271 159389.3336 360543.3534 648021.4302 1250.0961 0.1579 0.0010 0.0004 0.0005 0.0010 0.0119 0.8582 5.9566 3.6045 2.4554 0.0011 0.0038 0.0342 0.0808 0.1147 0.1548 0.1707 0.1721 0.1731 0.1761 0.1804 1.6453 0.2765 0.1961 0.1506 0.1340 0.1333 0.1333 0.1325 0.1050 0.1016 0.1005 0.2028  
43825 29 0.9492 0.9248 0.0150 0.0209 26388664.3120 1115490.1609 118829373.4205 108823.6180 44761.5564 8766602.3257 181962492.4261 456445061.2729 511554753.3773 360745654.2477 202123416.5813 103043525.5997 56134172.1250 39137496.4878 80.4004 6.2001 1.0266 0.0387 0.0144 0.0108 0.0197 0.0594 0.1539 0.2947 0.4036 0.0159 0.0008 0.0082 0.0282 0.0621 0.1093 0.1664 0.2317 0.3016 0.3756 0.4292 2.5550 0.3287 0.1108 0.0830 0.0759 0.0674 0.0607 0.0551 0.0503 0.0460 0.0435 0.0671  
43825 30 1.0839 1.0609 0.0039 0.0328 74316401.5753 1453342.9389 374655008.7547 90547.5489 3494039.6550 109087654.8625 166447680.4410 121476623.8885 73668349.8837 42140966.3132 36735347.0183 36414276.7537 36402701.5320 36402701.5320 17.6672 0.0196 0.1687 0.4542 0.2797 0.0674 0.0189 0.0132 0.0128 0.0128 0.0128 0.4584 0.0092 0.1152 0.3963 0.8329 1.2515 1.4225 1.4449 1.4461 1.4461 1.4461 1.4461 0.1807 0.1257 0.0950 0.0729 0.0623 0.0573 0.0563 0.0563 0.0563 0.0563 0.0878  
43825 35 0.5731 0.9043 0.0766 0.3060 7247303.7362 62893.5850 69557346.6298 7318.2098 393714.0105 4373094.7425 19354538.7542 39025290.2679 31402807.8241 16930316.8766 11156336.0269 10122205.6196 9899118.3227 9710929.1393 0.0316 0.4595 1.7665 0.7834 0.1725 0.1659 0.1053 0.0328 0.0118 0.0097 0.0095 0.0103 0.0143 0.1168 0.2527 0.3549 0.4242 0.4826 0.5057 0.5111 0.5149 0.5194 1.4702 0.1374 0.1108 0.0796 0.0740 0.0725 0.0698 0.0668 0.0660 0.0659 0.0658 0.0598  
43825 36 0.8743 0.8969 0.0582 0.1009 147014358.1766 975639.5803 208685330.7684 218039.0281 7676833354.6509 22540800079.9149 22074168860.9047 8003149625.1393 673412113.2185 108689746.7192 93345500.0023 93345500.0023 93333829.7567 93322159.5111 4551.5951 0.0986 0.1011 0.1344 0.1352 0.1359 0.1395 0.1402 0.1402 0.1402 0.1402 0.1352 0.0007 0.0052 0.0090 0.0171 0.0213 0.0216 0.0216 0.0216 0.0216 0.0216 1.4359 0.1943 0.1584 0.1339 0.1336 0.1290 0.1045 0.0999 0.0999 0.0999 0.0999 0.1338  
52609 4 1.0185 1.0359 0.0186 0.0173 21566422.0790 17725523.4782 1486151179.1791 271810.4987 770725.3453 41543411.5823 112853725.4839 126672257.0044 126989068.9610 126992894.5729 126992894.5729 126992894.5729 126992894.5729 126992894.5729 98.6589 0.1698 0.0238 0.0173 0.0165 0.0165 0.0165 0.0165 0.0165 0.0165 0.0165 0.0165 0.0416 0.5143 1.3000 1.5275 1.5374 1.5376 1.5376 1.5376 1.5376 1.5376 1.5376 0.1113 0.0771 0.0600 0.0564 0.0563 0.0563 0.0563 0.0563 0.0563 0.0563 0.0571  
52609 12 0.9559 0.9516 0.0021 0.0020 11242022.3590 28161.0622 4863570716.8601 1189746.1636 906525.5696 187801940.8157 2732351882.8686 3473974715.5001 2621732738.7824 1955336987.1179 1121515299.2084 465085645.2078 154233827.0953 58971315.7580 2.3488 0.2118 0.0029 0.0020 0.0021 0.0022 0.0023 0.0023 0.0023 0.0023 0.0024 0.0247 0.0186 0.1372 0.2786 0.3810 0.4352 0.4703 0.5138 0.5480 0.5643 0.5693 1.1640 0.1808 0.0764 0.0732 0.0704 0.0667 0.0659 0.0659 0.0658 0.0657 0.0654 0.0684  
52609 15 1.1155 1.0466 0.0019 0.0036 11317815.9933 0.0000 2467346683.8885 1237061.2002 2321246309.6965 20119925074.1425 19415136739.2960 12031712962.5174 3596897201.8446 247118113.0639 3013390.9205 128422.7487 216644.1762 342725.3345 1103.2723 0.1556 0.0009 0.0003 0.0004 0.0010 0.0125 0.9008 7.4642 5.4519 4.0536 0.0014 0.0038 0.0342 0.0808 0.1147 0.1548 0.1707 0.1721 0.1731 0.1761 0.1804 1.6453 0.2779 0.1938 0.1502 0.1340 0.1333 0.1333 0.1327 0.1085 0.1041 0.1021 0.2028  
52609 29 0.9285 0.9200 0.0174 0.0262 25653743.4359 993539.2678 95836430.1129 103299.0138 31444.9478 6170420.9593 134066979.5165 393213670.0792 494341135.4965 351453025.3205 185216281.8400 81878379.3333 36294372.7583 21628834.3078 81.1447 6.2661 1.0086 0.0490 0.0191 0.0131 0.0247 0.0777 0.2100 0.4084 0.5619 0.0158 0.0008 0.0082 0.0282 0.0621 0.1093 0.1664 0.2317 0.3016 0.3756 0.4292 2.5550 0.3362 0.1106 0.0823 0.0742 0.0668 0.0608 0.0556 0.0511 0.0469 0.0443 0.0671  
52609 30 1.1336 0.8661 0.0162 0.0391 90519318.9271 162895.1017 459700299.6330 98142.5985 2077598.2363 51763711.3568 66589639.2122 82790945.2646 80088310.2044 55694311.7002 50341827.2106 50002582.6662 49989672.0320 49989672.0320 8.2975 0.0381 0.4261 0.9584 0.3961 0.0753 0.0255 0.0178 0.0173 0.0173 0.0173 0.8513 0.0092 0.1152 0.3963 0.8329 1.2515 1.4225 1.4449 1.4461 1.4461 1.4461 1.4461 0.1798 0.1253 0.0935 0.0696 0.0611 0.0572 0.0563 0.0563 0.0563 0.0563 0.0842  
52609 35 1.4248 0.9226 0.2176 0.3452 6114988.8164 3879.7258 61736927.0490 4194.2358 412388.8147 4583942.4713 18053467.0113 33088495.3143 26563166.0947 14944552.2190 10312505.8992 9475314.1349 9277522.3912 9101957.1797 0.0295 0.5041 1.9024 0.9473 0.1805 0.1605 0.0991 0.0305 0.0117 0.0098 0.0096 0.0106 0.0143 0.1168 0.2527 0.3549 0.4242 0.4826 0.5057 0.5111 0.5149 0.5194 1.4702 0.1377 0.1113 0.0803 0.0742 0.0724 0.0696 0.0668 0.0660 0.0659 0.0658 0.0598  
52609 36 0.8787 0.9019 0.0588 0.1012 135831459.5017 860817.8149 191595364.2960 190633.3361 5305661820.4248 19006427082.4374 20348630113.1135 7371841753.0002 608637481.2666 87563879.5712 73405624.8363 73405624.8363 73396447.5147 73387270.1932 4197.4413 0.0986 0.1013 0.1345 0.1352 0.1359 0.1396 0.1404 0.1404 0.1404 0.1404 0.1352 0.0007 0.0052 0.0090 0.0171 0.0213 0.0216 0.0216 0.0216 0.0216 0.0216 1.4359 0.1942 0.1550 0.1339 0.1336 0.1296 0.1051 0.0999 0.0999 0.0999 0.0999 0.1338  
61369 4 0.9969 0.9947 0.0167 0.0156 19644406.4219 15681743.1421 1489106963.3178 276842.1935 468745.6955 24529578.7677 97470000.2775 129021703.0890 130723704.6978 130750993.5590 130750993.5590 130750993.5590 130750993.5590 130750993.5590 100.6824 0.1876 0.0238 0.0160 0.0148 0.0147 0.0147 0.0147 0.0147 0.0147 0.0147 0.0148 0.0416 0.5143 1.3000 1.5275 1.5374 1.5376 1.5376 1.5376 1.5376 1.5376 1.5376 0.1113 0.0757 0.0587 0.0564 0.0563 0.0563 0.0563 0.0563 0.0563 0.0563 0.0567  
61369 12 0.9547 0.9523 0.0021 0.0020 10954862.1703 29348.9036 4721526180.4892 1137239.8247 886464.7223 108098535.3913 1788655629.8378 2951257822.5126 2840410407.9470 2198282250.6511 1262098860.6849 522850113.8460 172779453.2480 65498128.2734 2.2204 0.2091 0.0038 0.0020 0.0021 0.0022 0.0022 0.0023 0.0023 0.0023 0.0024 0.0237 0.0186 0.1372 0.2786 0.3810 0.4352 0.4703 0.5138 0.5480 0.5643 0.5693 1.1640 0.1826 0.0759 0.0727 0.0694 0.0664 0.0659 0.0659 0.0659 0.0657 0.0655 0.0684  
61369 15 1.0067 1.0004 0.0014 0.0033 10725340.4555 0.0000 2558899147.7087 1379911.7226 1683252817.5133 19723263647.0982 19339021111.0196 12887046471.3580 3864222885.3554 265472764.4564 3221571.6148 102476.6854 139757.9236 193038.2187 1157.4020 0.2207 0.0009 0.0002 0.0003 0.0009 0.0116 0.8508 8.2777 6.8784 5.6019 0.0013 0.0038 0.0342 0.0808 0.1147 0.1548 0.1707 0.1721 0.1731 0.1761 0.1804 1.6453 0.2748 0.1908 0.1499 0.1339 0.1333 0.1333 0.1327 0.1108 0.1069 0.1043 0.2028  
61369 29 0.8719 0.9160 0.0242 0.0301 23897889.1402 806347.7471 76072972.5464 95912.7049 17603.7814 4134268.3628 96664409.8544 339966544.5294 472446606.7641 336398911.6287 164966229.0727 60034988.0947 19490349.6922 9289753.7756 80.2147 6.3046 0.9749 0.0515 0.0211 0.0164 0.0322 0.1006 0.2889 0.5944 0.8150 0.0154 0.0008 0.0082 0.0282 0.0621 0.1093 0.1664 0.2317 0.3016 0.3756 0.4292 2.5550 0.3356 0.1093 0.0814 0.0727 0.0663 0.0610 0.0563 0.0523 0.0482 0.0454 0.0671  
61369 30 1.0766 0.9467 0.0190 0.0347 81400473.9939 49852.4399 481623506.3402 111251.8164 2582546.9381 52447582.8837 33363309.8267 45541906.4992 69199096.3447 61597922.3273 58656301.3119 58448218.2418 58439462.3756 58439462.3756 3.2846 0.0590 0.6783 1.6272 0.4044 0.0593 0.0248 0.0192 0.0189 0.0189 0.0189 1.6404 0.0092 0.1152 0.3963 0.8329 1.2515 1.4225 1.4449 1.4461 1.4461 1.4461 1.4461 0.1780 0.1323 0.1022 0.0665 0.0596 0.0569 0.0563 0.0563 0.0563 0.0563 0.0843  
61369 35 0.6242 0.9344 0.0766 0.3092 4194052.1490 194459.2463 61478628.1214 5975.9395 345050.2127 3927576.9057 16518816.4207 29501430.3769 23725079.4406 13617086.6873 9587589.5410 8855871.7706 8675305.7787 8511469.2534 0.0275 0.5208 1.9039 0.9105 0.1192 0.1258 0.0756 0.0238 0.0103 0.0090 0.0089 0.0093 0.0143 0.1168 0.2527 0.3549 0.4242 0.4826 0.5057 0.5111 0.5149 0.5194 1.4702 0.1394 0.1106 0.0805 0.0742 0.0723 0.0694 0.0667 0.0660 0.0658 0.0658 0.0598  
61369 36 0.9005 0.9167 0.0584 0.1014 128046266.7748 885094.3204 175445698.9529 167503.8506 3383976582.7035 16348323651.5287 19256653529.5971 6970986368.7356 564779422.7818 71210813.0993 57799903.1667 57799903.1667 57792676.9045 57785450.6422 3973.7120 0.0986 0.1014 0.1340 0.1348 0.1353 0.1384 0.1392 0.1392 0.1392 0.1392 0.1348 0.0007 0.0052 0.0090 0.0171 0.0213 0.0216 0.0216 0.0216 0.0216 0.0216 1.4359 0.1940 0.1511 0.1339 0.1336 0.1303 0.1060 0.0999 0.0999 0.0999 0.0999 0.1338  
70129 4 0.9853 0.9890 0.0166 0.0156 19898462.1586 15363808.1579 1469666928.1679 275992.9827 453863.9348 21108425.8532 92836942.2626 127603834.2845 129595388.6445 129627629.9307 129627629.9307 129627629.9307 129627629.9307 129627629.9307 99.7283 0.1942 0.0256 0.0161 0.0150 0.0150 0.0150 0.0150 0.0150 0.0150 0.0150 0.0151 0.0416 0.5143 1.3000 1.5275 1.5374 1.5376 1.5376 1.5376 1.5376 1.5376 1.5376 0.1126 0.0761 0.0583 0.0563 0.0563 0.0563 0.0563 0.0563 0.0563 0.0563 0.0566  
70129 12 0.9489 0.9531 0.0022 0.0021 10928582.6284 31086.0484 4516760115.7583 1085701.0740 1639249.0401 68228945.3369 1162404170.1484 2551492236.7173 2914969155.8669 2302992781.9027 1322924491.2411 547753201.9782 180671495.4665 68177057.2252 2.3157 0.1832 0.0064 0.0020 0.0022 0.0023 0.0023 0.0023 0.0023 0.0023 0.0024 0.0287 0.0186 0.1372 0.2786 0.3810 0.4352 0.4703 0.5138 0.5480 0.5643 0.5693 1.1640 0.1830 0.0778 0.0722 0.0683 0.0662 0.0659 0.0659 0.0659 0.0658 0.0655 0.0731  
70129 15 1.0799 1.0268 0.0020 0.0037 11109980.1210 0.0000 2704072646.8689 1389175.3354 1792780356.5232 20711854246.6174 18987819625.7080 13994081388.7585 4212581136.3436 289427217.5198 3534180.4815 124789.1178 138786.1362 158789.9455 1367.1184 0.2862 0.0010 0.0002 0.0003 0.0010 0.0132 0.9568 8.7375 8.0496 7.2400 0.0013 0.0038 0.0342 0.0808 0.1147 0.1548 0.1707 0.1721 0.1731 0.1761 0.1804 1.6453 0.2765 0.1937 0.1486 0.1338 0.1333 0.1333 0.1326 0.1128 0.1106 0.1084 0.2028  
70129 29 0.7402 0.9164 0.0327 0.0444 18509028.5004 510072.7785 62386782.8796 83630.8368 20519.9871 2387359.3092 63517334.7048 291036250.5275 448807158.1029 319065414.3926 146633664.7135 43787606.3504 9053518.8504 2871830.0318 78.8057 6.2834 1.2315 0.0889 0.0311 0.0221 0.0380 0.1009 0.3000 0.7580 1.1666 0.0195 0.0008 0.0082 0.0282 0.0621 0.1093 0.1664 0.2317 0.3016 0.3756 0.4292 2.5550 0.3429 0.1150 0.0800 0.0709 0.0659 0.0612 0.0570 0.0540 0.0504 0.0473 0.0671  
70129 30 1.0029 0.9478 0.0174 0.0307 66828097.8977 56443.0024 472645722.9131 119770.0474 2587174.2512 47521622.3992 23405095.9465 25588816.3865 53627761.6161 61561515.6657 61922038.3312 61921582.5367 61920644.5332 61920644.5332 1.7794 0.0598 0.7159 1.9012 0.4972 0.0494 0.0227 0.0191 0.0189 0.0189 0.0189 2.4200 0.0092 0.1152 0.3963 0.8329 1.2515 1.4225 1.4449 1.4461 1.4461 1.4461 1.4461 0.1777 0.1336 0.1075 0.0654 0.0584 0.0566 0.0563 0.0563 0.0563 0.0563 0.0896  
70129 35 1.3197 0.9516 0.1821 0.4253 5975526.1413 29477.1158 50766370.3786 3730.1102 690963.5761 6624505.7890 16995116.5143 25414053.3069 20038652.0770 12010867.8227 8819756.0599 8233545.0719 8073772.0618 7922103.6008 0.0256 0.5100 1.8056 1.1833 0.2271 0.1955 0.1147 0.0345 0.0142 0.0123 0.0120 0.0131 0.0143 0.1168 0.2527 0.3549 0.4242 0.4826 0.5057 0.5111 0.5149 0.5194 1.4702 0.1389 0.1124 0.0819 0.0746 0.0722 0.0693 0.0666 0.0659 0.0658 0.0658 0.0598  
70129 36 0.8678 0.9020 0.0591 0.1017 116770510.1389 674636.7183 152777560.3898 150828.8900 2396810942.1322 13936697196.4167 17141321717.0713 6202229382.3702 496975409.2388 57411983.2443 45468464.3449 45468464.3449 45462779.7844 45457095.2239 3537.8078 0.0985 0.1019 0.1349 0.1356 0.1360 0.1392 0.1401 0.1401 0.1401 0.1401 0.1355 0.0007 0.0052 0.0090 0.0171 0.0213 0.0216 0.0216 0.0216 0.0216 0.0216 1.4359 0.1939 0.1479 0.1339 0.1337 0.1307 0.1067 0.0999 0.0999 0.0999 0.0999 0.1338  
78889 4 0.9967 0.9921 0.0171 0.0153 19589737.4948 15088202.0135 1449264343.2272 271943.8780 581111.8798 22600745.6324 92460937.5773 125832907.6326 127762791.7761 127794094.3325 127794094.3325 127794094.3325 127794094.3325 127794094.3325 98.3794 0.1808 0.0238 0.0156 0.0150 0.0150 0.0150 0.0150 0.0150 0.0150 0.0150 0.0151 0.0416 0.5143 1.3000 1.5275 1.5374 1.5376 1.5376 1.5376 1.5376 1.5376 1.5376 0.1124 0.0770 0.0584 0.0563 0.0563 0.0563 0.0563 0.0563 0.0563 0.0563 0.0567  
78889 12 0.9480 0.9541 0.0023 0.0022 10868136.5800 41590.8703 4283619841.5032 1030241.7035 3433154.8010 53200703.3567 804231487.4826 2267773656.6089 2869781110.9615 2291368848.1917 1316605472.2110 544992762.1576 179596240.1086 67618250.2678 2.7701 0.1597 0.0123 0.0021 0.0023 0.0024 0.0024 0.0024 0.0024 0.0024 0.0025 0.0380 0.0186 0.1372 0.2786 0.3810 0.4352 0.4703 0.5138 0.5480 0.5643 0.5693 1.1640 0.1833 0.0834 0.0716 0.0676 0.0661 0.0659 0.0659 0.0659 0.0658 0.0655 0.0824  
78889 15 1.1288 1.0201 0.0011 0.0031 10530826.9945 0.0000 2999129686.5037 1500128.4326 1936129912.2467 19416563893.5311 18755517126.4037 16326791807.2010 4941522063.0265 339452642.7108 4084156.5166 81025.7703 86553.3009 94452.9745 1375.6852 0.2776 0.0010 0.0002 0.0002 0.0008 0.0109 0.8102 8.9383 8.5743 8.0864 0.0011 0.0038 0.0342 0.0808 0.1147 0.1548 0.1707 0.1721 0.1731 0.1761 0.1804 1.6453 0.2772 0.1960 0.1467 0.1337 0.1333 0.1333 0.1327 0.1133 0.1120 0.1105 0.2028  
78889 29 0.5882 0.9216 0.0383 0.0597 11718796.1082 318435.0560 54505051.4038 61904.6928 13935.4460 1291544.1425 42467468.8319 249936596.7977 414638790.4872 297473454.0634 133464981.6867 35821545.8223 5039284.0466 860561.7818 73.9398 6.3684 1.4426 0.1322 0.0424 0.0276 0.0389 0.0760 0.1967 0.6144 1.2728 0.0218 0.0008 0.0082 0.0282 0.0621 0.1093 0.1664 0.2317 0.3016 0.3756 0.4292 2.5550 0.3428 0.1181 0.0778 0.0694 0.0656 0.0613 0.0574 0.0555 0.0539 0.0517 0.0671  
78889 30 0.9830 1.0029 0.0172 0.0280 64165663.0886 58325.9527 452947029.5882 120119.0052 3491719.4885 63421628.6171 28855489.1355 18498144.1762 44052949.5750 59282489.5868 61475091.4791 61595177.3961 61599019.6989 61599019.6989 1.9801 0.0484 0.5726 1.7530 0.7118 0.0439 0.0207 0.0189 0.0188 0.0188 0.0188 2.5172 0.0092 0.1152 0.3963 0.8329 1.2515 1.4225 1.4449 1.4461 1.4461 1.4461 1.4461 0.1782 0.1343 0.1098 0.0675 0.0576 0.0565 0.0563 0.0563 0.0563 0.0563 0.0928  
78889 35 0.4845 0.9121 0.0728 0.3082 3730000.4062 246194.0448 45720954.4699 4922.7050 411352.2433 3893030.1268 14625955.2972 22299139.4029 17777648.8617 10910466.5289 8178454.5290 7673097.7928 7527700.0746 7386603.2424 0.0238 0.5618 1.7574 0.8528 0.1347 0.1440 0.0819 0.0258 0.0123 0.0110 0.0109 0.0114 0.0143 0.1168 0.2527 0.3549 0.4242 0.4826 0.5057 0.5111 0.5149 0.5194 1.4702 0.1391 0.1108 0.0811 0.0745 0.0721 0.0691 0.0666 0.0659 0.0658 0.0658 0.0598  
78889 36 0.8517 0.8977 0.0592 0.1016 96799941.6109 576152.6005 133069977.2572 130896.4019 2116652153.5457 11974263737.2227 14642029462.5239 5295856081.4980 421521829.2641 45976923.8002 35772872.1444 35772872.1444 35768399.7467 35763927.3490 3021.9898 0.0982 0.1016 0.1347 0.1353 0.1357 0.1390 0.1400 0.1400 0.1400 0.1400 0.1353 0.0007 0.0052 0.0090 0.0171 0.0213 0.0216 0.0216 0.0216 0.0216 0.0216 1.4359 0.1939 0.1478 0.1339 0.1337 0.1309 0.1072 0.0999 0.0999 0.0999 0.0999 0.1338  
87673 4 0.9844 0.9876 0.0172 0.0156 19605844.8575 15350568.0851 1423618452.5253 271060.0064 490998.7060 20531012.1466 90274896.5829 123922370.8132 125837896.0965 125868883.0220 125868883.0220 125868883.0220 125868883.0220 125868883.0220 96.7891 0.1728 0.0232 0.0160 0.0153 0.0153 0.0153 0.0153 0.0153 0.0153 0.0153 0.0154 0.0416 0.5143 1.3000 1.5275 1.5374 1.5376 1.5376 1.5376 1.5376 1.5376 1.5376 0.1121 0.0763 0.0583 0.0563 0.0563 0.0563 0.0563 0.0563 0.0563 0.0563 0.0566  
87673 12 0.9461 0.9570 0.0025 0.0023 10870672.7375 67787.9443 4042147505.8872 976675.1891 10006406.5172 72706676.5850 611553287.5130 2057905888.3636 2759499317.7289 2215462642.6338 1273171085.0672 526944468.1038 173569518.8724 65275619.6274 5.0437 0.1415 0.0187 0.0021 0.0025 0.0025 0.0025 0.0025 0.0025 0.0026 0.0026 0.0385 0.0186 0.1372 0.2786 0.3810 0.4352 0.4703 0.5138 0.5480 0.5643 0.5693 1.1640 0.1843 0.0961 0.0711 0.0671 0.0660 0.0659 0.0659 0.0659 0.0658 0.0656 0.0982  
87673 15 1.0949 0.9857 0.0010 0.0019 8590786.9729 0.0000 3186669807.3103 1693300.0279 1177777453.9316 16273486975.6201 18880649845.3846 18217584288.7859 5529399527.3631 379835610.4867 4569009.8211 87803.9527 88635.3197 89823.5041 1165.1815 0.3730 0.0011 0.0001 0.0001 0.0005 0.0065 0.5078 8.9502 8.6983 8.3485 0.0009 0.0038 0.0342 0.0808 0.1147 0.1548 0.1707 0.1721 0.1731 0.1761 0.1804 1.6453 0.2702 0.1949 0.1444 0.1336 0.1333 0.1333 0.1330 0.1135 0.1125 0.1112 0.2028  
87673 29 0.2851 0.9270 0.0559 0.0871 6340115.3263 225456.8410 49962186.7186 36413.9466 16262.2043 567304.3605 27411297.1040 215786659.6662 380276768.2706 274993401.4885 123034542.2498 32691470.1203 4414384.5598 682944.7299 68.6782 6.1462 2.1811 0.2367 0.0545 0.0279 0.0338 0.0476 0.0733 0.1682 0.3894 0.0208 0.0008 0.0082 0.0282 0.0621 0.1093 0.1664 0.2317 0.3016 0.3756 0.4292 2.5550 0.3420 0.1283 0.0753 0.0682 0.0654 0.0613 0.0576 0.0559 0.0556 0.0552 0.0671  
87673 30 0.9445 0.9487 0.0170 0.0275 62135188.8300 54095.6702 431178663.6591 118079.4137 2720878.0600 51694230.8959 26640590.5580 15750309.0453 39669117.2858 56520407.7162 59194856.1726 59347840.0600 59353038.3499 59353038.3499 1.9744 0.0546 0.6454 1.8110 0.8284 0.0434 0.0200 0.0189 0.0188 0.0188 0.0188 2.5159 0.0092 0.1152 0.3963 0.8329 1.2515 1.4225 1.4449 1.4461 1.4461 1.4461 1.4461 0.1789 0.1329 0.1093 0.0687 0.0573 0.0564 0.0563 0.0563 0.0563 0.0563 0.0927  
87673 35 1.7657 0.8993 0.2071 0.3789 4921922.9585 3589.3189 40816069.9515 2385.2543 381852.7620 3349040.7195 11824271.8454 18107376.4899 14774721.8590 9582474.1059 7513170.6621 7123111.7425 6994956.7137 6864537.0177 0.0221 0.5296 1.8024 0.9418 0.2475 0.2189 0.1194 0.0351 0.0154 0.0135 0.0133 0.0144 0.0143 0.1168 0.2527 0.3549 0.4242 0.4826 0.5057 0.5111 0.5149 0.5194 1.4702 0.1398 0.1113 0.0811 0.0745 0.0720 0.0690 0.0665 0.0659 0.0658 0.0658 0.0598  
87673 36 0.9284 0.9629 0.0564 0.0973 85394121.9212 546687.9851 122981728.6564 111482.5788 2338609118.1231 11473692876.5047 13567633931.5511 4903671219.5372 385872658.1343 37797178.1409 28339506.2814 28339506.2814 28335963.2183 28332420.1552 2800.0553 0.0933 0.0958 0.1260 0.1270 0.1275 0.1316 0.1331 0.1331 0.1331 0.1331 0.1270 0.0007 0.0052 0.0090 0.0171 0.0213 0.0216 0.0216 0.0216 0.0216 0.0216 1.4359 0.1940 0.1507 0.1339 0.1337 0.1312 0.1080 0.0998 0.0998 0.0998 0.0998 0.1338  
96433 4 0.9770 0.9831 0.0168 0.0152 18143829.8207 15554759.6268 1390565662.3586 266829.9724 372572.1701 18320338.3157 87558111.6387 121242243.4638 123152457.9327 123183328.2328 123183328.2328 123183328.2328 123183328.2328 123183328.2328 94.6590 0.1904 0.0217 0.0153 0.0151 0.0150 0.0150 0.0150 0.0150 0.0150 0.0150 0.0151 0.0416 0.5143 1.3000 1.5275 1.5374 1.5376 1.5376 1.5376 1.5376 1.5376 1.5376 0.1128 0.0754 0.0581 0.0563 0.0563 0.0563 0.0563 0.0563 0.0563 0.0563 0.0566  
96433 12 0.9310 0.9548 0.0026 0.0024 10826846.6947 55034.2916 3807360050.9909 923991.5573 4846599.4220 57161884.5803 492300808.0237 1887773805.3959 2630076387.6434 2118908159.3358 1217792019.8673 503981697.2036 165957461.7834 62367885.9129 3.4655 0.1670 0.0151 0.0022 0.0026 0.0027 0.0027 0.0027 0.0027 0.0027 0.0028 0.0345 0.0186 0.1372 0.2786 0.3810 0.4352 0.4703 0.5138 0.5480 0.5643 0.5693 1.1640 0.1772 0.0926 0.0709 0.0668 0.0660 0.0659 0.0659 0.0659 0.0658 0.0656 0.0920  
96433 15 1.0417 1.0136 0.0008 0.0019 9048192.8620 0.0000 3274324365.1142 1854040.6624 1378175263.2426 15908804817.6808 19086673873.2035 19069494917.2910 5793221386.9823 397938185.1141 4765076.2984 69529.2175 68901.3088 68003.9698 1144.3236 0.4334 0.0015 0.0001 0.0001 0.0004 0.0068 0.5296 9.0205 8.9206 8.7722 0.0010 0.0038 0.0342 0.0808 0.1147 0.1548 0.1707 0.1721 0.1731 0.1761 0.1804 1.6453 0.2770 0.1967 0.1434 0.1336 0.1333 0.1333 0.1330 0.1137 0.1133 0.1127 0.2028  
96433 29 0.6491 0.9327 0.0548 0.1408 3882915.6349 206754.4369 46542431.8498 10380.5172 41034.9769 337955.2147 17908080.6788 187071197.6641 346492202.1112 255761061.7125 115983555.4928 30982383.4791 4183664.6940 646083.8845 62.6928 5.7999 3.4577 0.4656 0.0602 0.0230 0.0236 0.0309 0.0445 0.0940 0.2121 0.0281 0.0008 0.0082 0.0282 0.0621 0.1093 0.1664 0.2317 0.3016 0.3756 0.4292 2.5550 0.3198 0.1526 0.0739 0.0671 0.0651 0.0612 0.0575 0.0559 0.0556 0.0554 0.0672  
96433 30 0.9686 0.9772 0.0187 0.0283 62628600.4795 59770.7247 410388160.6955 111523.8940 3211506.4056 49760145.9360 29824655.7529 16575158.0243 37641658.2660 53685594.7481 56279619.4875 56428894.3989 56433988.0454 56433988.0454 2.4938 0.0452 0.6086 1.7395 0.9195 0.0461 0.0199 0.0189 0.0189 0.0189 0.0189 2.2865 0.0092 0.1152 0.3963 0.8329 1.2515 1.4225 1.4449 1.4461 1.4461 1.4461 1.4461 0.1857 0.1333 0.1072 0.0704 0.0573 0.0564 0.0563 0.0563 0.0563 0.0563 0.0936  
96433 35 0.5787 0.9467 0.0814 0.3082 2385213.4470 279060.8816 40277415.9186 4211.7293 384084.1084 3090278.5577 10992739.6923 16604311.6256 13548204.7196 8855825.5626 6986024.4551 6632500.0039 6514043.0222 6392725.3043 0.0206 0.6164 1.8905 0.9370 0.0925 0.1244 0.0670 0.0213 0.0111 0.0102 0.0101 0.0105 0.0143 0.1168 0.2527 0.3549 0.4242 0.4826 0.5057 0.5111 0.5149 0.5194 1.4702 0.1424 0.1118 0.0814 0.0746 0.0719 0.0687 0.0664 0.0659 0.0658 0.0658 0.0598  
96433 36 0.8983 0.9336 0.0559 0.0963 78203184.6726 582220.3651 111447314.1644 103500.6978 2184056679.2082 10429868208.2418 12246409443.9026 4424056004.1511 345256740.5345 31004125.5290 22465465.1851 22465465.1851 22462656.5066 22459847.8281 2527.3947 0.0931 0.0960 0.1267 0.1276 0.1279 0.1311 0.1324 0.1324 0.1324 0.1324 0.1276 0.0007 0.0052 0.0090 0.0171 0.0213 0.0216 0.0216 0.0216 0.0216 0.0216 1.4359 0.1940 0.1504 0.1339 0.1337 0.1316 0.1089 0.0998 0.0998 0.0998 0.0998 0.1338  
