8761 4 0.7840 0.7949 0.1560 0.2011 24136442.0470 24263885.1049 260000308.0372 27674.5574 664533.7881 29954316.8762 33351458.2078 12474630.9883 10933759.3039 10907883.0421 10907883.0421 10907883.0421 10907883.0421 10907883.0421 9.8109 0.4835 0.2614 0.2317 0.2207 0.2181 0.2180 0.2180 0.2180 0.2180 0.2180 0.2282 0.0416 0.5143 1.3000 1.5275 1.5374 1.5376 1.5376 1.5376 1.5376 1.5376 1.5376 0.1122 0.0803 0.0661 0.0577 0.0563 0.0563 0.0563 0.0563 0.0563 0.0563 0.0644  
8761 12 1.6006 0.6942 0.0185 0.0307 16532854.1514 3383900.1575 1224366964.5431 42263.2852 896537352.1791 4126842120.3576 1440887378.6048 337619439.5419 92985362.4385 54151190.8906 33579169.5965 17852479.8099 10404511.3185 8121673.2403 310.7247 0.5545 0.0186 0.0271 0.0419 0.0467 0.0479 0.0488 0.0507 0.0534 0.0552 0.0140 0.0186 0.1372 0.2786 0.3810 0.4352 0.4703 0.5138 0.5480 0.5643 0.5693 1.1640 0.1866 0.1146 0.0851 0.0729 0.0674 0.0657 0.0651 0.0638 0.0620 0.0608 0.1170  
8761 15 0.7634 0.6292 0.2004 0.1778 580677548.2574 0.0000 1664281458.4103 458497.2926 1098285724.7954 12169943695.3050 8611554375.0736 3162013201.7507 1538473876.3278 935497859.1662 890127707.0876 881515151.1985 857912323.8750 824180906.3822 1231.5503 1.0890 0.0084 0.0024 0.0372 0.2493 0.4520 0.4738 0.4743 0.4750 0.4761 0.2157 0.0038 0.0342 0.0808 0.1147 0.1548 0.1707 0.1721 0.1731 0.1761 0.1804 1.6453 0.2764 0.2005 0.1549 0.1330 0.1231 0.1148 0.1139 0.1139 0.1138 0.1137 0.1623  
8761 29 0.7117 0.6459 0.0569 0.1130 72995402.2552 191182339.4292 218746923.1328 91081.8368 2179310.2673 296619832.3523 795945752.7943 756148640.0375 513392568.4156 343134385.1552 236289072.9188 174265282.0745 147072346.5695 137899096.0091 142.0275 5.0531 1.3567 0.2696 0.0680 0.0433 0.0900 0.2715 0.4940 0.6177 0.6616 0.1498 0.0008 0.0082 0.0282 0.0621 0.1093 0.1664 0.2317 0.3016 0.3756 0.4292 2.5550 0.1656 0.1183 0.1029 0.0842 0.0696 0.0597 0.0529 0.0479 0.0442 0.0422 0.0964  
8761 30 0.1231 0.8874 0.0170 0.0374 21454862.7930 28293.9631 166401292.8305 3849.5093 17.5011 4258.0778 1320339.1849 11066845.8037 19906385.2793 21159718.0048 21134848.2992 21129145.2078 21128839.1184 21128839.1184 0.7372 1.2688 3.5109 0.8694 0.2101 0.0648 0.0303 0.0245 0.0242 0.0242 0.0242 0.2848 0.0092 0.1152 0.3963 0.8329 1.2515 1.4225 1.4449 1.4461 1.4461 1.4461 1.4461 0.1301 0.0873 0.0688 0.0640 0.0596 0.0568 0.0563 0.0563 0.0563 0.0563 0.0663  
8761 35 0.9428 0.4551 0.2843 0.5667 12240470.8834 2054102.5199 107075373.7360 11837.3121 3081518.3366 40360229.4672 61806250.5252 65418214.9745 44620548.3535 22907608.2316 14383903.4929 12870403.5443 12572307.4365 12335243.0767 0.0417 0.5152 1.8655 1.7856 0.2512 0.1913 0.1332 0.0645 0.0445 0.0426 0.0424 0.0452 0.0143 0.1168 0.2527 0.3549 0.4242 0.4826 0.5057 0.5111 0.5149 0.5194 1.4702 0.1343 0.1122 0.0839 0.0758 0.0726 0.0699 0.0669 0.0660 0.0658 0.0658 0.0598  
8761 36 0.4391 0.5419 0.0447 0.1030 168074039.3853 1739628.5297 262269713.3619 77456.0076 32321616402.9701 48303002978.6794 23704555649.4728 8652466953.6355 858759870.6736 258290800.2914 241975292.9641 241975292.9641 241945040.7174 241914788.4708 4866.0664 1.3346 0.1374 0.1421 0.1424 0.1462 0.1550 0.1558 0.1558 0.1558 0.1558 0.1422 0.0007 0.0052 0.0090 0.0171 0.0213 0.0216 0.0216 0.0216 0.0216 0.0216 1.4359 0.1897 0.1724 0.1293 0.1282 0.1192 0.0980 0.0960 0.0960 0.0960 0.0960 0.1289  
17545 4 6.2383 2.1999 0.0478 0.0553 16217526.8551 5112249.4844 644547778.6274 16971.9335 1782458.1051 89655201.4581 98526011.2429 38929962.3744 34859731.1309 34792249.6936 34792249.6936 34792249.6936 34792249.6936 34792249.6936 30.8709 0.1568 0.0450 0.0395 0.0346 0.0333 0.0333 0.0333 0.0333 0.0333 0.0333 0.0339 0.0416 0.5143 1.3000 1.5275 1.5374 1.5376 1.5376 1.5376 1.5376 1.5376 1.5376 0.1119 0.0802 0.0660 0.0575 0.0563 0.0563 0.0563 0.0563 0.0563 0.0563 0.0634  
17545 12 1.9014 1.9238 0.0091 0.0134 17914350.6021 211159.8517 3174347418.0983 684245.1599 1727138389.7956 9559557620.3454 4576958209.2887 1488641151.5860 284513490.4898 115597118.8605 66886580.8131 31270827.0660 14404463.7486 9235333.3937 741.5385 0.0921 0.0038 0.0081 0.0143 0.0165 0.0176 0.0178 0.0182 0.0190 0.0197 0.0024 0.0186 0.1372 0.2786 0.3810 0.4352 0.4703 0.5138 0.5480 0.5643 0.5693 1.1640 0.1850 0.1094 0.0830 0.0739 0.0694 0.0660 0.0654 0.0645 0.0628 0.0614 0.1126  
17545 15 1.0967 1.3105 0.2296 0.2026 426068831.3405 0.0000 1787145560.1464 660966.6552 3275766449.9706 20126990541.9447 13673493291.7252 4797518661.7104 1666039062.2217 486132352.8077 399518551.8327 394927153.3745 384524597.0295 369658034.8569 1362.1645 0.1665 0.0011 0.0003 0.0191 0.1928 0.6021 0.6891 0.6902 0.6898 0.6892 0.1518 0.0038 0.0342 0.0808 0.1147 0.1548 0.1707 0.1721 0.1731 0.1761 0.1804 1.6453 0.2895 0.2018 0.1559 0.1343 0.1277 0.1163 0.1139 0.1139 0.1138 0.1137 0.1800  
17545 29 1.1886 0.8629 0.0552 0.1013 20059096.2452 907787.2557 196429085.1451 120428.0870 444185.3338 75441878.7670 458134364.4603 704785053.0809 535904057.6871 351709652.2191 229271208.8736 159033394.0170 126875924.9462 114970949.0421 85.9975 3.4834 0.8801 0.3275 0.0563 0.0095 0.0100 0.0263 0.0614 0.1085 0.1421 0.3300 0.0008 0.0082 0.0282 0.0621 0.1093 0.1664 0.2317 0.3016 0.3756 0.4292 2.5550 0.2182 0.1108 0.0937 0.0810 0.0697 0.0604 0.0538 0.0486 0.0445 0.0423 0.0829  
17545 30 1.7078 2.0393 0.0032 0.0075 3837446.1526 1821364.4567 180780759.7196 36861.1269 2872480.4101 76240479.1909 121998523.2140 48920183.4745 19883222.9940 21639260.4328 22533410.3416 22593833.9665 22596102.3372 22596102.3372 11.4472 0.0051 0.0207 0.0761 0.0660 0.0087 0.0042 0.0036 0.0036 0.0036 0.0036 0.1194 0.0092 0.1152 0.3963 0.8329 1.2515 1.4225 1.4449 1.4461 1.4461 1.4461 1.4461 0.1826 0.1296 0.1018 0.0787 0.0595 0.0565 0.0563 0.0563 0.0563 0.0563 0.0927  
17545 35 0.9019 0.8361 0.2011 0.2766 9740065.7971 1779.2763 95612811.4555 9727.1290 503300.2973 9424595.0674 36488614.3958 60378174.5535 45774395.5770 22862616.2025 13765359.6603 12157895.9641 11860214.3826 11633986.6178 0.0389 0.3822 1.4878 0.6392 0.1613 0.1547 0.1028 0.0321 0.0097 0.0075 0.0073 0.0081 0.0143 0.1168 0.2527 0.3549 0.4242 0.4826 0.5057 0.5111 0.5149 0.5194 1.4702 0.1322 0.1078 0.0808 0.0747 0.0726 0.0701 0.0670 0.0660 0.0659 0.0658 0.0598  
17545 36 0.8560 0.8547 0.0608 0.1042 77422753.2731 859908.2374 234951389.1909 290167.5811 22909831349.2842 37589385141.9297 21782650472.4393 7939842654.4805 758965491.7231 205712130.0520 190679528.0350 190679528.0350 190655688.8899 190631849.7449 4477.4816 0.0986 0.1045 0.1337 0.1344 0.1353 0.1381 0.1384 0.1384 0.1384 0.1384 0.1343 0.0007 0.0052 0.0090 0.0171 0.0213 0.0216 0.0216 0.0216 0.0216 0.0216 1.4359 0.1945 0.1730 0.1340 0.1332 0.1251 0.1023 0.0999 0.0999 0.0999 0.0999 0.1337  
26305 4 2.0236 1.4956 0.0238 0.0311 16707394.5246 45532276.1782 1071754049.5143 105875.8358 2177020.4108 110875142.2505 145839790.9041 78341272.3111 73512785.8709 73432075.5943 73432075.5943 73432075.5943 73432075.5943 73432075.5943 61.6324 0.1305 0.0345 0.0288 0.0274 0.0273 0.0273 0.0273 0.0273 0.0273 0.0273 0.0280 0.0416 0.5143 1.3000 1.5275 1.5374 1.5376 1.5376 1.5376 1.5376 1.5376 1.5376 0.1130 0.0789 0.0646 0.0571 0.0563 0.0563 0.0563 0.0563 0.0563 0.0563 0.0608  
26305 12 0.9858 0.9528 0.0053 0.0066 22041639.4059 257529.5758 4617829388.0601 1301033.4780 88602975.1034 3816883794.6065 7186299386.8673 3971285850.4458 871058390.6860 385669711.0682 217927663.4056 93266034.5049 34232156.3831 16140582.7344 255.7946 0.0553 0.0029 0.0048 0.0067 0.0073 0.0078 0.0079 0.0082 0.0088 0.0098 0.0023 0.0186 0.1372 0.2786 0.3810 0.4352 0.4703 0.5138 0.5480 0.5643 0.5693 1.1640 0.1407 0.0932 0.0795 0.0734 0.0697 0.0661 0.0657 0.0654 0.0644 0.0630 0.0969  
26305 15 1.2712 1.1039 0.1259 0.3104 469504051.9944 0.0000 2048574231.2011 724861.3550 3235060833.1443 20225319895.4460 18098546345.0873 8208164328.8021 2431658099.8995 188912493.9536 25490507.0789 23621854.0577 23864440.5650 24211142.6573 958.3287 0.2910 0.0025 0.0005 0.0105 0.1305 1.1179 2.6552 2.7126 2.6758 2.6221 0.1508 0.0038 0.0342 0.0808 0.1147 0.1548 0.1707 0.1721 0.1731 0.1761 0.1804 1.6453 0.2856 0.1954 0.1543 0.1345 0.1322 0.1248 0.1144 0.1138 0.1135 0.1132 0.1964  
26305 29 0.7926 0.9014 0.0195 0.0561 31361764.1698 931871.7036 165352098.3637 143137.5109 103849.1138 21148752.6671 313882472.0487 613100517.8431 533970390.4414 355102108.0176 217869631.0250 138050521.4463 99341926.1744 83970161.4643 77.3478 5.6270 1.0129 0.1644 0.0267 0.0099 0.0162 0.0460 0.1123 0.2064 0.2752 0.1400 0.0008 0.0082 0.0282 0.0621 0.1093 0.1664 0.2317 0.3016 0.3756 0.4292 2.5550 0.2909 0.1082 0.0857 0.0787 0.0690 0.0606 0.0542 0.0490 0.0449 0.0426 0.0699  
26305 30 1.4648 1.2481 0.0038 0.0213 36842777.0264 4027654.2174 244560675.0191 62950.3698 3749168.2845 80052389.7872 161591457.8879 111258240.3940 45227708.5907 25868945.0433 24147686.1620 24077654.0485 24076443.9456 24076443.9456 17.2589 0.0084 0.0798 0.2463 0.2108 0.0517 0.0083 0.0066 0.0066 0.0066 0.0066 0.2844 0.0092 0.1152 0.3963 0.8329 1.2515 1.4225 1.4449 1.4461 1.4461 1.4461 1.4461 0.1833 0.1277 0.0944 0.0754 0.0632 0.0570 0.0563 0.0563 0.0563 0.0563 0.0873  
26305 35 0.8837 0.9052 0.2282 0.3131 9408109.2765 3813.1003 83123705.6970 8772.6945 481699.2124 7092550.2384 24556173.0240 52952242.3791 42223422.6676 21269486.8685 12911245.1326 11432558.5384 11154935.4428 10941713.4935 0.0363 0.3591 1.6144 0.8093 0.1747 0.1642 0.1102 0.0355 0.0115 0.0091 0.0089 0.0098 0.0143 0.1168 0.2527 0.3549 0.4242 0.4826 0.5057 0.5111 0.5149 0.5194 1.4702 0.1342 0.1108 0.0797 0.0741 0.0726 0.0702 0.0670 0.0660 0.0659 0.0658 0.0598  
26305 36 0.9347 0.9270 0.0584 0.1010 143672160.2486 888018.1596 213336072.8664 248380.3321 19766841076.1103 33501629330.0004 20380839400.0835 7413089644.1718 682848649.1983 164314718.2710 150225482.8033 150225482.8033 150206701.3058 150187919.8083 4191.2361 0.0985 0.0999 0.1319 0.1336 0.1347 0.1382 0.1386 0.1386 0.1386 0.1386 0.1335 0.0007 0.0052 0.0090 0.0171 0.0213 0.0216 0.0216 0.0216 0.0216 0.0216 1.4359 0.1945 0.1723 0.1341 0.1333 0.1262 0.1026 0.0999 0.0999 0.0999 0.0999 0.1338  
35065 4 1.1677 1.1166 0.0308 0.0314 37060872.5525 13225664.0659 1283095477.0984 214255.4127 1042916.9490 60242171.7505 117333214.3667 105577470.1669 104419961.4028 104400014.6910 104400014.6910 104400014.6910 104400014.6910 104400014.6910 82.4369 0.1635 0.0407 0.0334 0.0295 0.0291 0.0291 0.0291 0.0291 0.0291 0.0291 0.0296 0.0416 0.5143 1.3000 1.5275 1.5374 1.5376 1.5376 1.5376 1.5376 1.5376 1.5376 0.1115 0.0771 0.0620 0.0566 0.0563 0.0563 0.0563 0.0563 0.0563 0.0563 0.0580  
35065 12 0.9525 0.9479 0.0025 0.0026 11267793.1706 42208.4673 4986053624.5548 1282594.9990 5639463.5901 1053354221.4783 6393626656.5355 4989415726.1035 1471447457.3235 801599595.8124 455250618.1418 190863635.0110 65663036.8674 27294327.8281 39.1152 0.0497 0.0014 0.0020 0.0023 0.0024 0.0026 0.0026 0.0026 0.0028 0.0031 0.0019 0.0186 0.1372 0.2786 0.3810 0.4352 0.4703 0.5138 0.5480 0.5643 0.5693 1.1640 0.1147 0.0859 0.0754 0.0728 0.0688 0.0660 0.0658 0.0657 0.0653 0.0644 0.0940  
35065 15 1.4398 1.0618 0.0075 0.0421 72399248.4992 0.0000 2620328976.5599 921461.6031 2316278967.3491 18244904621.4014 20476832480.3810 12236736510.0695 3651610767.4489 250879984.3290 3084214.6272 279280.8810 730462.8133 1375266.7644 799.6238 0.1486 0.0007 0.0002 0.0007 0.0067 0.1160 2.5567 5.3798 4.0574 3.2210 0.0061 0.0038 0.0342 0.0808 0.1147 0.1548 0.1707 0.1721 0.1731 0.1761 0.1804 1.6453 0.2823 0.1916 0.1517 0.1342 0.1333 0.1330 0.1256 0.1099 0.1071 0.1054 0.2026  
35065 29 0.9485 0.9280 0.0106 0.0205 22855539.3293 997875.8386 141606626.8004 113445.5706 33982.3981 12149253.1462 244817179.6046 536556369.1478 522081384.6895 352032014.5628 206006431.8738 120597486.4893 79014250.0252 62578056.2081 78.5668 6.1159 0.7811 0.0400 0.0129 0.0087 0.0143 0.0420 0.1044 0.1917 0.2564 0.0235 0.0008 0.0082 0.0282 0.0621 0.1093 0.1664 0.2317 0.3016 0.3756 0.4292 2.5550 0.3140 0.1024 0.0835 0.0772 0.0682 0.0608 0.0546 0.0495 0.0453 0.0429 0.0673  
35065 30 0.9822 1.0676 0.0027 0.0281 62931973.8522 2062074.5693 348724120.5412 92210.0994 3775146.1322 68325214.1387 136422428.0625 126142155.0840 69283875.9640 37603418.8110 33626836.0008 33428177.7919 33423089.0329 33423089.0329 19.1019 0.0149 0.1668 0.4500 0.2439 0.0604 0.0147 0.0105 0.0103 0.0103 0.0103 0.3730 0.0092 0.1152 0.3963 0.8329 1.2515 1.4225 1.4449 1.4461 1.4461 1.4461 1.4461 0.1835 0.1290 0.0919 0.0719 0.0632 0.0574 0.0563 0.0563 0.0563 0.0563 0.0816  
35065 35 0.9652 0.8865 0.1976 0.3325 8771346.6113 2793.5865 74267876.8889 7752.1886 257206.8526 4197400.5813 18217370.1255 43645388.7866 35736256.5940 18730384.9508 11932855.3451 10722231.4684 10476630.3443 10277337.9757 0.0338 0.4306 1.7967 0.8451 0.1911 0.1799 0.1174 0.0373 0.0127 0.0103 0.0100 0.0110 0.0143 0.1168 0.2527 0.3549 0.4242 0.4826 0.5057 0.5111 0.5149 0.5194 1.4702 0.1322 0.1107 0.0788 0.0738 0.0725 0.0700 0.0669 0.0660 0.0659 0.0658 0.0598  
35065 36 0.8628 0.8959 0.0580 0.1002 133147579.7468 1040135.5063 192607680.0330 232161.9284 15218779353.8727 28070875539.3668 19074675370.3377 6928162585.9792 617707854.7375 131516512.4584 118306063.0049 118306063.0049 118291272.1386 118276481.2724 3925.6512 0.0985 0.1000 0.1330 0.1342 0.1351 0.1385 0.1390 0.1390 0.1390 0.1390 0.1341 0.0007 0.0052 0.0090 0.0171 0.0213 0.0216 0.0216 0.0216 0.0216 0.0216 1.4359 0.1945 0.1697 0.1340 0.1334 0.1271 0.1031 0.0999 0.0999 0.0999 0.0999 0.1338  
43825 4 1.0018 1.0200 0.0221 0.0212 22950590.6810 17530683.5404 1349812115.7048 250184.4521 408514.3064 33077639.1212 97033285.8238 114375171.9436 115303059.4494 115317948.6671 115317948.6671 115317948.6671 115317948.6671 115317948.6671 89.4812 0.1733 0.0279 0.0207 0.0191 0.0190 0.0190 0.0190 0.0190 0.0190 0.0190 0.0191 0.0416 0.5143 1.3000 1.5275 1.5374 1.5376 1.5376 1.5376 1.5376 1.5376 1.5376 0.1104 0.0757 0.0600 0.0564 0.0563 0.0563 0.0563 0.0563 0.0563 0.0563 0.0570  
43825 12 0.9627 0.9499 0.0021 0.0021 10898892.0435 29161.3014 4912882477.3688 1221723.5962 1241510.2753 450731180.2337 5189639708.6635 4675714203.2764 1835946721.8069 1149046795.3281 655559182.7541 273220203.2773 92163627.1749 36677565.0204 6.1405 0.1453 0.0019 0.0019 0.0020 0.0022 0.0023 0.0023 0.0023 0.0024 0.0026 0.0064 0.0186 0.1372 0.2786 0.3810 0.4352 0.4703 0.5138 0.5480 0.5643 0.5693 1.1640 0.1555 0.0797 0.0738 0.0722 0.0679 0.0660 0.0659 0.0658 0.0655 0.0650 0.0881  
43825 15 1.3034 0.9882 0.0017 0.0048 12846036.7760 0.0000 3091422870.4256 1326762.4293 1235855875.7177 12473388784.9398 20388460271.0000 16723388217.1733 5050088272.0421 346942631.9021 4220296.7099 196693.6749 399176.7513 688554.2585 486.8846 0.2095 0.0009 0.0002 0.0003 0.0009 0.0117 0.8549 6.5738 4.2865 3.0065 0.0031 0.0038 0.0342 0.0808 0.1147 0.1548 0.1707 0.1721 0.1731 0.1761 0.1804 1.6453 0.2787 0.1861 0.1479 0.1338 0.1333 0.1333 0.1326 0.1063 0.1024 0.1010 0.2028  
43825 29 0.9270 0.9252 0.0118 0.0161 26137089.4900 1198573.8656 115366242.0055 107598.9370 33311.5388 9899657.5183 204276091.2937 477601431.1827 496456468.8803 336806875.0738 188393844.5251 99940421.9024 57113866.4996 40787442.4542 76.9912 6.2201 0.8090 0.0220 0.0117 0.0103 0.0196 0.0603 0.1538 0.2887 0.3924 0.0100 0.0008 0.0082 0.0282 0.0621 0.1093 0.1664 0.2317 0.3016 0.3756 0.4292 2.5550 0.3204 0.1053 0.0830 0.0763 0.0677 0.0609 0.0550 0.0500 0.0458 0.0434 0.0671  
43825 30 1.3020 1.0364 0.0228 0.0387 92177563.5193 56384.8400 455050849.5493 90569.8529 6093615.9356 69686394.1448 101000876.5182 103910278.0289 74571744.7132 52463255.3666 49589170.8954 49445459.3027 49441924.3250 49441924.3250 15.2249 0.0263 0.3247 0.8084 0.3455 0.0747 0.0247 0.0187 0.0184 0.0184 0.0184 0.6505 0.0092 0.1152 0.3963 0.8329 1.2515 1.4225 1.4449 1.4461 1.4461 1.4461 1.4461 0.1876 0.1317 0.0936 0.0708 0.0621 0.0572 0.0563 0.0563 0.0563 0.0563 0.0812  
43825 35 0.9438 0.9144 0.1264 0.3765 7751898.9558 47696.7631 64786959.8485 7482.6391 383920.0947 6210836.7457 15968645.4746 35631647.5429 29438255.3979 16275537.3961 11011947.5445 10064607.9715 9849898.6239 9663532.0601 0.0315 0.3729 1.5841 1.0041 0.2026 0.1887 0.1180 0.0364 0.0132 0.0110 0.0107 0.0115 0.0143 0.1168 0.2527 0.3549 0.4242 0.4826 0.5057 0.5111 0.5149 0.5194 1.4702 0.1308 0.1118 0.0798 0.0739 0.0724 0.0697 0.0668 0.0660 0.0659 0.0658 0.0598  
43825 36 0.8432 0.8670 0.0580 0.1004 117499179.5372 768928.4523 169851624.1336 200303.2058 10405882901.8842 22203144936.6004 17513997710.2477 6356184238.2004 552403021.6338 105248529.0130 93098758.7420 93098758.7420 93087119.3445 93075479.9470 3607.5553 0.0984 0.1004 0.1346 0.1353 0.1360 0.1393 0.1398 0.1398 0.1398 0.1398 0.1352 0.0007 0.0052 0.0090 0.0171 0.0213 0.0216 0.0216 0.0216 0.0216 0.0216 1.4359 0.1944 0.1652 0.1340 0.1335 0.1280 0.1036 0.0999 0.0999 0.0999 0.0999 0.1338  
52609 4 1.0546 1.0258 0.0179 0.0171 19698083.8469 15897778.8359 1400920862.4071 250644.9859 438033.8776 34635354.1236 99673095.6170 118571407.6517 119681516.9995 119699682.2322 119699682.2322 119699682.2322 119699682.2322 119699682.2322 92.8184 0.1676 0.0254 0.0172 0.0160 0.0159 0.0159 0.0159 0.0159 0.0159 0.0159 0.0160 0.0416 0.5143 1.3000 1.5275 1.5374 1.5376 1.5376 1.5376 1.5376 1.5376 1.5376 0.1100 0.0770 0.0598 0.0564 0.0563 0.0563 0.0563 0.0563 0.0563 0.0563 0.0570  
52609 12 0.9664 0.9507 0.0021 0.0021 11011624.8713 29496.4205 4752087093.9732 1176156.8183 1068369.7420 288703789.1804 4144348797.6651 4149819838.8349 2072412341.4712 1407356405.4766 804973442.7233 334613056.6304 111874091.0900 43614248.8180 2.7221 0.2091 0.0026 0.0020 0.0021 0.0023 0.0023 0.0023 0.0023 0.0024 0.0025 0.0193 0.0186 0.1372 0.2786 0.3810 0.4352 0.4703 0.5138 0.5480 0.5643 0.5693 1.1640 0.1809 0.0763 0.0734 0.0716 0.0673 0.0659 0.0659 0.0658 0.0656 0.0652 0.0758  
52609 15 1.1262 1.0010 0.0018 0.0035 14084320.4385 0.0000 3301192471.5052 1729267.0978 1760351684.3753 9935773523.7000 18892904671.5046 19405005989.0826 5897918391.6273 405211371.2634 4944070.8415 194415.9143 283310.6065 410353.9879 468.9474 0.1923 0.0011 0.0002 0.0003 0.0009 0.0122 0.8902 7.9464 6.2443 4.8743 0.0044 0.0038 0.0342 0.0808 0.1147 0.1548 0.1707 0.1721 0.1731 0.1761 0.1804 1.6453 0.2843 0.1926 0.1434 0.1336 0.1333 0.1333 0.1326 0.1102 0.1061 0.1037 0.2028  
52609 29 0.9050 0.9195 0.0172 0.0240 25298017.6413 1120396.8739 91602820.8709 99745.4184 60360.2751 7883928.8643 165436915.5045 421215420.6716 472019504.0379 321085203.5930 169187012.4548 78429507.5242 37124182.0565 22936600.2293 75.6517 6.2548 1.2894 0.0406 0.0179 0.0135 0.0253 0.0803 0.2111 0.3976 0.5417 0.0114 0.0008 0.0082 0.0282 0.0621 0.1093 0.1664 0.2317 0.3016 0.3756 0.4292 2.5550 0.3187 0.1157 0.0829 0.0755 0.0674 0.0610 0.0555 0.0508 0.0466 0.0441 0.0671  
52609 30 1.1205 0.9374 0.0141 0.0358 90539692.0327 186766.1550 516405891.7603 117922.1778 5198072.6348 48200721.0954 53835083.9175 59092739.7648 63107125.0157 64156466.0745 64637766.7566 64675900.6715 64677904.1467 64677904.1467 7.8166 0.0302 0.4851 1.2298 0.4639 0.0680 0.0213 0.0175 0.0173 0.0173 0.0173 0.9747 0.0092 0.1152 0.3963 0.8329 1.2515 1.4225 1.4449 1.4461 1.4461 1.4461 1.4461 0.1866 0.1348 0.0951 0.0694 0.0603 0.0568 0.0563 0.0563 0.0563 0.0563 0.0810  
52609 35 0.9555 0.8869 0.1297 0.4123 7482336.0844 57786.2619 58556729.2492 7061.8323 287503.3110 4939789.2646 13669336.9172 27839810.1612 23275380.8482 13874443.5603 10113058.4959 9423593.5292 9239222.4691 9065625.8447 0.0293 0.3412 1.6553 1.0608 0.2413 0.2223 0.1308 0.0385 0.0145 0.0122 0.0119 0.0127 0.0143 0.1168 0.2527 0.3549 0.4242 0.4826 0.5057 0.5111 0.5149 0.5194 1.4702 0.1307 0.1112 0.0803 0.0739 0.0722 0.0694 0.0667 0.0660 0.0658 0.0658 0.0598  
52609 36 0.8408 0.8863 0.0582 0.1004 98941294.5294 777735.8751 142187571.6617 168899.1127 8601541426.0155 18642547114.1561 14906536598.6083 5406414997.5582 464387766.7836 83627431.8070 73281676.3049 73281676.3049 73272514.4797 73263352.6545 3070.7933 0.0985 0.1004 0.1341 0.1349 0.1356 0.1389 0.1395 0.1395 0.1395 0.1395 0.1348 0.0007 0.0052 0.0090 0.0171 0.0213 0.0216 0.0216 0.0216 0.0216 0.0216 1.4359 0.1944 0.1638 0.1340 0.1335 0.1285 0.1040 0.0999 0.0999 0.0999 0.0999 0.1338  
61369 4 1.0451 1.0340 0.0172 0.0166 20795158.1799 16631744.1145 1448639090.0445 264318.1736 605230.9385 41959674.6316 108901088.3863 123179405.3222 124039970.2470 124054278.4793 124054278.4793 124054278.4793 124054278.4793 124054278.4793 96.2758 0.1523 0.0242 0.0171 0.0160 0.0160 0.0160 0.0160 0.0160 0.0160 0.0160 0.0160 0.0416 0.5143 1.3000 1.5275 1.5374 1.5376 1.5376 1.5376 1.5376 1.5376 1.5376 0.1106 0.0771 0.0601 0.0564 0.0563 0.0563 0.0563 0.0563 0.0563 0.0563 0.0570  
61369 12 0.9498 0.9510 0.0022 0.0021 11066034.7288 27362.6355 4549297761.1018 1136641.6780 681380.9465 209922918.0797 3321978325.8365 3669019099.3205 2209167010.7389 1574352129.1316 901773306.1743 374332229.3723 124562806.9627 48019348.8291 2.1711 0.2225 0.0029 0.0021 0.0022 0.0023 0.0024 0.0024 0.0024 0.0025 0.0026 0.0217 0.0186 0.1372 0.2786 0.3810 0.4352 0.4703 0.5138 0.5480 0.5643 0.5693 1.1640 0.1797 0.0751 0.0732 0.0710 0.0670 0.0659 0.0659 0.0658 0.0657 0.0653 0.0689  
61369 15 1.0845 1.0133 0.0019 0.0034 15571403.2838 0.0000 3491193349.8314 1947472.2081 1743729992.2411 8889284827.7795 18572893357.4721 21247538823.8228 6474859723.0902 444857179.1017 5432138.5857 197098.9782 234064.4686 286893.5594 493.9517 0.2158 0.0014 0.0003 0.0003 0.0009 0.0122 0.8915 8.5481 7.5348 6.4780 0.0046 0.0038 0.0342 0.0808 0.1147 0.1548 0.1707 0.1721 0.1731 0.1761 0.1804 1.6453 0.2843 0.1994 0.1406 0.1335 0.1333 0.1333 0.1325 0.1122 0.1093 0.1069 0.2028  
61369 29 0.8829 0.9153 0.0206 0.0249 23358139.7649 957737.7375 70837650.7640 90270.2702 19097.9388 6141676.8684 133783291.9441 372375523.5818 445581082.0980 301922079.6940 147547157.6367 56448942.9839 20088712.7053 10106773.5570 73.4165 6.2637 0.7036 0.0310 0.0197 0.0164 0.0328 0.1056 0.2957 0.5804 0.7853 0.0115 0.0008 0.0082 0.0282 0.0621 0.1093 0.1664 0.2317 0.3016 0.3756 0.4292 2.5550 0.3271 0.1028 0.0823 0.0745 0.0670 0.0612 0.0561 0.0519 0.0478 0.0452 0.0671  
61369 30 1.0298 0.9391 0.0194 0.0326 78273528.5075 49325.9426 523640321.2476 132126.7221 3869739.9815 37215033.0212 29058081.6753 34515811.7370 53954506.0037 67211353.1776 69644485.0174 69793682.3369 69799351.3547 69799351.3547 4.1096 0.0400 0.7122 1.7308 0.5815 0.0578 0.0207 0.0188 0.0187 0.0187 0.0187 1.4359 0.0092 0.1152 0.3963 0.8329 1.2515 1.4225 1.4449 1.4461 1.4461 1.4461 1.4461 0.1837 0.1363 0.0992 0.0687 0.0589 0.0565 0.0563 0.0563 0.0563 0.0563 0.0819  
61369 35 0.8785 0.9061 0.1545 0.4958 7061516.4859 70869.0404 53762311.1561 6747.3503 346800.9845 5795530.7557 12301223.2986 21753346.5454 18356375.8817 11892934.6630 9306263.2409 8818994.0933 8659669.6420 8497785.8075 0.0272 0.3229 1.6930 1.3145 0.2875 0.2553 0.1398 0.0399 0.0162 0.0139 0.0137 0.0144 0.0143 0.1168 0.2527 0.3549 0.4242 0.4826 0.5057 0.5111 0.5149 0.5194 1.4702 0.1310 0.1117 0.0818 0.0742 0.0720 0.0690 0.0665 0.0659 0.0658 0.0658 0.0598  
61369 36 0.8218 0.8795 0.0560 0.0990 80678931.9170 606126.5415 117510079.4032 142010.6675 7449288975.0809 15624964952.0191 12136321707.8924 4399871239.9719 376189308.0198 66183229.7350 57759959.4563 57759959.4563 57752738.1879 57745516.9195 2499.8158 0.0963 0.0985 0.1324 0.1331 0.1338 0.1375 0.1382 0.1382 0.1382 0.1382 0.1331 0.0007 0.0052 0.0090 0.0171 0.0213 0.0216 0.0216 0.0216 0.0216 0.0216 1.4359 0.1944 0.1641 0.1340 0.1335 0.1287 0.1042 0.0999 0.0999 0.0999 0.0999 0.1338  
70129 4 0.9894 1.0012 0.0177 0.0163 20726260.4015 16064784.7136 1455622845.7747 276242.9631 366606.4221 30271083.4107 100763724.0705 125730373.9910 127242504.4536 127267412.8434 127267412.8434 127267412.8434 127267412.8434 127267412.8434 98.1792 0.1487 0.0237 0.0168 0.0158 0.0157 0.0157 0.0157 0.0157 0.0157 0.0157 0.0158 0.0416 0.5143 1.3000 1.5275 1.5374 1.5376 1.5376 1.5376 1.5376 1.5376 1.5376 0.1097 0.0752 0.0593 0.0564 0.0563 0.0563 0.0563 0.0563 0.0563 0.0563 0.0568  
70129 12 0.9497 0.9516 0.0023 0.0022 10889400.9048 31422.2828 4322697680.8333 1079615.5295 1645700.1451 165258657.3538 2736877823.1001 3282434293.1902 2243540453.8444 1642479507.0972 941520355.3801 390547956.5752 129635333.9555 49676996.1190 2.2612 0.2143 0.0042 0.0021 0.0023 0.0024 0.0024 0.0025 0.0025 0.0025 0.0026 0.0317 0.0186 0.1372 0.2786 0.3810 0.4352 0.4703 0.5138 0.5480 0.5643 0.5693 1.1640 0.1858 0.0751 0.0730 0.0706 0.0667 0.0659 0.0659 0.0658 0.0657 0.0654 0.0735  
70129 15 1.0369 0.9783 0.0017 0.0033 15552696.8596 0.0000 3556445803.0943 2112128.1005 1598342247.1449 6435867103.5394 17795301975.6569 22448586955.0792 6855158879.7688 470954135.8910 5715789.9931 164816.3187 179358.2334 200140.7968 367.3385 0.2843 0.0017 0.0002 0.0003 0.0008 0.0117 0.8630 8.8254 8.2933 7.6273 0.0059 0.0038 0.0342 0.0808 0.1147 0.1548 0.1707 0.1721 0.1731 0.1761 0.1804 1.6453 0.2854 0.2007 0.1385 0.1334 0.1333 0.1333 0.1326 0.1131 0.1115 0.1096 0.2028  
70129 29 0.7665 0.9158 0.0261 0.0314 18984569.7574 656643.5895 55843458.5271 79696.7695 45712.1749 4927347.1009 109287546.2674 329874239.6239 415489399.2677 279780335.4835 127330470.0244 39029658.2039 8807219.3367 3058664.2965 69.9380 6.1805 1.2888 0.0412 0.0222 0.0218 0.0414 0.1156 0.3405 0.8011 1.1727 0.0167 0.0008 0.0082 0.0282 0.0621 0.1093 0.1664 0.2317 0.3016 0.3756 0.4292 2.5550 0.3279 0.1166 0.0821 0.0737 0.0668 0.0614 0.0569 0.0537 0.0499 0.0468 0.0671  
70129 30 0.9785 0.9054 0.0158 0.0272 53749550.1785 38633.8793 507001294.2508 136066.6452 1790986.4819 16458911.4801 9678359.0171 18244070.1284 46629548.2074 66260377.4772 69598428.3818 69795965.5348 69803064.5942 69803064.5942 1.5948 0.0563 1.0297 2.3907 0.5573 0.0418 0.0198 0.0188 0.0187 0.0187 0.0187 1.8163 0.0092 0.1152 0.3963 0.8329 1.2515 1.4225 1.4449 1.4461 1.4461 1.4461 1.4461 0.1814 0.1373 0.1018 0.0657 0.0577 0.0564 0.0563 0.0563 0.0563 0.0563 0.0797  
70129 35 0.8983 0.9116 0.1983 0.5857 6747033.8929 75294.7792 45946003.9334 5927.3604 392390.6017 6127562.2805 10691444.7092 17320572.1736 14865692.9975 10382196.4142 8585395.8150 8235034.6113 8094929.4944 7944028.8860 0.0252 0.3380 1.7625 1.5732 0.3445 0.2911 0.1490 0.0416 0.0179 0.0158 0.0155 0.0163 0.0143 0.1168 0.2527 0.3549 0.4242 0.4826 0.5057 0.5111 0.5149 0.5194 1.4702 0.1315 0.1121 0.0829 0.0744 0.0718 0.0686 0.0664 0.0659 0.0658 0.0658 0.0598  
70129 36 0.8571 0.9221 0.0554 0.0963 66280437.7237 410108.9504 96064311.7591 116707.7380 7518501272.0878 14236375413.7481 9969572031.4345 3611334766.2676 307187618.9104 52618366.9660 45701387.4136 45701387.4136 45695673.7326 45689960.0515 2052.4669 0.0934 0.0954 0.1270 0.1282 0.1291 0.1335 0.1343 0.1343 0.1343 0.1343 0.1282 0.0007 0.0052 0.0090 0.0171 0.0213 0.0216 0.0216 0.0216 0.0216 0.0216 1.4359 0.1944 0.1672 0.1340 0.1335 0.1288 0.1043 0.0998 0.0998 0.0998 0.0998 0.1338  
78889 4 0.9788 0.9792 0.0174 0.0157 19711416.3167 14735996.3131 1429302559.2157 273316.3844 229358.6412 20453621.3875 91080585.7566 123789406.0523 125788510.3346 125821423.1108 125821423.1108 125821423.1108 125821423.1108 125821423.1108 96.5284 0.1428 0.0218 0.0159 0.0154 0.0153 0.0153 0.0153 0.0153 0.0153 0.0153 0.0154 0.0416 0.5143 1.3000 1.5275 1.5374 1.5376 1.5376 1.5376 1.5376 1.5376 1.5376 0.1091 0.0738 0.0584 0.0563 0.0563 0.0563 0.0563 0.0563 0.0563 0.0563 0.0565  
78889 12 0.9439 0.9527 0.0024 0.0023 10872142.8306 47540.9761 4085157905.8570 1025291.9956 3876128.2644 145983395.4033 2318448827.6907 2966133156.6650 2212448117.3157 1646401780.1040 944203858.0681 391497782.1237 129764203.1243 49554293.0584 2.9020 0.2082 0.0068 0.0022 0.0024 0.0025 0.0026 0.0026 0.0026 0.0026 0.0027 0.0433 0.0186 0.1372 0.2786 0.3810 0.4352 0.4703 0.5138 0.5480 0.5643 0.5693 1.1640 0.1852 0.0772 0.0729 0.0702 0.0666 0.0659 0.0659 0.0658 0.0657 0.0654 0.0854  
78889 15 0.9993 0.9843 0.0015 0.0031 15103814.5823 0.0000 3474895869.2470 2190166.5217 1625046582.3387 6093732121.5300 17171912673.6843 22215219465.7063 6787423125.5840 466293796.7316 5651344.3058 151688.9136 155800.6722 161677.0374 370.3121 0.2570 0.0019 0.0002 0.0003 0.0008 0.0112 0.8299 8.9425 8.6716 8.2962 0.0061 0.0038 0.0342 0.0808 0.1147 0.1548 0.1707 0.1721 0.1731 0.1761 0.1804 1.6453 0.2855 0.2057 0.1372 0.1334 0.1333 0.1333 0.1326 0.1135 0.1126 0.1115 0.2028  
78889 29 0.6722 0.9215 0.0284 0.0370 12100612.0764 429681.7712 47690076.7631 61083.5984 19591.8518 3655494.4145 85432241.9940 289204242.5404 386996004.1980 259237627.2148 112697604.8044 30011384.9718 4292813.6034 763719.0487 66.8088 6.2654 1.0142 0.0484 0.0303 0.0272 0.0430 0.0896 0.2385 0.7242 1.4261 0.0199 0.0008 0.0082 0.0282 0.0621 0.1093 0.1664 0.2317 0.3016 0.3756 0.4292 2.5550 0.3258 0.1094 0.0814 0.0728 0.0666 0.0616 0.0575 0.0553 0.0534 0.0510 0.0671  
78889 30 0.9640 0.9648 0.0146 0.0238 49233822.4540 40141.9999 480328113.1606 133134.7885 2718776.5108 19649245.4528 9414216.2053 11884310.9007 41064138.1686 63174446.9153 66902611.4248 67121398.1275 67129098.4801 67129098.4801 0.9499 0.0485 1.0189 2.5929 0.6617 0.0326 0.0192 0.0187 0.0187 0.0187 0.0187 2.5422 0.0092 0.1152 0.3963 0.8329 1.2515 1.4225 1.4449 1.4461 1.4461 1.4461 1.4461 0.1855 0.1406 0.1075 0.0649 0.0570 0.0563 0.0563 0.0563 0.0563 0.0563 0.0856  
78889 35 0.9048 0.8981 0.1802 0.5946 5927102.4403 114872.0491 36665234.5543 5324.3533 360351.4304 5917278.1771 8585056.5168 13339184.8095 11855536.1482 9014097.0662 7869893.1746 7633396.6575 7511052.8497 7371686.5418 0.0233 0.3470 1.5887 1.5420 0.3743 0.3144 0.1494 0.0416 0.0194 0.0174 0.0172 0.0179 0.0143 0.1168 0.2527 0.3549 0.4242 0.4826 0.5057 0.5111 0.5149 0.5194 1.4702 0.1302 0.1121 0.0832 0.0745 0.0715 0.0683 0.0663 0.0659 0.0658 0.0658 0.0598  
78889 36 0.8125 0.8752 0.0549 0.0951 53744072.2331 334875.3256 77527468.2181 100030.3346 6439267365.2070 11848928708.3792 8027363913.2663 2906837594.0575 246637093.2878 41680951.3901 36112024.8161 36112024.8161 36107510.0168 36102995.2175 1652.3347 0.0925 0.0947 0.1278 0.1286 0.1295 0.1347 0.1357 0.1357 0.1357 0.1357 0.1285 0.0007 0.0052 0.0090 0.0171 0.0213 0.0216 0.0216 0.0216 0.0216 0.0216 1.4359 0.1944 0.1678 0.1340 0.1335 0.1289 0.1044 0.0998 0.0998 0.0998 0.0998 0.1338  
87673 4 1.0039 1.0022 0.0167 0.0156 19333739.0223 14958062.1439 1415880637.6810 267526.4121 472870.8467 31413571.5679 97841569.7073 121983065.2261 123613487.8634 123640896.8699 123640896.8699 123640896.8699 123640896.8699 123640896.8699 95.3489 0.1248 0.0224 0.0159 0.0152 0.0152 0.0152 0.0152 0.0152 0.0152 0.0152 0.0152 0.0416 0.5143 1.3000 1.5275 1.5374 1.5376 1.5376 1.5376 1.5376 1.5376 1.5376 0.1099 0.0766 0.0591 0.0564 0.0563 0.0563 0.0563 0.0563 0.0563 0.0563 0.0567  
87673 12 0.9405 0.9535 0.0025 0.0024 10806155.2397 56377.5545 3861756127.5549 967799.2854 5443021.7643 134028786.4980 1965143258.1073 2683289016.8465 2168529593.3532 1635838965.8960 938501319.7977 389000665.8985 128785032.8369 49040319.1559 3.4028 0.2028 0.0087 0.0023 0.0025 0.0027 0.0027 0.0027 0.0027 0.0028 0.0029 0.0434 0.0186 0.1372 0.2786 0.3810 0.4352 0.4703 0.5138 0.5480 0.5643 0.5693 1.1640 0.1838 0.0798 0.0729 0.0699 0.0665 0.0659 0.0659 0.0659 0.0657 0.0654 0.0918  
87673 15 0.9660 0.9960 0.0015 0.0033 14713358.0515 0.0000 3388864987.1847 2188644.1227 1341933628.4104 7156414880.0883 17174364343.6659 21397886287.1758 6532843460.1138 448807263.8445 5442318.6934 147329.5518 146574.0771 145494.4645 459.6728 0.3642 0.0020 0.0001 0.0002 0.0008 0.0121 0.8902 9.0088 8.8903 8.7157 0.0049 0.0038 0.0342 0.0808 0.1147 0.1548 0.1707 0.1721 0.1731 0.1761 0.1804 1.6453 0.2863 0.2042 0.1376 0.1334 0.1333 0.1333 0.1325 0.1137 0.1133 0.1128 0.2028  
87673 29 0.4059 0.9279 0.0315 0.0412 6619835.1700 266522.5327 43573152.2242 41062.4011 15852.6101 2699779.1463 66550910.7511 252789794.3950 356801080.8033 239976566.3941 103362424.7942 27054548.2804 3641321.2617 561647.4034 62.6790 6.1204 1.0374 0.0604 0.0351 0.0294 0.0407 0.0588 0.0894 0.1981 0.4479 0.0214 0.0008 0.0082 0.0282 0.0621 0.1093 0.1664 0.2317 0.3016 0.3756 0.4292 2.5550 0.3245 0.1094 0.0807 0.0719 0.0663 0.0617 0.0577 0.0560 0.0556 0.0552 0.0671  
87673 30 0.9665 1.1515 0.0239 0.0280 77640255.2094 52591.1432 456586553.4541 128337.5445 8566071.9294 68702699.0531 55300812.6365 24548454.7785 39651346.8105 59484595.9532 63054059.3736 63266806.0386 63274347.3257 63274347.3257 5.1576 0.0293 0.5119 1.4417 1.0129 0.0470 0.0191 0.0188 0.0188 0.0188 0.0188 1.8422 0.0092 0.1152 0.3963 0.8329 1.2515 1.4225 1.4449 1.4461 1.4461 1.4461 1.4461 0.1860 0.1381 0.1050 0.0745 0.0571 0.0563 0.0563 0.0563 0.0563 0.0563 0.0937  
87673 35 0.8459 0.8329 0.1670 0.6166 5324168.2496 145164.1628 31167364.2413 4817.2513 155404.9319 2625750.7457 5521583.2035 8856449.0596 8596643.2760 7563728.7179 7136001.4574 7024297.0627 6920932.9129 6793551.2213 0.0215 0.3822 1.7596 1.4848 0.4535 0.3726 0.1590 0.0442 0.0224 0.0205 0.0203 0.0210 0.0143 0.1168 0.2527 0.3549 0.4242 0.4826 0.5057 0.5111 0.5149 0.5194 1.4702 0.1307 0.1113 0.0824 0.0743 0.0710 0.0678 0.0662 0.0659 0.0658 0.0658 0.0598  
87673 36 0.8212 0.8778 0.0547 0.0947 33286826.4916 431909.8827 62582129.1835 81276.6513 5596472360.6972 9926902373.2732 6425063551.5358 2325830666.3347 197073898.0402 33063037.1408 28606647.3818 28606647.3818 28603070.9202 28599494.4586 1322.1844 0.0927 0.0946 0.1271 0.1279 0.1286 0.1324 0.1331 0.1331 0.1331 0.1331 0.1279 0.0007 0.0052 0.0090 0.0171 0.0213 0.0216 0.0216 0.0216 0.0216 0.0216 1.4359 0.1944 0.1690 0.1340 0.1335 0.1290 0.1044 0.0998 0.0998 0.0998 0.0998 0.1338  
96433 4 0.9938 0.9939 0.0176 0.0157 17767090.1599 18447427.7169 1429522261.6369 268573.2104 426696.2220 30777808.3837 98002013.1373 120964879.3717 122440732.9397 122465415.5022 122465415.5022 122465415.5022 122465415.5022 122465415.5022 94.3593 0.1284 0.0224 0.0161 0.0154 0.0154 0.0154 0.0154 0.0154 0.0154 0.0154 0.0154 0.0416 0.5143 1.3000 1.5275 1.5374 1.5376 1.5376 1.5376 1.5376 1.5376 1.5376 0.1096 0.0753 0.0592 0.0564 0.0563 0.0563 0.0563 0.0563 0.0563 0.0563 0.0567  
96433 12 0.9401 0.9552 0.0026 0.0025 10782912.2190 65399.0839 3651122602.0258 910174.2830 8306622.8657 135864035.1485 1678796218.5503 2437031524.5299 2109238234.8399 1608209908.4511 922920540.4585 382440774.0901 126496991.4920 48061422.5942 4.6007 0.1940 0.0099 0.0024 0.0027 0.0028 0.0028 0.0028 0.0029 0.0029 0.0030 0.0369 0.0186 0.1372 0.2786 0.3810 0.4352 0.4703 0.5138 0.5480 0.5643 0.5693 1.1640 0.1839 0.0838 0.0728 0.0696 0.0664 0.0659 0.0659 0.0659 0.0657 0.0655 0.0984  
96433 15 0.9793 0.9744 0.0013 0.0027 12087388.6357 0.0000 3383261648.9797 2114332.3445 1160830300.8755 5575496571.0392 17297999662.1027 21150875980.5282 6454400721.3484 443394349.5933 5351258.0544 119349.2289 117207.4187 114146.5202 260.9373 0.3740 0.0020 0.0001 0.0002 0.0006 0.0098 0.7412 9.0529 8.9863 8.8860 0.0057 0.0038 0.0342 0.0808 0.1147 0.1548 0.1707 0.1721 0.1731 0.1761 0.1804 1.6453 0.2870 0.1978 0.1385 0.1334 0.1333 0.1333 0.1327 0.1138 0.1136 0.1132 0.2028  
96433 29 0.7058 0.9322 0.0285 0.0454 4308845.6565 234871.6616 40409851.3682 16666.6990 42838.0824 1972114.9921 50260363.4779 220997425.8742 330490217.9636 223972210.8804 96169872.0229 25109479.2528 3372422.4346 517848.3650 58.9872 5.5551 1.8054 0.0904 0.0376 0.0241 0.0302 0.0412 0.0547 0.0961 0.1950 0.0177 0.0008 0.0082 0.0282 0.0621 0.1093 0.1664 0.2317 0.3016 0.3756 0.4292 2.5550 0.2775 0.1290 0.0802 0.0709 0.0661 0.0617 0.0578 0.0560 0.0557 0.0554 0.0671  
96433 30 0.9739 1.0465 0.0311 0.0355 85563989.6369 63472.6608 450805117.6920 124034.2447 8681216.5496 69251475.0163 75155477.0346 47433171.6876 45725033.2081 57264571.7618 59825721.5769 59988163.5196 59994307.2437 59994307.2437 7.8016 0.0263 0.3919 1.1019 0.7638 0.0694 0.0199 0.0189 0.0188 0.0188 0.0188 1.2398 0.0092 0.1152 0.3963 0.8329 1.2515 1.4225 1.4449 1.4461 1.4461 1.4461 1.4461 0.1862 0.1358 0.0993 0.0749 0.0585 0.0564 0.0563 0.0563 0.0563 0.0563 0.0908  
96433 35 0.6939 0.8581 0.2367 0.7858 4817039.1417 103520.5209 26873291.5378 4074.8719 163400.2384 2528508.1636 3751737.1894 5259226.3780 5821605.0166 6264960.3105 6424819.4784 6416078.0035 6329791.1883 6214212.3666 0.0197 0.3430 1.8174 1.9715 0.6069 0.4319 0.1613 0.0488 0.0294 0.0277 0.0275 0.0282 0.0143 0.1168 0.2527 0.3549 0.4242 0.4826 0.5057 0.5111 0.5149 0.5194 1.4702 0.1316 0.1123 0.0840 0.0744 0.0702 0.0672 0.0661 0.0659 0.0658 0.0658 0.0598  
96433 36 0.7387 0.9047 0.0212 0.0723 575598.4832 332049.9533 52112370.9255 66747.3002 5181139037.4111 8722448481.6597 5253133091.1489 1900715454.6505 160967215.9927 26927662.6593 23285632.5396 23285632.5396 23282721.3221 23279810.1046 1080.5515 0.0624 0.0648 0.0978 0.0988 0.0998 0.1051 0.1061 0.1061 0.1061 0.1061 0.0987 0.0007 0.0052 0.0090 0.0171 0.0213 0.0216 0.0216 0.0216 0.0216 0.0216 1.4359 0.1943 0.1705 0.1339 0.1334 0.1289 0.1043 0.0997 0.0997 0.0997 0.0997 0.1337  
