8761 4 0.7557 0.7938 0.1605 0.2040 24250443.6221 23859527.0074 244733368.1171 26675.9906 626502.9202 30407751.9092 34349008.4327 12313965.1553 10679337.9810 10651885.0127 10651885.0127 10651885.0127 10651885.0127 10651885.0127 9.6030 0.5156 0.2654 0.2374 0.2215 0.2180 0.2179 0.2179 0.2179 0.2179 0.2179 0.2227 0.0416 0.5143 1.3000 1.5275 1.5374 1.5376 1.5376 1.5376 1.5376 1.5376 1.5376 0.1124 0.0801 0.0662 0.0578 0.0563 0.0563 0.0563 0.0563 0.0563 0.0563 0.0646  
8761 12 1.5679 0.6940 0.0168 0.0297 16424915.3349 3749536.6953 1319729355.6837 41400.8997 706079550.5907 4072374893.3793 1679616045.4677 336302412.9638 93810119.0474 56537185.4756 34986950.7156 18440030.2353 10603641.4799 8201769.2056 296.5826 0.5636 0.0185 0.0263 0.0406 0.0454 0.0466 0.0474 0.0491 0.0517 0.0534 0.0137 0.0186 0.1372 0.2786 0.3810 0.4352 0.4703 0.5138 0.5480 0.5643 0.5693 1.1640 0.1870 0.1135 0.0851 0.0731 0.0674 0.0657 0.0651 0.0639 0.0620 0.0608 0.1157  
8761 15 0.7586 0.6275 0.1993 0.1777 580983430.4065 0.0000 1691405731.7679 455611.8525 808754403.5951 12311437633.2376 8581379955.3587 3208350827.5029 1553115192.1163 936326973.8815 889950268.7085 881325636.5375 857722645.9349 823990995.0038 1271.4851 1.1288 0.0086 0.0025 0.0371 0.2487 0.4520 0.4739 0.4744 0.4752 0.4763 0.2108 0.0038 0.0342 0.0808 0.1147 0.1548 0.1707 0.1721 0.1731 0.1761 0.1804 1.6453 0.2730 0.2001 0.1548 0.1329 0.1231 0.1148 0.1139 0.1139 0.1138 0.1137 0.1632  
8761 29 0.7234 0.6452 0.0583 0.1151 72046925.3665 199529902.8370 220225863.6197 92580.3862 2349862.2601 317344701.5126 793576520.5833 721650491.0496 515602698.0944 348073406.2118 237087619.6702 175032129.5197 148126121.5573 138972876.2142 152.0311 5.0089 1.3496 0.2745 0.0708 0.0443 0.0900 0.2695 0.4891 0.6105 0.6537 0.1506 0.0008 0.0082 0.0282 0.0621 0.1093 0.1664 0.2317 0.3016 0.3756 0.4292 2.5550 0.1654 0.1185 0.1036 0.0842 0.0694 0.0597 0.0529 0.0479 0.0442 0.0422 0.0966  
8761 30 0.1247 0.8873 0.0175 0.0376 21334904.4487 34349.1694 166078844.6814 3900.3733 21.6434 5601.9708 1298485.8602 11011189.1048 20454314.9888 21227110.8306 21004713.2285 20984490.1425 20983515.9794 20983515.9794 0.5175 1.2127 3.3765 0.8645 0.2095 0.0650 0.0307 0.0247 0.0243 0.0243 0.0243 0.2914 0.0092 0.1152 0.3963 0.8329 1.2515 1.4225 1.4449 1.4461 1.4461 1.4461 1.4461 0.1302 0.0868 0.0691 0.0639 0.0596 0.0568 0.0563 0.0563 0.0563 0.0563 0.0663  
8761 35 0.9186 0.4552 0.2838 0.5669 12187403.0213 1858765.4347 103152963.9948 11533.4228 3264407.8596 39603048.6883 62249371.5518 65504644.4054 44573594.4877 22915638.0358 14416053.8857 12906407.0304 12608065.8390 12370249.0738 0.0417 0.4915 1.8815 1.7943 0.2486 0.1883 0.1310 0.0630 0.0433 0.0413 0.0411 0.0439 0.0143 0.1168 0.2527 0.3549 0.4242 0.4826 0.5057 0.5111 0.5149 0.5194 1.4702 0.1349 0.1124 0.0839 0.0758 0.0726 0.0699 0.0669 0.0660 0.0658 0.0658 0.0598  
8761 36 0.4266 0.5421 0.0443 0.1025 167221030.1974 2005073.9883 264667105.1638 75263.6349 32364097873.5391 48341060817.6179 23697929224.1778 8650154860.5633 858782730.3787 258493557.3146 242182938.0734 242182938.0734 242152659.8665 242122381.6597 4864.6602 1.3340 0.1367 0.1411 0.1414 0.1452 0.1542 0.1550 0.1550 0.1550 0.1550 0.1411 0.0007 0.0052 0.0090 0.0171 0.0213 0.0216 0.0216 0.0216 0.0216 0.0216 1.4359 0.1897 0.1725 0.1293 0.1282 0.1192 0.0979 0.0960 0.0960 0.0960 0.0960 0.1289  
17545 4 5.5942 2.0072 0.0511 0.0579 15749423.0760 5095972.3809 668865867.5286 16130.8343 1700832.7298 75859946.7691 85180954.7952 34561323.8990 31033837.8980 30975101.2370 30975101.2370 30975101.2370 30975101.2370 30975101.2370 27.5426 0.1848 0.0497 0.0419 0.0373 0.0362 0.0362 0.0362 0.0362 0.0362 0.0362 0.0380 0.0416 0.5143 1.3000 1.5275 1.5374 1.5376 1.5376 1.5376 1.5376 1.5376 1.5376 0.1132 0.0800 0.0657 0.0575 0.0563 0.0563 0.0563 0.0563 0.0563 0.0563 0.0630  
17545 12 1.9323 1.9149 0.0081 0.0120 17552904.1217 205870.6061 3400203967.0736 678014.3057 1323111419.4202 8941776614.1012 5388586053.9867 1603127835.5994 278689190.4032 104384497.4899 60339819.3387 28586693.4563 13549470.1813 8940888.5517 612.9170 0.1123 0.0039 0.0072 0.0124 0.0146 0.0156 0.0158 0.0162 0.0170 0.0177 0.0025 0.0186 0.1372 0.2786 0.3810 0.4352 0.4703 0.5138 0.5480 0.5643 0.5693 1.1640 0.1878 0.1078 0.0826 0.0742 0.0696 0.0660 0.0654 0.0645 0.0628 0.0613 0.1119  
17545 15 1.1768 1.2873 0.2220 0.1967 423726188.6029 0.0000 1869682360.4001 660735.5912 1663730774.0845 18523164694.8420 15023733629.5297 5208018120.8004 1784530476.0976 496672242.5753 402187097.6892 397476058.0149 386998516.5030 372024790.9501 1176.3471 0.1801 0.0011 0.0004 0.0178 0.1812 0.5907 0.6829 0.6840 0.6836 0.6831 0.1581 0.0038 0.0342 0.0808 0.1147 0.1548 0.1707 0.1721 0.1731 0.1761 0.1804 1.6453 0.2863 0.1983 0.1556 0.1342 0.1280 0.1164 0.1139 0.1139 0.1138 0.1137 0.1790  
17545 29 1.1338 0.8713 0.0533 0.0913 20215226.9037 885143.2365 198810533.2165 119176.9504 817439.8799 119836648.7142 466756084.7269 654007962.0608 551471077.4838 364443841.2763 230286068.2345 159423167.9585 127724422.1947 115782853.1378 108.4663 3.3943 0.6115 0.2891 0.0533 0.0090 0.0099 0.0262 0.0616 0.1086 0.1424 0.2493 0.0008 0.0082 0.0282 0.0621 0.1093 0.1664 0.2317 0.3016 0.3756 0.4292 2.5550 0.2214 0.1130 0.0969 0.0808 0.0690 0.0605 0.0539 0.0486 0.0445 0.0423 0.0853  
17545 30 1.6134 1.8525 0.0033 0.0078 3890238.0890 1656482.1233 176593408.0046 36652.1263 2407260.8089 65529090.4935 98320203.2557 36575174.7819 19254491.8944 21572092.7555 22260789.3232 22304151.0448 22305667.1077 22305667.1077 10.1156 0.0051 0.0257 0.0943 0.0704 0.0093 0.0046 0.0036 0.0036 0.0036 0.0036 0.1511 0.0092 0.1152 0.3963 0.8329 1.2515 1.4225 1.4449 1.4461 1.4461 1.4461 1.4461 0.1851 0.1294 0.1027 0.0772 0.0590 0.0565 0.0563 0.0563 0.0563 0.0563 0.0945  
17545 35 0.9226 0.8328 0.1864 0.2433 9492736.3489 1871.4784 93303068.4585 9287.0738 588552.9754 10845871.5893 38964444.8263 57829637.1042 43152038.6003 22155024.8327 13834286.5157 12356882.1836 12066743.5090 11836478.3809 0.0390 0.3771 1.1350 0.5033 0.1583 0.1561 0.1016 0.0313 0.0097 0.0075 0.0073 0.0082 0.0143 0.1168 0.2527 0.3549 0.4242 0.4826 0.5057 0.5111 0.5149 0.5194 1.4702 0.1317 0.1069 0.0808 0.0748 0.0726 0.0700 0.0669 0.0660 0.0659 0.0658 0.0598  
17545 36 0.8509 0.8679 0.0599 0.1038 75262130.3817 1114911.3793 237780145.1113 299663.7267 23209690663.6309 38379113554.6013 22509751008.4296 8201496655.1592 778255831.0287 206329470.3629 190789497.9896 190789497.9896 190765645.0959 190741792.2022 4627.4341 0.0986 0.1042 0.1321 0.1331 0.1344 0.1382 0.1387 0.1387 0.1387 0.1387 0.1330 0.0007 0.0052 0.0090 0.0171 0.0213 0.0216 0.0216 0.0216 0.0216 0.0216 1.4359 0.1945 0.1729 0.1340 0.1332 0.1253 0.1023 0.0999 0.0999 0.0999 0.0999 0.1337  
26305 4 3.3520 2.0460 0.0186 0.0258 15719269.3821 45769157.1102 1327072715.9952 90239.8184 5246931.6913 216624477.3043 236851418.7437 95355889.7219 85392510.0020 85226255.2342 85226255.2342 85226255.2342 85226255.2342 85226255.2342 76.4918 0.1254 0.0285 0.0230 0.0205 0.0199 0.0199 0.0199 0.0199 0.0199 0.0199 0.0209 0.0416 0.5143 1.3000 1.5275 1.5374 1.5376 1.5376 1.5376 1.5376 1.5376 1.5376 0.1136 0.0805 0.0658 0.0575 0.0563 0.0563 0.0563 0.0563 0.0563 0.0563 0.0633  
26305 12 0.9629 0.9463 0.0052 0.0063 22298997.5640 185624.4843 4563923383.3501 1310102.3132 40288156.5025 3121436628.3167 7882253265.8597 4115259492.5374 739816562.9150 260594386.5637 145779729.4750 63544422.0625 24601469.1190 12666868.6585 120.7479 0.0618 0.0031 0.0048 0.0064 0.0069 0.0075 0.0076 0.0080 0.0087 0.0097 0.0028 0.0186 0.1372 0.2786 0.3810 0.4352 0.4703 0.5138 0.5480 0.5643 0.5693 1.1640 0.1359 0.0902 0.0791 0.0737 0.0703 0.0662 0.0657 0.0652 0.0641 0.0626 0.0959  
26305 15 1.1422 1.0570 0.1215 0.3180 475862752.1940 0.0000 1989473437.2135 777580.1304 1443969425.2533 16861911153.9637 19267790538.4227 7781486354.0431 2286831213.0620 176920018.6724 23182273.6384 21452626.2340 21763513.8984 22207827.1392 542.2618 0.0945 0.0006 0.0004 0.0105 0.1319 1.1495 2.7652 2.8257 2.7845 2.7247 0.2179 0.0038 0.0342 0.0808 0.1147 0.1548 0.1707 0.1721 0.1731 0.1761 0.1804 1.6453 0.2822 0.1867 0.1546 0.1346 0.1323 0.1250 0.1144 0.1138 0.1135 0.1131 0.1941  
26305 29 0.8412 0.8780 0.0314 0.1032 30129156.0233 901217.8615 169806334.5938 135125.7379 137412.3625 22228581.3403 236874339.2316 544305564.9529 582233763.4252 384539304.0912 221307221.6290 138965104.0842 100995520.3249 85702119.9913 97.3865 5.0804 1.3917 0.3456 0.0445 0.0097 0.0148 0.0436 0.1072 0.1958 0.2608 0.2107 0.0008 0.0082 0.0282 0.0621 0.1093 0.1664 0.2317 0.3016 0.3756 0.4292 2.5550 0.2648 0.1118 0.0877 0.0769 0.0680 0.0610 0.0544 0.0490 0.0448 0.0426 0.0714  
26305 30 1.3321 1.1926 0.0043 0.0220 36633785.3963 3167819.4007 225940322.4334 59133.5492 2504635.0198 74824320.7632 118255661.9390 74287860.5835 40319256.0137 25368693.9932 23222395.6994 23103185.0925 23099231.0726 23099231.0726 13.2960 0.0089 0.1095 0.3330 0.2713 0.0530 0.0090 0.0069 0.0068 0.0068 0.0068 0.3822 0.0092 0.1152 0.3963 0.8329 1.2515 1.4225 1.4449 1.4461 1.4461 1.4461 1.4461 0.1819 0.1276 0.0967 0.0746 0.0618 0.0569 0.0563 0.0563 0.0563 0.0563 0.0896  
26305 35 0.8974 0.9049 0.1962 0.2829 9285728.7345 3185.9967 86112631.4000 8568.0050 741051.3448 9560381.0052 28923479.6170 48784253.6064 37882192.4205 20145860.3410 13093014.2429 11832415.0838 11566095.1028 11344286.6218 0.0363 0.4072 1.3425 0.6743 0.1811 0.1721 0.1107 0.0345 0.0118 0.0095 0.0093 0.0103 0.0143 0.1168 0.2527 0.3549 0.4242 0.4826 0.5057 0.5111 0.5149 0.5194 1.4702 0.1344 0.1105 0.0805 0.0744 0.0725 0.0699 0.0669 0.0660 0.0659 0.0658 0.0598  
26305 36 0.8768 0.8774 0.0583 0.1009 145750736.4068 955800.3140 209336529.8220 254989.8700 17684968762.5021 31311056264.4770 20223163020.5592 7359057466.9346 678841131.6161 164161369.3127 150176856.7568 150176856.7568 150158081.3386 150139305.9204 4160.2806 0.0983 0.0999 0.1337 0.1346 0.1357 0.1391 0.1395 0.1395 0.1395 0.1395 0.1346 0.0007 0.0052 0.0090 0.0171 0.0213 0.0216 0.0216 0.0216 0.0216 0.0216 1.4359 0.1945 0.1703 0.1340 0.1333 0.1263 0.1027 0.0999 0.0999 0.0999 0.0999 0.1338  
35065 4 0.8744 0.9613 0.0408 0.0399 56088292.8400 19416800.7515 1445565710.7183 302483.8975 312501.4579 29386837.1326 104580020.6064 124039701.2417 124800354.4339 124811906.1991 124811906.1991 124811906.1991 124811906.1991 124811906.1991 96.0550 0.1893 0.0540 0.0452 0.0381 0.0384 0.0385 0.0385 0.0385 0.0385 0.0385 0.0379 0.0416 0.5143 1.3000 1.5275 1.5374 1.5376 1.5376 1.5376 1.5376 1.5376 1.5376 0.1073 0.0709 0.0604 0.0566 0.0563 0.0563 0.0563 0.0563 0.0563 0.0563 0.0571  
35065 12 0.9474 0.9482 0.0025 0.0026 11018354.8502 33628.7990 4718509733.4461 1261440.8363 3007847.3939 1088155504.0666 7031434565.1407 5013411245.6348 1119343816.7458 493221021.5196 277779843.0766 117732080.6561 41941177.8516 18714340.4292 8.9733 0.1133 0.0016 0.0021 0.0023 0.0025 0.0026 0.0027 0.0027 0.0030 0.0033 0.0057 0.0186 0.1372 0.2786 0.3810 0.4352 0.4703 0.5138 0.5480 0.5643 0.5693 1.1640 0.1473 0.0823 0.0755 0.0731 0.0699 0.0661 0.0658 0.0656 0.0649 0.0638 0.0908  
35065 15 1.3692 1.1492 0.0113 0.0461 77593947.5418 0.0000 2551871311.8086 888179.1869 1515783446.8692 19604121696.4576 23584494486.1449 10446705203.3746 3068393141.6908 210954242.9171 2749439.0222 413888.5300 855074.6545 1485593.2232 602.0375 0.3120 0.0030 0.0004 0.0010 0.0077 0.1301 2.9459 5.4331 4.3389 3.4981 0.0089 0.0038 0.0342 0.0808 0.1147 0.1548 0.1707 0.1721 0.1731 0.1761 0.1804 1.6453 0.2847 0.1883 0.1536 0.1345 0.1333 0.1330 0.1245 0.1114 0.1084 0.1062 0.2025  
35065 29 0.9882 0.9233 0.0166 0.0391 23696016.4310 884331.8197 145833784.9042 113671.8912 35779.0909 7378418.8471 153333091.8859 465242225.9306 580973418.7533 386714804.5540 209850559.2929 120892087.0688 79784658.5161 63293472.7775 100.0015 5.9213 1.3313 0.1036 0.0194 0.0091 0.0138 0.0421 0.1066 0.1959 0.2627 0.0336 0.0008 0.0082 0.0282 0.0621 0.1093 0.1664 0.2317 0.3016 0.3756 0.4292 2.5550 0.2873 0.1101 0.0830 0.0742 0.0671 0.0613 0.0549 0.0494 0.0453 0.0429 0.0675  
35065 30 0.9740 1.0857 0.0031 0.0275 59112801.5127 1503832.9032 304326711.7171 78772.4498 2555082.9747 76029535.7180 110436511.3678 78002774.3796 56333902.7850 35028942.5396 30962017.8636 30713455.6675 30704445.9424 30704445.9424 13.4066 0.0151 0.2106 0.6036 0.2866 0.0565 0.0161 0.0108 0.0105 0.0105 0.0105 0.5777 0.0092 0.1152 0.3963 0.8329 1.2515 1.4225 1.4449 1.4461 1.4461 1.4461 1.4461 0.1812 0.1280 0.0968 0.0712 0.0617 0.0573 0.0563 0.0563 0.0563 0.0563 0.0864  
35065 35 0.9149 0.9111 0.1823 0.3556 8567609.2062 23019.2018 71539233.3450 7688.7977 635133.7345 8208501.7598 23322524.7105 40801371.7652 32463628.4907 18171407.5820 12477856.3016 11448632.7675 11205037.0239 10988613.5231 0.0339 0.3924 1.6087 0.9369 0.2010 0.1834 0.1133 0.0340 0.0120 0.0099 0.0096 0.0106 0.0143 0.1168 0.2527 0.3549 0.4242 0.4826 0.5057 0.5111 0.5149 0.5194 1.4702 0.1338 0.1112 0.0809 0.0743 0.0724 0.0697 0.0668 0.0660 0.0659 0.0658 0.0598  
35065 36 0.8625 0.8986 0.0579 0.1003 129887990.8776 1156699.5653 184537309.0146 223567.0897 14256088555.2596 26579658126.1627 18291352695.8457 6647097253.3571 596923128.0390 130785202.4504 118119631.1365 118119631.1365 118104863.5784 118090096.0202 3764.6008 0.0982 0.1001 0.1338 0.1349 0.1359 0.1398 0.1403 0.1403 0.1403 0.1403 0.1348 0.0007 0.0052 0.0090 0.0171 0.0213 0.0216 0.0216 0.0216 0.0216 0.0216 1.4359 0.1945 0.1689 0.1340 0.1334 0.1270 0.1030 0.0999 0.0999 0.0999 0.0999 0.1338  
43825 4 1.0165 0.9928 0.0184 0.0171 17539189.4910 14654163.5322 1436492862.4758 264504.8639 469401.6873 23412850.1190 91774788.2726 124208338.9253 126125562.9408 126156912.5705 126156912.5705 126156912.5705 126156912.5705 126156912.5705 97.0908 0.1632 0.0227 0.0146 0.0139 0.0139 0.0139 0.0139 0.0139 0.0139 0.0139 0.0139 0.0416 0.5143 1.3000 1.5275 1.5374 1.5376 1.5376 1.5376 1.5376 1.5376 1.5376 0.1113 0.0764 0.0585 0.0564 0.0563 0.0563 0.0563 0.0563 0.0563 0.0563 0.0567  
43825 12 0.9577 0.9493 0.0022 0.0022 10844222.7069 26889.1760 4667232788.0321 1195031.4433 956015.4989 517092666.4807 5735743587.3303 4798483461.2205 1479185218.6669 824916721.4073 468819519.3528 196267047.5333 67199722.3829 27646050.9780 3.1924 0.1732 0.0019 0.0021 0.0022 0.0023 0.0024 0.0025 0.0025 0.0026 0.0029 0.0137 0.0186 0.1372 0.2786 0.3810 0.4352 0.4703 0.5138 0.5480 0.5643 0.5693 1.1640 0.1744 0.0785 0.0741 0.0726 0.0687 0.0660 0.0659 0.0657 0.0654 0.0646 0.0773  
43825 15 1.2431 1.0613 0.0043 0.0102 23228606.5066 0.0000 2988145053.1038 1216055.8527 1082487253.7878 18098801982.3323 26540253234.5036 13593277547.6689 4024913331.1051 276631811.4774 3493375.5064 298643.9855 494956.8310 775516.2394 372.1847 0.1191 0.0007 0.0003 0.0006 0.0021 0.0318 1.9424 7.7156 5.8475 4.4442 0.0073 0.0038 0.0342 0.0808 0.1147 0.1548 0.1707 0.1721 0.1731 0.1761 0.1804 1.6453 0.2833 0.1819 0.1522 0.1343 0.1333 0.1333 0.1311 0.1101 0.1060 0.1036 0.2027  
43825 29 0.9472 0.9237 0.0166 0.0249 27003433.2566 1191693.2139 120082034.0538 112332.6290 23105.6989 4204917.9710 103022352.1789 400810730.6117 565522069.5452 379282391.1027 194770652.5509 100347831.4081 57257544.1751 40748142.8921 101.0796 6.0703 1.4712 0.0505 0.0170 0.0108 0.0187 0.0606 0.1583 0.2959 0.4020 0.0107 0.0008 0.0082 0.0282 0.0621 0.1093 0.1664 0.2317 0.3016 0.3756 0.4292 2.5550 0.2855 0.1154 0.0810 0.0721 0.0665 0.0615 0.0554 0.0500 0.0458 0.0434 0.0671  
43825 30 1.2069 0.9066 0.0217 0.0404 78731079.1353 51522.8546 360968364.8427 76725.4615 1804433.6605 43497137.9396 50962185.7038 56316474.4657 56074421.5688 44032277.6908 41579678.7045 41429583.1148 41424290.3582 41424290.3582 7.2140 0.0406 0.4954 1.1519 0.4716 0.0786 0.0258 0.0196 0.0192 0.0192 0.0192 1.0031 0.0092 0.1152 0.3963 0.8329 1.2515 1.4225 1.4449 1.4461 1.4461 1.4461 1.4461 0.1815 0.1279 0.0959 0.0699 0.0608 0.0570 0.0563 0.0563 0.0563 0.0563 0.0848  
43825 35 0.8727 0.8821 0.1134 0.3183 7688433.7587 51847.0410 65231578.1862 7034.6984 386876.4419 5515501.6306 16205631.9229 32587903.4618 27151125.6359 16142665.3182 11738979.9533 10930508.9003 10711494.2052 10504125.2263 0.0315 0.3841 1.3767 0.7349 0.2139 0.2010 0.1172 0.0344 0.0130 0.0110 0.0108 0.0117 0.0143 0.1168 0.2527 0.3549 0.4242 0.4826 0.5057 0.5111 0.5149 0.5194 1.4702 0.1329 0.1109 0.0799 0.0741 0.0722 0.0694 0.0667 0.0660 0.0659 0.0658 0.0598  
43825 36 0.8378 0.8796 0.0580 0.1003 108067271.7365 684127.0961 161360888.8080 192830.5420 11080982431.3529 21867576843.5288 16011534499.9161 5813761413.0115 512416831.0937 103972757.0256 92874800.5993 92874800.5993 92863189.2015 92851577.8038 3296.6943 0.0984 0.1003 0.1345 0.1353 0.1362 0.1400 0.1406 0.1406 0.1406 0.1406 0.1352 0.0007 0.0052 0.0090 0.0171 0.0213 0.0216 0.0216 0.0216 0.0216 0.0216 1.4359 0.1944 0.1667 0.1340 0.1335 0.1277 0.1034 0.0999 0.0999 0.0999 0.0999 0.1338  
52609 4 0.9859 1.0013 0.0172 0.0162 19876187.6993 15614722.8692 1428133514.8545 268861.4833 583256.8016 27403079.3082 93658427.8276 123742664.1456 125505183.7495 125533967.9730 125533967.9730 125533967.9730 125533967.9730 125533967.9730 96.8954 0.1591 0.0257 0.0166 0.0155 0.0154 0.0154 0.0154 0.0154 0.0154 0.0154 0.0155 0.0416 0.5143 1.3000 1.5275 1.5374 1.5376 1.5376 1.5376 1.5376 1.5376 1.5376 0.1108 0.0777 0.0588 0.0564 0.0563 0.0563 0.0563 0.0563 0.0563 0.0563 0.0568  
52609 12 0.9591 0.9502 0.0022 0.0022 10971714.1683 26897.2881 4545606514.9266 1144494.6230 937992.0442 323147328.3616 4594723358.1262 4281893407.9547 1763495354.1925 1123720152.2469 641513607.2463 267253243.5782 90022312.5752 35708656.7781 2.4800 0.1981 0.0025 0.0021 0.0022 0.0024 0.0025 0.0025 0.0025 0.0026 0.0028 0.0202 0.0186 0.1372 0.2786 0.3810 0.4352 0.4703 0.5138 0.5480 0.5643 0.5693 1.1640 0.1888 0.0761 0.0735 0.0721 0.0678 0.0660 0.0659 0.0658 0.0655 0.0650 0.0698  
52609 15 1.1045 0.9844 0.0031 0.0060 18723711.9210 0.0000 3133694249.7875 1511628.9084 630320118.8254 15108083689.6185 25954356441.0708 15554751830.5198 4640667296.3612 318907494.7328 3970951.2126 238953.3127 323824.8384 445118.5578 231.7079 0.1785 0.0006 0.0002 0.0003 0.0014 0.0215 1.4447 8.2570 6.8604 5.5859 0.0095 0.0038 0.0342 0.0808 0.1147 0.1548 0.1707 0.1721 0.1731 0.1761 0.1804 1.6453 0.2821 0.1757 0.1506 0.1341 0.1333 0.1333 0.1319 0.1114 0.1078 0.1053 0.2027  
52609 29 0.8763 0.9191 0.0242 0.0398 25724461.4724 1087673.5026 96001154.6739 106401.1741 34953.4395 2442501.0296 68260296.6029 347855671.0821 539665656.2203 363774453.9231 176254034.9103 78671841.6051 36894070.1064 22620697.8574 98.9045 6.0303 2.3623 0.1018 0.0234 0.0132 0.0234 0.0791 0.2150 0.4046 0.5510 0.0115 0.0008 0.0082 0.0282 0.0621 0.1093 0.1664 0.2317 0.3016 0.3756 0.4292 2.5550 0.2797 0.1311 0.0795 0.0703 0.0661 0.0616 0.0559 0.0508 0.0467 0.0441 0.0671  
52609 30 1.0942 1.0494 0.0147 0.0349 76695201.9265 184345.0339 383056416.9679 92601.9680 2342960.7930 61353403.5285 57594522.5789 38377114.1992 46782947.9581 48375177.2468 48397751.1226 48395073.9742 48394965.4039 48394965.4039 6.4915 0.0387 0.5054 1.3164 0.5271 0.0628 0.0224 0.0183 0.0181 0.0181 0.0181 1.2900 0.0092 0.1152 0.3963 0.8329 1.2515 1.4225 1.4449 1.4461 1.4461 1.4461 1.4461 0.1797 0.1316 0.1026 0.0691 0.0596 0.0568 0.0563 0.0563 0.0563 0.0563 0.0858  
52609 35 0.8951 0.9114 0.1446 0.4087 7034284.0145 47557.8249 57517886.2561 6138.9882 509997.8245 6801057.7751 13908724.7696 25682651.6840 21805013.9744 14060430.8691 10957950.3632 10372635.1135 10179387.8414 9982412.7854 0.0293 0.3907 1.4683 1.0664 0.2445 0.2186 0.1203 0.0346 0.0142 0.0123 0.0121 0.0128 0.0143 0.1168 0.2527 0.3549 0.4242 0.4826 0.5057 0.5111 0.5149 0.5194 1.4702 0.1328 0.1122 0.0811 0.0741 0.0720 0.0690 0.0665 0.0659 0.0659 0.0658 0.0598  
52609 36 0.9033 0.9373 0.0577 0.1001 93581567.0369 659736.7387 150441910.8363 161554.6199 9921798532.4983 19899142805.2448 14809554936.9539 5369574376.2878 461523413.5860 83380792.8928 73106164.1616 73106164.1616 73097024.2793 73087884.3969 3049.7424 0.0982 0.1000 0.1326 0.1341 0.1349 0.1388 0.1395 0.1395 0.1395 0.1395 0.1340 0.0007 0.0052 0.0090 0.0171 0.0213 0.0216 0.0216 0.0216 0.0216 0.0216 1.4359 0.1944 0.1672 0.1340 0.1335 0.1283 0.1039 0.0999 0.0999 0.0999 0.0999 0.1338  
61369 4 0.9973 0.9851 0.0168 0.0157 19367602.6660 15255132.7053 1407509203.5023 265057.1213 420205.7691 21901294.3338 89110386.8293 122032275.8956 123954816.3734 123986135.2572 123986135.2572 123986135.2572 123986135.2572 123986135.2572 95.4314 0.1526 0.0229 0.0160 0.0153 0.0153 0.0153 0.0153 0.0153 0.0153 0.0153 0.0153 0.0416 0.5143 1.3000 1.5275 1.5374 1.5376 1.5376 1.5376 1.5376 1.5376 1.5376 0.1108 0.0761 0.0584 0.0563 0.0563 0.0563 0.0563 0.0563 0.0563 0.0563 0.0567  
61369 12 0.9548 0.9512 0.0023 0.0022 10974548.5094 31425.8007 4419711538.0636 1097649.0964 1862413.3714 229749292.9368 3541251411.4550 3717537169.5930 2024311118.3303 1407579845.6036 805713193.8195 334750104.2023 111725755.1122 43378470.9221 2.7187 0.1783 0.0033 0.0022 0.0022 0.0024 0.0025 0.0025 0.0025 0.0026 0.0027 0.0256 0.0186 0.1372 0.2786 0.3810 0.4352 0.4703 0.5138 0.5480 0.5643 0.5693 1.1640 0.1910 0.0758 0.0733 0.0714 0.0672 0.0659 0.0659 0.0658 0.0656 0.0652 0.0744  
61369 15 1.1004 0.9938 0.0040 0.0065 21763153.0438 0.0000 3322741294.7208 1669662.4168 845079892.9631 13112036738.4238 24456114673.3348 17591983853.1844 5287764083.7519 363393442.2167 4539454.4064 265514.7350 299287.6160 347554.0413 255.7423 0.1849 0.0007 0.0003 0.0004 0.0015 0.0237 1.5624 8.7460 8.0400 7.2111 0.0122 0.0038 0.0342 0.0808 0.1147 0.1548 0.1707 0.1721 0.1731 0.1761 0.1804 1.6453 0.2856 0.1779 0.1488 0.1339 0.1333 0.1333 0.1315 0.1130 0.1112 0.1093 0.2027  
61369 29 0.8057 0.9149 0.0354 0.0523 22927246.8355 676921.2809 76058136.0918 93240.6474 15320.3709 932224.3514 40709893.7467 300667074.9052 509018100.4848 344863138.9492 156727629.6033 57774345.1056 20334792.2820 10139821.9074 95.0396 6.1625 2.5951 0.1355 0.0305 0.0164 0.0289 0.0982 0.2862 0.5660 0.7685 0.0119 0.0008 0.0082 0.0282 0.0621 0.1093 0.1664 0.2317 0.3016 0.3756 0.4292 2.5550 0.2823 0.1309 0.0762 0.0687 0.0658 0.0617 0.0566 0.0520 0.0479 0.0452 0.0671  
61369 30 0.9384 0.9632 0.0235 0.0365 83936876.5177 46037.3089 392506028.3744 101321.6834 1957163.7688 46782363.7883 44061928.8235 35292561.9854 44789717.7519 49773755.0070 50560840.1756 50606900.0490 50608603.1537 50608603.1537 5.1259 0.0532 0.6440 1.4953 0.7055 0.0687 0.0218 0.0192 0.0191 0.0191 0.0191 1.5308 0.0092 0.1152 0.3963 0.8329 1.2515 1.4225 1.4449 1.4461 1.4461 1.4461 1.4461 0.1770 0.1302 0.1011 0.0710 0.0590 0.0566 0.0563 0.0563 0.0563 0.0563 0.0882  
61369 35 0.8506 0.8958 0.1248 0.4366 6138742.4328 95069.4985 53260170.7211 5495.1460 402038.1390 5281030.0417 12363466.6904 19897457.2509 17131104.7947 12157507.2464 10163077.8086 9768679.3512 9599541.6911 9414247.5382 0.0273 0.4403 1.6133 1.1313 0.2669 0.2340 0.1187 0.0333 0.0146 0.0129 0.0127 0.0134 0.0143 0.1168 0.2527 0.3549 0.4242 0.4826 0.5057 0.5111 0.5149 0.5194 1.4702 0.1333 0.1119 0.0816 0.0743 0.0717 0.0686 0.0664 0.0659 0.0659 0.0658 0.0598  
61369 36 0.9405 0.9756 0.0581 0.1005 88963824.2578 692066.7333 140967739.8044 145935.5596 9642665601.7073 19259650736.4303 14273172572.6763 5166681588.8836 432168904.1962 67396604.5180 57485262.6577 57485262.6577 57478075.7325 57470888.8072 2939.5025 0.0988 0.1006 0.1320 0.1339 0.1348 0.1396 0.1405 0.1405 0.1405 0.1405 0.1338 0.0007 0.0052 0.0090 0.0171 0.0213 0.0216 0.0216 0.0216 0.0216 0.0216 1.4359 0.1945 0.1676 0.1340 0.1336 0.1291 0.1046 0.0999 0.0999 0.0999 0.0999 0.1338  
70129 4 0.9895 0.9970 0.0173 0.0160 19930272.5945 15010849.9865 1394700725.3563 264334.3036 450130.9186 26578095.8827 92022856.3861 120583503.3941 122233905.2320 122260751.7646 122260751.7646 122260751.7646 122260751.7646 122260751.7646 94.4237 0.1744 0.0234 0.0163 0.0157 0.0157 0.0157 0.0157 0.0157 0.0157 0.0157 0.0158 0.0416 0.5143 1.3000 1.5275 1.5374 1.5376 1.5376 1.5376 1.5376 1.5376 1.5376 0.1107 0.0771 0.0587 0.0564 0.0563 0.0563 0.0563 0.0563 0.0563 0.0563 0.0568  
70129 12 0.9547 0.9523 0.0023 0.0022 10920102.7352 39359.5662 4254082809.1117 1048013.6001 3156209.2825 174995070.1099 2702535991.5516 3228909189.4950 2197221917.0921 1607190388.5081 921307393.4769 382225224.0417 126943202.2753 48710392.2905 3.1783 0.1679 0.0045 0.0022 0.0023 0.0025 0.0025 0.0025 0.0025 0.0026 0.0027 0.0263 0.0186 0.1372 0.2786 0.3810 0.4352 0.4703 0.5138 0.5480 0.5643 0.5693 1.1640 0.1909 0.0769 0.0731 0.0707 0.0668 0.0659 0.0659 0.0658 0.0657 0.0653 0.0808  
70129 15 1.0966 1.0523 0.0042 0.0067 26005988.7110 0.0000 3576051820.5594 1837349.7890 1274072100.2061 14366398783.4374 24879269147.8414 19509035569.8639 5882519117.9383 404484684.0627 5281394.4244 514904.1219 517405.3747 520980.2665 453.9919 0.2149 0.0010 0.0002 0.0003 0.0015 0.0249 1.5863 7.7539 7.5119 7.1847 0.0091 0.0038 0.0342 0.0808 0.1147 0.1548 0.1707 0.1721 0.1731 0.1761 0.1804 1.6453 0.2861 0.1874 0.1469 0.1338 0.1333 0.1333 0.1310 0.1136 0.1129 0.1120 0.2027  
70129 29 0.6797 0.9121 0.0473 0.1013 18266535.8231 594361.6092 61263137.4727 75124.8444 25703.2794 203329.6900 24418873.3628 259032270.5205 465883477.4179 320326690.6423 139380406.7276 41716857.3634 9394668.8232 3269354.8272 87.3756 6.1416 4.6904 0.3077 0.0476 0.0226 0.0352 0.1035 0.3195 0.7596 1.1119 0.0151 0.0008 0.0082 0.0282 0.0621 0.1093 0.1664 0.2317 0.3016 0.3756 0.4292 2.5550 0.2742 0.1624 0.0718 0.0673 0.0655 0.0617 0.0573 0.0537 0.0499 0.0469 0.0671  
70129 30 1.0674 1.1090 0.0263 0.0349 79715202.3142 58897.3089 401922488.1867 95081.3782 2623169.3499 73924778.8617 71547750.4015 41111923.5379 45917513.6554 50849493.9092 51659332.2221 51706496.7568 51708190.1994 51708190.1994 7.4993 0.0396 0.4380 1.1695 0.6616 0.0637 0.0215 0.0191 0.0189 0.0189 0.0189 1.3362 0.0092 0.1152 0.3963 0.8329 1.2515 1.4225 1.4449 1.4461 1.4461 1.4461 1.4461 0.1753 0.1307 0.1027 0.0721 0.0590 0.0566 0.0563 0.0563 0.0563 0.0563 0.0897  
70129 35 1.0168 0.9299 0.1393 0.4937 5494934.6197 101975.3879 48253787.9048 4674.1669 523566.9883 6185834.2658 12198999.2053 15907118.4787 13667142.3137 10658465.4338 9453763.3802 9196199.7420 9046105.2351 8871564.3642 0.0253 0.4508 1.6695 1.3277 0.2970 0.2448 0.1150 0.0326 0.0160 0.0145 0.0143 0.0151 0.0143 0.1168 0.2527 0.3549 0.4242 0.4826 0.5057 0.5111 0.5149 0.5194 1.4702 0.1339 0.1124 0.0829 0.0747 0.0714 0.0682 0.0663 0.0659 0.0659 0.0658 0.0598  
70129 36 0.8972 0.9065 0.0582 0.1007 86381524.2005 718437.9621 132391413.0403 137249.9384 6932040717.8534 16246885336.2838 13828036438.8156 5002074149.9137 408693874.5571 54795173.7325 45179280.0217 45179280.0217 45173631.6156 45167983.2095 2849.9219 0.0984 0.1007 0.1342 0.1352 0.1359 0.1401 0.1410 0.1410 0.1410 0.1410 0.1352 0.0007 0.0052 0.0090 0.0171 0.0213 0.0216 0.0216 0.0216 0.0216 0.0216 1.4359 0.1944 0.1636 0.1340 0.1336 0.1299 0.1055 0.0999 0.0999 0.0999 0.0999 0.1338  
78889 4 0.9883 0.9912 0.0180 0.0164 19955640.1011 14744346.2139 1397181903.4816 261553.6456 370624.1645 23146683.8061 88793013.0091 119698457.4483 121476791.5227 121505655.2446 121505655.2446 121505655.2446 121505655.2446 121505655.2446 93.7013 0.1892 0.0250 0.0170 0.0160 0.0159 0.0159 0.0159 0.0159 0.0159 0.0159 0.0160 0.0416 0.5143 1.3000 1.5275 1.5374 1.5376 1.5376 1.5376 1.5376 1.5376 1.5376 0.1109 0.0763 0.0586 0.0564 0.0563 0.0563 0.0563 0.0563 0.0563 0.0563 0.0567  
78889 12 0.9390 0.9527 0.0024 0.0023 10925429.6505 41791.5163 4040080725.2597 1000567.3274 3425940.8264 145167016.9753 2189261404.4623 2877214878.0966 2222103730.8059 1663661075.6078 954294550.0873 395664081.1704 131125012.7184 50055344.3013 3.3630 0.1595 0.0053 0.0023 0.0024 0.0026 0.0026 0.0026 0.0026 0.0027 0.0028 0.0246 0.0186 0.1372 0.2786 0.3810 0.4352 0.4703 0.5138 0.5480 0.5643 0.5693 1.1640 0.1893 0.0783 0.0729 0.0701 0.0666 0.0659 0.0659 0.0658 0.0657 0.0654 0.0835  
78889 15 1.0524 0.9888 0.0050 0.0086 37655913.9393 0.0000 3691110039.5238 2014757.0626 663253585.2283 11996624266.4437 25285575513.7159 20645819739.8649 6233604217.9526 429228689.3592 6241880.6360 1180593.3646 1151596.3591 1110156.0264 250.6647 0.2156 0.0006 0.0001 0.0003 0.0019 0.0325 1.8286 6.0553 6.0148 5.9539 0.0183 0.0038 0.0342 0.0808 0.1147 0.1548 0.1707 0.1721 0.1731 0.1761 0.1804 1.6453 0.2840 0.1804 0.1463 0.1337 0.1333 0.1333 0.1294 0.1138 0.1137 0.1134 0.2026  
78889 29 0.8552 0.9266 0.0317 0.0577 11726263.4459 308681.0385 52558170.4185 51060.4273 21057.5252 80646.6781 20680741.7449 232392541.2737 422672967.4431 293287722.3962 125403503.6129 33114475.1576 4787528.7776 875230.6829 78.9270 6.1645 5.2893 0.1400 0.0238 0.0232 0.0366 0.0789 0.2208 0.6826 1.3438 0.0194 0.0008 0.0082 0.0282 0.0621 0.1093 0.1664 0.2317 0.3016 0.3756 0.4292 2.5550 0.2950 0.1759 0.0690 0.0668 0.0654 0.0617 0.0577 0.0554 0.0533 0.0508 0.0671  
78889 30 1.0301 1.0360 0.0271 0.0376 92111762.4895 61919.3101 421254473.4140 101490.8865 2660540.5120 71870439.3652 76093280.3391 52305656.9731 52712974.9693 52541590.5840 52524125.7656 52524470.0189 52524660.2799 52524660.2799 8.8859 0.0389 0.4523 1.1581 0.6403 0.0720 0.0222 0.0191 0.0190 0.0190 0.0190 1.2254 0.0092 0.1152 0.3963 0.8329 1.2515 1.4225 1.4449 1.4461 1.4461 1.4461 1.4461 0.1753 0.1297 0.1005 0.0723 0.0595 0.0566 0.0563 0.0563 0.0563 0.0563 0.0892  
78889 35 0.8184 0.9389 0.1364 0.5001 4673949.3387 178737.8061 41339204.0648 4752.4624 625044.9368 6990940.5309 11174615.0067 13305657.2226 11563042.0087 9590410.9868 8799478.3327 8615209.8332 8479086.5261 8315398.2705 0.0235 0.4493 1.5487 1.3646 0.2929 0.2391 0.1048 0.0304 0.0163 0.0150 0.0149 0.0154 0.0143 0.1168 0.2527 0.3549 0.4242 0.4826 0.5057 0.5111 0.5149 0.5194 1.4702 0.1340 0.1129 0.0836 0.0750 0.0711 0.0679 0.0662 0.0659 0.0659 0.0658 0.0598  
78889 36 0.8854 0.9133 0.0564 0.0968 80821025.1470 508546.5347 121793895.1764 123141.7468 5548439270.8730 14093475315.0267 12686125679.4498 4586450507.1662 369471627.0278 44572912.2310 35744985.3564 35744985.3564 35740516.4452 35736047.5339 2615.3284 0.0931 0.0955 0.1272 0.1281 0.1287 0.1332 0.1344 0.1344 0.1344 0.1344 0.1281 0.0007 0.0052 0.0090 0.0171 0.0213 0.0216 0.0216 0.0216 0.0216 0.0216 1.4359 0.1943 0.1609 0.1339 0.1336 0.1305 0.1063 0.0998 0.0998 0.0998 0.0998 0.1338  
87673 4 1.0451 1.0365 0.0169 0.0157 18974261.0171 15740911.0611 1436599675.4835 258483.2458 895040.9339 44467681.6938 104199528.1941 122309609.7653 123267456.1982 123282746.0103 123282746.0103 123282746.0103 123282746.0103 123282746.0103 96.5035 0.1704 0.0241 0.0162 0.0149 0.0148 0.0148 0.0148 0.0148 0.0148 0.0148 0.0150 0.0416 0.5143 1.3000 1.5275 1.5374 1.5376 1.5376 1.5376 1.5376 1.5376 1.5376 0.1110 0.0790 0.0599 0.0564 0.0563 0.0563 0.0563 0.0563 0.0563 0.0563 0.0572  
87673 12 0.9410 0.9537 0.0025 0.0024 10763152.6934 47246.3313 3819170963.2469 939552.5429 4324029.7591 130838677.1150 1850374409.5509 2606289294.7050 2175579414.4258 1649606686.9556 946561099.3417 392329232.1503 129873138.3726 49441822.5670 3.8133 0.1689 0.0068 0.0023 0.0025 0.0027 0.0027 0.0027 0.0027 0.0028 0.0029 0.0281 0.0186 0.1372 0.2786 0.3810 0.4352 0.4703 0.5138 0.5480 0.5643 0.5693 1.1640 0.1898 0.0804 0.0728 0.0697 0.0664 0.0659 0.0659 0.0659 0.0657 0.0654 0.0876  
87673 15 1.0426 0.9763 0.0043 0.0078 35244842.9180 0.0000 3769861116.4616 2120354.1042 660246680.7752 9871192270.9808 23768951260.4474 21725135679.8567 6581930077.1731 452911798.4951 6267358.8614 924771.5153 899350.9823 863021.8225 215.0743 0.1529 0.0005 0.0001 0.0002 0.0016 0.0290 1.6990 5.9993 5.9820 5.9554 0.0207 0.0038 0.0342 0.0808 0.1147 0.1548 0.1707 0.1721 0.1731 0.1761 0.1804 1.6453 0.2845 0.1792 0.1448 0.1336 0.1333 0.1333 0.1298 0.1139 0.1138 0.1137 0.2026  
87673 29 0.5284 0.9309 0.0284 0.0428 7975943.0579 129723.0700 47463377.7195 43668.2448 7524.4662 32863.4411 18514984.2984 208927021.5237 381080945.6910 266086670.0900 114161688.6853 29752981.6154 4005989.4534 619427.7672 70.9352 6.1910 5.3040 0.0732 0.0235 0.0285 0.0436 0.0651 0.1019 0.2327 0.5291 0.0226 0.0008 0.0082 0.0282 0.0621 0.1093 0.1664 0.2317 0.3016 0.3756 0.4292 2.5550 0.2963 0.1760 0.0678 0.0668 0.0653 0.0616 0.0578 0.0560 0.0556 0.0551 0.0671  
87673 30 1.0439 0.9288 0.0236 0.0365 82514055.5451 45917.7063 445157181.5846 104547.7005 1821656.2742 41228851.1541 43131817.2533 45802138.3928 56516427.3520 55946772.3560 55510380.1286 55479415.2399 55478268.4164 55478268.4164 6.0279 0.0469 0.6048 1.4059 0.5571 0.0676 0.0225 0.0191 0.0189 0.0189 0.0189 1.2849 0.0092 0.1152 0.3963 0.8329 1.2515 1.4225 1.4449 1.4461 1.4461 1.4461 1.4461 0.1752 0.1296 0.0984 0.0698 0.0596 0.0567 0.0563 0.0563 0.0563 0.0563 0.0859  
87673 35 1.0293 0.8794 0.1351 0.5211 4752183.0904 138266.0444 35060014.4688 3889.1914 350682.3291 4700528.9516 8890586.0311 9663224.6175 8859528.6739 8358422.7312 8151335.0257 8068946.2014 7948748.5876 7795426.3288 0.0217 0.4148 1.5610 1.2967 0.3774 0.2948 0.1190 0.0340 0.0186 0.0173 0.0171 0.0178 0.0143 0.1168 0.2527 0.3549 0.4242 0.4826 0.5057 0.5111 0.5149 0.5194 1.4702 0.1337 0.1116 0.0834 0.0751 0.0707 0.0676 0.0662 0.0659 0.0659 0.0658 0.0598  
87673 36 0.9520 0.9878 0.0552 0.0954 74452224.6466 649251.3161 113975330.9978 109034.5813 6106833567.5822 14090823269.4176 11850980414.8543 4280039265.6724 340143904.4704 36593192.8256 28345318.5156 28345318.5156 28341774.7258 28338230.9361 2442.5512 0.0928 0.0949 0.1247 0.1263 0.1268 0.1309 0.1321 0.1321 0.1321 0.1321 0.1263 0.0007 0.0052 0.0090 0.0171 0.0213 0.0216 0.0216 0.0216 0.0216 0.0216 1.4359 0.1944 0.1635 0.1339 0.1336 0.1309 0.1072 0.0998 0.0998 0.0998 0.0998 0.1338  
96433 4 1.0180 1.0104 0.0173 0.0162 20000649.7659 16300956.4697 1453827244.9677 270136.1929 685136.5225 37963981.1548 102002806.2523 125454983.0543 126741511.5044 126762343.2338 126762343.2338 126762343.2338 126762343.2338 126762343.2338 98.3942 0.1751 0.0245 0.0171 0.0155 0.0154 0.0154 0.0154 0.0154 0.0154 0.0154 0.0155 0.0416 0.5143 1.3000 1.5275 1.5374 1.5376 1.5376 1.5376 1.5376 1.5376 1.5376 0.1099 0.0775 0.0595 0.0564 0.0563 0.0563 0.0563 0.0563 0.0563 0.0563 0.0570  
96433 12 0.9355 0.9541 0.0027 0.0026 10774315.7731 47235.5345 3615246767.0739 884111.8952 3985185.4479 119466031.0638 1543035783.1532 2356346009.3236 2129560434.5320 1633940947.5245 937871014.1764 388608781.4556 128506072.8009 48795977.5777 4.5163 0.1689 0.0075 0.0024 0.0027 0.0028 0.0029 0.0029 0.0029 0.0029 0.0030 0.0248 0.0186 0.1372 0.2786 0.3810 0.4352 0.4703 0.5138 0.5480 0.5643 0.5693 1.1640 0.1878 0.0823 0.0727 0.0694 0.0664 0.0659 0.0659 0.0659 0.0657 0.0655 0.0899  
96433 15 1.0337 0.9739 0.0036 0.0065 30551884.4278 0.0000 3766024485.3283 2210748.7800 810340234.8345 7941795056.5320 21911010872.7371 22688003751.9807 6896762439.2280 474266037.9765 6235243.4929 639615.8629 621093.5893 594622.8993 217.5809 0.1521 0.0005 0.0001 0.0002 0.0014 0.0242 1.5195 6.5182 6.5077 6.4916 0.0184 0.0038 0.0342 0.0808 0.1147 0.1548 0.1707 0.1721 0.1731 0.1761 0.1804 1.6453 0.2853 0.1832 0.1424 0.1335 0.1333 0.1333 0.1305 0.1139 0.1138 0.1138 0.2026  
96433 29 0.6545 0.9374 0.0294 0.0610 5266189.8034 118398.4913 43487187.9528 23075.9279 26378.1172 139376.5881 16862904.4235 189170392.5242 346058902.5502 243519794.1079 105317981.4355 27547847.4414 3709879.8351 573206.9120 64.1945 5.6486 4.4295 0.1702 0.0204 0.0229 0.0334 0.0466 0.0645 0.1232 0.2618 0.0218 0.0008 0.0082 0.0282 0.0621 0.1093 0.1664 0.2317 0.3016 0.3756 0.4292 2.5550 0.2651 0.1695 0.0699 0.0668 0.0653 0.0616 0.0578 0.0560 0.0557 0.0554 0.0671  
96433 30 1.0494 0.9629 0.0198 0.0328 71032433.5928 52421.9624 452084554.8053 109132.4621 2104039.2854 39124770.6536 27692761.0942 27889192.9650 50224601.6564 58338623.2149 59101190.9648 59132945.9924 59133548.0506 59133548.0506 2.8949 0.0467 0.6681 1.7863 0.6092 0.0566 0.0219 0.0190 0.0189 0.0189 0.0189 1.8335 0.0092 0.1152 0.3963 0.8329 1.2515 1.4225 1.4449 1.4461 1.4461 1.4461 1.4461 0.1744 0.1337 0.1024 0.0678 0.0587 0.0566 0.0563 0.0563 0.0563 0.0563 0.0873  
96433 35 0.9560 0.8823 0.1382 0.5390 3889045.3140 188915.7253 39021546.2835 4003.2798 212244.4272 3250924.7398 6573151.8461 6736032.3671 6789687.4769 7362979.1772 7579865.5656 7571957.0740 7464578.9495 7320424.2400 0.0201 0.4204 1.6324 1.3879 0.3843 0.2839 0.1030 0.0319 0.0199 0.0189 0.0188 0.0192 0.0143 0.1168 0.2527 0.3549 0.4242 0.4826 0.5057 0.5111 0.5149 0.5194 1.4702 0.1324 0.1110 0.0837 0.0752 0.0700 0.0671 0.0661 0.0659 0.0659 0.0658 0.0598  
96433 36 0.9497 0.9827 0.0552 0.0954 69247382.9584 522475.0969 104136515.9753 103800.0484 6499748636.7084 13944771354.0876 11049089412.8012 3986800857.5916 313181991.2428 30146651.5892 22456206.3967 22456206.3967 22453398.8758 22450591.3549 2276.7384 0.0935 0.0954 0.1251 0.1268 0.1272 0.1315 0.1331 0.1331 0.1331 0.1331 0.1267 0.0007 0.0052 0.0090 0.0171 0.0213 0.0216 0.0216 0.0216 0.0216 0.0216 1.4359 0.1944 0.1654 0.1340 0.1337 0.1313 0.1081 0.0998 0.0998 0.0998 0.0998 0.1338  
