8761 4 0.7899 0.7980 0.1532 0.1921 23964782.3353 20567417.6092 251088057.3596 27882.3687 610377.9533 30492404.0019 34437164.1803 12408073.4336 10815936.5490 10789288.2417 10789288.2417 10789288.2417 10789288.2417 10789288.2417 9.7091 0.5248 0.2582 0.2250 0.2072 0.2005 0.2003 0.2003 0.2003 0.2003 0.2003 0.2081 0.0416 0.5143 1.3000 1.5275 1.5374 1.5376 1.5376 1.5376 1.5376 1.5376 1.5376 0.1126 0.0800 0.0662 0.0577 0.0563 0.0563 0.0563 0.0563 0.0563 0.0563 0.0643  
8761 12 1.6176 0.6936 0.0175 0.0300 16485630.1331 3469366.0711 1227325182.1159 42713.0640 761499132.6112 4112423070.0017 1569247849.2764 349434679.0091 93776721.1442 54330423.2216 33675023.8663 17893860.8681 10420096.3700 8129352.7905 293.3132 0.5652 0.0187 0.0264 0.0411 0.0458 0.0470 0.0479 0.0499 0.0528 0.0546 0.0141 0.0186 0.1372 0.2786 0.3810 0.4352 0.4703 0.5138 0.5480 0.5643 0.5693 1.1640 0.1876 0.1136 0.0852 0.0730 0.0674 0.0657 0.0651 0.0638 0.0620 0.0608 0.1153  
8761 15 0.7665 0.6294 0.2000 0.1789 584122936.8635 0.0000 1666896912.5574 460366.6478 995917451.0746 12015528294.0799 8893185689.2175 3170236843.8291 1536195215.3350 931999360.8123 886546642.9604 877968835.6358 854470513.6469 820888447.6274 1191.9667 1.0840 0.0080 0.0019 0.0369 0.2510 0.4557 0.4777 0.4782 0.4789 0.4800 0.2225 0.0038 0.0342 0.0808 0.1147 0.1548 0.1707 0.1721 0.1731 0.1761 0.1804 1.6453 0.2764 0.1999 0.1550 0.1330 0.1231 0.1148 0.1139 0.1139 0.1138 0.1137 0.1614  
8761 29 0.7087 0.6443 0.0585 0.1148 72825607.9498 199390415.0517 214737698.6608 90706.0519 2249010.6839 307084209.6341 798153473.9962 742892307.3366 514451072.1999 344341018.2487 234052948.6239 170674857.3905 143258719.0169 134123906.9467 146.7500 4.9621 1.3365 0.2718 0.0701 0.0442 0.0922 0.2811 0.5146 0.6441 0.6895 0.1508 0.0008 0.0082 0.0282 0.0621 0.1093 0.1664 0.2317 0.3016 0.3756 0.4292 2.5550 0.1652 0.1184 0.1034 0.0842 0.0694 0.0597 0.0529 0.0479 0.0442 0.0422 0.0966  
8761 30 0.1237 0.8878 0.0167 0.0368 21053797.5406 28040.4377 167864314.3823 3869.7450 25.0506 4904.6354 1137388.0010 9804516.5369 19373714.6259 21481043.6065 21567493.1425 21567223.1131 21567028.7753 21567028.7753 0.4986 1.1386 3.4576 0.8763 0.2101 0.0637 0.0299 0.0243 0.0239 0.0239 0.0239 0.2951 0.0092 0.1152 0.3963 0.8329 1.2515 1.4225 1.4449 1.4461 1.4461 1.4461 1.4461 0.1304 0.0881 0.0691 0.0639 0.0595 0.0568 0.0563 0.0563 0.0563 0.0563 0.0663  
8761 35 0.9356 0.4563 0.2765 0.5665 12156010.8748 1755908.2854 104983722.9168 11746.7594 3257570.1549 40622234.7717 61715918.5778 65707010.8411 44892116.1270 23012882.7255 14421993.0660 12896982.4992 12597592.6491 12360039.9274 0.0418 0.4524 1.8637 1.7945 0.2479 0.1876 0.1302 0.0620 0.0421 0.0401 0.0399 0.0426 0.0143 0.1168 0.2527 0.3549 0.4242 0.4826 0.5057 0.5111 0.5149 0.5194 1.4702 0.1347 0.1125 0.0838 0.0758 0.0726 0.0699 0.0669 0.0660 0.0658 0.0658 0.0598  
8761 36 0.4136 0.5424 0.0435 0.1021 166064291.1304 1508066.5345 260181724.2807 72971.0678 32669977005.6343 48471293157.2080 23436625954.0375 8556531487.5002 853281280.8191 259781494.3854 243655352.1154 243655352.1154 243624889.8243 243594427.5332 4810.4178 1.3338 0.1361 0.1395 0.1398 0.1424 0.1484 0.1489 0.1489 0.1489 0.1489 0.1396 0.0007 0.0052 0.0090 0.0171 0.0213 0.0216 0.0216 0.0216 0.0216 0.0216 1.4359 0.1897 0.1726 0.1293 0.1282 0.1191 0.0979 0.0960 0.0960 0.0960 0.0960 0.1289  
17545 4 5.5376 2.0663 0.0497 0.0559 16183360.0020 4987138.9052 623544356.8459 17184.9304 1758958.8559 82012600.8684 90271530.4835 36034596.7799 32120071.8366 32054297.8198 32054297.8198 32054297.8198 32054297.8198 32054297.8198 28.9878 0.1801 0.0466 0.0403 0.0374 0.0365 0.0365 0.0365 0.0365 0.0365 0.0365 0.0369 0.0416 0.5143 1.3000 1.5275 1.5374 1.5376 1.5376 1.5376 1.5376 1.5376 1.5376 0.1131 0.0802 0.0657 0.0575 0.0563 0.0563 0.0563 0.0563 0.0563 0.0563 0.0631  
17545 12 1.3640 1.5041 0.0096 0.0134 18011917.9480 184304.0104 2563459199.4979 678816.7848 896676356.2406 5625482597.0415 4023936319.7283 1520282242.7925 277089862.9203 105424646.3304 60969705.6531 28833885.1280 13615439.2357 8951322.0803 328.6245 0.1013 0.0044 0.0085 0.0141 0.0160 0.0171 0.0174 0.0179 0.0188 0.0196 0.0030 0.0186 0.1372 0.2786 0.3810 0.4352 0.4703 0.5138 0.5480 0.5643 0.5693 1.1640 0.1864 0.1056 0.0816 0.0739 0.0697 0.0660 0.0654 0.0645 0.0627 0.0613 0.1089  
17545 15 0.9723 1.1257 0.2409 0.2084 427307689.8868 18412.8381 1536513632.5482 670332.6250 1436994924.7416 15365300476.1352 12236388352.4221 4174546071.5073 1479427386.2749 469021373.6193 394769034.1977 390378089.5149 380130037.3511 365484281.7171 1019.3784 0.1086 0.0007 0.0004 0.0203 0.2034 0.6145 0.6966 0.6975 0.6971 0.6964 0.1969 0.0038 0.0342 0.0808 0.1147 0.1548 0.1707 0.1721 0.1731 0.1761 0.1804 1.6453 0.2809 0.1942 0.1558 0.1343 0.1275 0.1161 0.1139 0.1139 0.1138 0.1137 0.1742  
17545 29 1.1738 0.8651 0.0528 0.0993 19878076.4484 808848.5411 194751354.2487 119261.4601 430184.7101 71494316.5493 453764835.9459 708552850.1946 542527292.9748 357243648.9895 230835893.5363 157093469.0600 123674392.4712 111595872.5306 85.7926 4.0263 0.8723 0.3202 0.0549 0.0093 0.0100 0.0262 0.0619 0.1102 0.1447 0.3182 0.0008 0.0082 0.0282 0.0621 0.1093 0.1664 0.2317 0.3016 0.3756 0.4292 2.5550 0.2343 0.1113 0.0937 0.0809 0.0696 0.0604 0.0539 0.0487 0.0445 0.0424 0.0827  
17545 30 1.2610 1.5161 0.0029 0.0075 3857985.3171 1339754.8037 170381151.5492 37486.6045 1526778.8062 42798111.2558 56289780.5025 20541458.1911 16049479.5108 21658618.4213 22778844.1053 22846256.5313 22848612.8986 22848612.8986 5.1783 0.0094 0.0452 0.1552 0.0908 0.0080 0.0046 0.0039 0.0039 0.0039 0.0039 0.2258 0.0092 0.1152 0.3963 0.8329 1.2515 1.4225 1.4449 1.4461 1.4461 1.4461 1.4461 0.1818 0.1304 0.1036 0.0754 0.0580 0.0564 0.0563 0.0563 0.0563 0.0563 0.0937  
17545 35 0.9318 0.8257 0.1942 0.2594 9666815.5279 2284.9156 94931943.1360 9748.8445 401450.9364 8945242.8098 40917997.2941 57761588.0591 42513182.2502 21819445.2467 13630295.3859 12176678.2625 11892071.5465 11666676.0073 0.0390 0.3946 1.4113 0.5624 0.1623 0.1583 0.1033 0.0318 0.0098 0.0076 0.0074 0.0083 0.0143 0.1168 0.2527 0.3549 0.4242 0.4826 0.5057 0.5111 0.5149 0.5194 1.4702 0.1321 0.1060 0.0809 0.0749 0.0726 0.0700 0.0669 0.0660 0.0659 0.0658 0.0598  
17545 36 0.8032 0.8554 0.0600 0.1037 72970109.3373 773035.1902 228829912.3223 307897.3655 23318905775.4032 37803186548.6901 21491976355.3561 7835306806.8506 752388552.1963 206682471.3050 191854939.2072 191854939.2072 191830953.1099 191806967.0125 4417.0989 0.0984 0.1043 0.1328 0.1336 0.1349 0.1388 0.1392 0.1392 0.1392 0.1392 0.1335 0.0007 0.0052 0.0090 0.0171 0.0213 0.0216 0.0216 0.0216 0.0216 0.0216 1.4359 0.1945 0.1734 0.1340 0.1331 0.1250 0.1022 0.0999 0.0999 0.0999 0.0999 0.1337  
26305 4 2.3529 1.6616 0.0234 0.0311 16842580.8632 44581996.2863 1101089520.1111 95164.0418 3364544.4553 141132692.6969 168692482.9979 79732296.5960 73160462.6822 73049876.9064 73049876.9064 73049876.9064 73049876.9064 73049876.9064 63.1134 0.1655 0.0354 0.0293 0.0268 0.0262 0.0262 0.0262 0.0262 0.0262 0.0262 0.0267 0.0416 0.5143 1.3000 1.5275 1.5374 1.5376 1.5376 1.5376 1.5376 1.5376 1.5376 0.1149 0.0797 0.0650 0.0572 0.0563 0.0563 0.0563 0.0563 0.0563 0.0563 0.0616  
26305 12 1.0030 0.9829 0.0053 0.0060 15994280.0799 229503.7362 3347069296.3198 925891.6440 145510616.1382 2612651847.7423 5346062233.9883 3132262850.8700 590693424.8630 217912049.7591 122725290.9287 54034857.3135 21506062.2867 11537116.4942 145.0474 0.1058 0.0037 0.0043 0.0059 0.0064 0.0069 0.0070 0.0073 0.0080 0.0089 0.0033 0.0186 0.1372 0.2786 0.3810 0.4352 0.4703 0.5138 0.5480 0.5643 0.5693 1.1640 0.1642 0.0948 0.0782 0.0735 0.0702 0.0661 0.0657 0.0652 0.0640 0.0624 0.0984  
26305 15 1.0749 1.2885 0.2018 0.3526 433649819.3283 0.0000 1765003256.1521 651762.5285 2503379447.5774 24920783888.9982 17561813933.6707 5782186091.3517 1683309811.7400 140756440.5574 28353326.7506 27056831.9394 27190870.8472 27382444.4366 1448.0965 0.1342 0.0010 0.0005 0.0131 0.1638 1.2571 2.5290 2.5612 2.5298 2.4837 0.1218 0.0038 0.0342 0.0808 0.1147 0.1548 0.1707 0.1721 0.1731 0.1761 0.1804 1.6453 0.2852 0.1985 0.1559 0.1348 0.1319 0.1232 0.1142 0.1138 0.1136 0.1133 0.1964  
26305 29 0.8157 0.9050 0.0183 0.0512 31160583.2677 1089629.1600 164862821.1852 139984.6539 74743.3853 20836887.3211 323464789.1294 616300881.2464 523979392.7808 361945500.1521 226907690.5734 139238394.8961 96991444.9397 81153236.9259 72.2345 5.5225 0.9254 0.1453 0.0249 0.0101 0.0164 0.0454 0.1123 0.2098 0.2807 0.1270 0.0008 0.0082 0.0282 0.0621 0.1093 0.1664 0.2317 0.3016 0.3756 0.4292 2.5550 0.2822 0.1060 0.0854 0.0788 0.0690 0.0604 0.0543 0.0492 0.0449 0.0426 0.0696  
26305 30 1.0948 1.0091 0.0043 0.0284 37466410.0488 1621659.9301 183814103.0159 47272.3652 1549141.4304 41421315.4848 49267730.7171 24987595.0197 21664570.1492 22727797.7633 22946177.0979 22958937.0624 22959319.5940 22959319.5940 4.9278 0.0241 0.3273 0.8337 0.5465 0.0652 0.0128 0.0114 0.0114 0.0114 0.0114 0.9781 0.0092 0.1152 0.3963 0.8329 1.2515 1.4225 1.4449 1.4461 1.4461 1.4461 1.4461 0.1824 0.1297 0.0997 0.0737 0.0596 0.0565 0.0563 0.0563 0.0563 0.0563 0.0903  
26305 35 0.8275 0.9089 0.2318 0.3057 9723875.1798 3355.0908 85457541.0148 9084.3788 497162.6446 8376688.4562 30646777.0291 49610444.8704 37992949.2123 19920503.4447 12742694.5693 11463895.0810 11203024.9108 10990567.1898 0.0364 0.4365 1.5779 0.7473 0.1892 0.1783 0.1158 0.0361 0.0121 0.0097 0.0095 0.0104 0.0143 0.1168 0.2527 0.3549 0.4242 0.4826 0.5057 0.5111 0.5149 0.5194 1.4702 0.1336 0.1093 0.0807 0.0745 0.0726 0.0700 0.0669 0.0660 0.0659 0.0658 0.0598  
26305 36 0.8700 0.8686 0.0583 0.1009 138403975.7424 828043.0135 196476600.8791 247309.9317 17678551313.7440 30441925578.6019 18941802758.5787 6897815019.7819 645664877.6945 163965635.4839 150877247.9191 150877247.9191 150858384.9366 150839521.9541 3895.5977 0.0984 0.0999 0.1344 0.1353 0.1364 0.1400 0.1404 0.1404 0.1404 0.1404 0.1352 0.0007 0.0052 0.0090 0.0171 0.0213 0.0216 0.0216 0.0216 0.0216 0.0216 1.4359 0.1945 0.1710 0.1340 0.1333 0.1259 0.1025 0.0999 0.0999 0.0999 0.0999 0.1338  
35065 4 1.1095 1.0749 0.0339 0.0339 42162757.6464 14275634.2092 1294163891.4147 223909.4824 1138456.6935 58753113.4576 117705521.6593 107435684.3713 106136910.5076 106114069.5380 106114069.5380 106114069.5380 106114069.5380 106114069.5380 83.3778 0.2094 0.0417 0.0356 0.0330 0.0326 0.0326 0.0326 0.0326 0.0326 0.0326 0.0330 0.0416 0.5143 1.3000 1.5275 1.5374 1.5376 1.5376 1.5376 1.5376 1.5376 1.5376 0.1128 0.0763 0.0618 0.0567 0.0563 0.0563 0.0563 0.0563 0.0563 0.0563 0.0578  
35065 12 0.9660 0.9568 0.0033 0.0034 11539033.6915 102794.0501 3581739200.3985 928644.7687 33504149.7715 947237041.5499 4993313195.2458 3794598613.9853 910842943.4125 427038893.1666 241691720.2538 102846056.9063 37095381.4417 16945428.0256 44.7149 0.1224 0.0031 0.0028 0.0032 0.0034 0.0037 0.0037 0.0038 0.0041 0.0046 0.0043 0.0186 0.1372 0.2786 0.3810 0.4352 0.4703 0.5138 0.5480 0.5643 0.5693 1.1640 0.1694 0.0894 0.0752 0.0730 0.0695 0.0661 0.0658 0.0656 0.0648 0.0636 0.0960  
35065 15 1.5522 1.1228 0.0120 0.0605 81233324.7418 0.0000 2263595801.3954 700581.2950 2175282256.8004 25647304737.8380 23780806477.8645 8083764672.3633 2331297156.0890 160191166.0963 2002533.4795 268251.7749 721042.5489 1368145.7607 1094.2602 0.0970 0.0007 0.0004 0.0012 0.0109 0.1808 2.8671 4.9668 3.8318 3.1031 0.0047 0.0038 0.0342 0.0808 0.1147 0.1548 0.1707 0.1721 0.1731 0.1761 0.1804 1.6453 0.2836 0.1903 0.1556 0.1349 0.1333 0.1328 0.1240 0.1101 0.1075 0.1058 0.2026  
35065 29 0.9365 0.9279 0.0107 0.0208 23362960.7811 891099.1349 142607523.8209 114185.2389 33405.3728 13578165.4243 267220707.1852 538506047.4428 490646313.8703 356589230.3931 220982374.4453 124298440.1691 77024289.1675 59756570.9985 66.8755 6.1359 0.8573 0.0411 0.0132 0.0089 0.0148 0.0415 0.1053 0.1999 0.2702 0.0276 0.0008 0.0082 0.0282 0.0621 0.1093 0.1664 0.2317 0.3016 0.3756 0.4292 2.5550 0.3132 0.1046 0.0837 0.0781 0.0683 0.0602 0.0546 0.0498 0.0454 0.0430 0.0673  
35065 30 1.0722 1.2329 0.0040 0.0291 47250909.7809 1074565.9775 199527182.6118 51751.8184 2522812.3487 73251904.7797 85550874.8814 32617293.6235 22781697.7615 24620099.9532 25088146.9541 25116961.1834 25117904.7880 25117904.7880 8.5270 0.0232 0.2766 0.7906 0.5115 0.0581 0.0157 0.0137 0.0136 0.0136 0.0136 1.0162 0.0092 0.1152 0.3963 0.8329 1.2515 1.4225 1.4449 1.4461 1.4461 1.4461 1.4461 0.1816 0.1303 0.1023 0.0754 0.0597 0.0566 0.0563 0.0563 0.0563 0.0563 0.0928  
35065 35 0.9537 0.9139 0.2548 0.3419 8662388.9772 3201.5915 71693508.7766 7516.9317 542357.7850 8549936.9836 25366875.7828 41663377.4219 32469337.8240 17749058.2985 11895917.4900 10844488.1444 10610428.4767 10409312.4972 0.0339 0.4098 1.5658 0.8739 0.2001 0.1838 0.1157 0.0353 0.0122 0.0100 0.0098 0.0107 0.0143 0.1168 0.2527 0.3549 0.4242 0.4826 0.5057 0.5111 0.5149 0.5194 1.4702 0.1330 0.1104 0.0810 0.0744 0.0725 0.0698 0.0668 0.0660 0.0659 0.0658 0.0598  
35065 36 0.8529 0.9101 0.0576 0.1001 115208664.7046 665652.8284 162763961.0561 215165.9988 16310254693.8210 26936238260.8984 15766149147.9559 5734880438.9328 530661805.0214 129700836.9044 118806210.8751 118806210.8751 118791357.4793 118776504.0835 3241.3986 0.0985 0.0998 0.1324 0.1338 0.1349 0.1387 0.1391 0.1391 0.1391 0.1391 0.1337 0.0007 0.0052 0.0090 0.0171 0.0213 0.0216 0.0216 0.0216 0.0216 0.0216 1.4359 0.1945 0.1720 0.1341 0.1333 0.1263 0.1027 0.0999 0.0999 0.0999 0.0999 0.1338  
43825 4 0.9891 1.0037 0.0219 0.0205 21404855.2779 16922456.4694 1327375436.1469 248430.1839 484897.8239 28044916.6217 93156082.7864 114135289.2181 115121343.7872 115136901.2299 115136901.2299 115136901.2299 115136901.2299 115136901.2299 88.6580 0.2532 0.0290 0.0195 0.0181 0.0180 0.0179 0.0179 0.0179 0.0179 0.0179 0.0181 0.0416 0.5143 1.3000 1.5275 1.5374 1.5376 1.5376 1.5376 1.5376 1.5376 1.5376 0.1136 0.0754 0.0595 0.0564 0.0563 0.0563 0.0563 0.0563 0.0563 0.0563 0.0568  
43825 12 0.9562 0.9540 0.0030 0.0029 11092324.5339 75920.4712 3501146773.4596 897048.4528 14909912.4069 455971997.3281 4421893256.6345 3714477969.4606 1060925201.7194 564387654.9655 320693873.6769 135201581.5060 47361489.4847 20442131.7838 15.2654 0.1547 0.0043 0.0027 0.0029 0.0031 0.0033 0.0033 0.0034 0.0036 0.0040 0.0102 0.0186 0.1372 0.2786 0.3810 0.4352 0.4703 0.5138 0.5480 0.5643 0.5693 1.1640 0.1806 0.0849 0.0738 0.0726 0.0688 0.0660 0.0658 0.0657 0.0652 0.0643 0.0948  
43825 15 1.1937 1.0103 0.0014 0.0047 8103277.6042 0.0000 2599173594.2049 1087466.6675 1075995783.5674 21811462587.5673 26361359709.9418 10559074472.8717 3081062333.9219 211645367.3227 2553497.4135 127269.0859 334254.6456 630066.8158 629.6463 0.1522 0.0007 0.0003 0.0004 0.0008 0.0081 0.6037 5.0139 2.7812 1.8707 0.0012 0.0038 0.0342 0.0808 0.1147 0.1548 0.1707 0.1721 0.1731 0.1761 0.1804 1.6453 0.2758 0.1809 0.1547 0.1348 0.1333 0.1333 0.1327 0.1034 0.1008 0.1001 0.2028  
43825 29 0.9436 0.9252 0.0121 0.0158 25840570.3153 1104189.0741 119795043.6531 106935.7848 13831.0524 10638909.5411 215258935.1964 462824447.4462 464014394.9150 354149469.0389 213940208.8184 107224862.0405 56102908.4908 38721485.0221 64.4640 6.2174 0.4691 0.0197 0.0121 0.0107 0.0198 0.0560 0.1464 0.2898 0.4002 0.0110 0.0008 0.0082 0.0282 0.0621 0.1093 0.1664 0.2317 0.3016 0.3756 0.4292 2.5550 0.3230 0.0969 0.0833 0.0773 0.0676 0.0599 0.0549 0.0505 0.0461 0.0435 0.0671  
43825 30 1.1330 1.1021 0.0042 0.0329 51729736.1777 1468391.7725 229571640.1109 55489.3015 2316656.7852 69871365.1009 101679933.3100 52493223.0604 30794153.6309 27339582.3093 27059212.8219 27046217.1173 27045677.5107 27045677.5107 9.9977 0.0215 0.2238 0.6417 0.4506 0.0701 0.0159 0.0135 0.0134 0.0134 0.0134 0.7815 0.0092 0.1152 0.3963 0.8329 1.2515 1.4225 1.4449 1.4461 1.4461 1.4461 1.4461 0.1810 0.1277 0.0983 0.0755 0.0607 0.0566 0.0563 0.0563 0.0563 0.0563 0.0919  
43825 35 0.7656 0.8792 0.1009 0.3213 7516556.0808 52540.8618 62870527.1075 7168.7902 249013.8009 4087183.1067 17670794.9653 34408993.5425 28018959.9241 15926037.2095 11098419.7442 10223773.5313 10012467.6808 9822747.3266 0.0316 0.4509 1.7104 0.7749 0.2007 0.1910 0.1153 0.0345 0.0127 0.0106 0.0104 0.0112 0.0143 0.1168 0.2527 0.3549 0.4242 0.4826 0.5057 0.5111 0.5149 0.5194 1.4702 0.1341 0.1094 0.0800 0.0742 0.0723 0.0695 0.0667 0.0660 0.0659 0.0658 0.0598  
43825 36 0.8272 0.8883 0.0576 0.0999 85781031.0493 693655.6772 133867399.9130 183510.4198 14178795279.3665 22899182409.7197 12936882346.2422 4702085471.2485 431424228.2416 102389537.7893 93449240.6957 93449240.6957 93437557.4802 93425874.2648 2659.1942 0.0983 0.0998 0.1335 0.1347 0.1358 0.1397 0.1402 0.1402 0.1402 0.1402 0.1346 0.0007 0.0052 0.0090 0.0171 0.0213 0.0216 0.0216 0.0216 0.0216 0.0216 1.4359 0.1945 0.1726 0.1341 0.1334 0.1266 0.1028 0.0999 0.0999 0.0999 0.0999 0.1338  
52609 4 0.9956 0.9922 0.0181 0.0175 19627802.0462 15530830.9544 1328950603.5125 245723.9622 355741.7357 21679591.5867 87295720.8758 114061048.9291 115461256.2383 115483698.4782 115483698.4782 115483698.4782 115483698.4782 115483698.4782 88.6970 0.2603 0.0280 0.0177 0.0167 0.0166 0.0166 0.0166 0.0166 0.0166 0.0166 0.0167 0.0416 0.5143 1.3000 1.5275 1.5374 1.5376 1.5376 1.5376 1.5376 1.5376 1.5376 0.1137 0.0755 0.0586 0.0564 0.0563 0.0563 0.0563 0.0563 0.0563 0.0563 0.0567  
52609 12 0.9549 0.9582 0.0030 0.0029 10969025.5201 82898.4006 3349283063.3818 857716.4933 19072534.7652 377885551.4153 3920267144.9311 3435757298.8381 1122750702.9475 645627371.4879 367779720.5092 154415893.3492 53377303.1338 22413210.7630 12.7616 0.1548 0.0059 0.0028 0.0030 0.0032 0.0033 0.0033 0.0034 0.0035 0.0039 0.0156 0.0186 0.1372 0.2786 0.3810 0.4352 0.4703 0.5138 0.5480 0.5643 0.5693 1.1640 0.1871 0.0852 0.0735 0.0724 0.0683 0.0660 0.0658 0.0657 0.0653 0.0645 0.0977  
52609 15 1.1329 0.9646 0.0011 0.0020 7199016.2354 0.0000 2714660533.8600 1298133.2908 587307366.3542 17528990215.6049 25713056282.1969 12246005984.7743 3611404125.4304 248069057.9351 2976668.9967 81061.1329 172660.8083 303569.9462 330.8113 0.2302 0.0007 0.0003 0.0004 0.0007 0.0064 0.4854 6.4374 4.0987 2.8450 0.0018 0.0038 0.0342 0.0808 0.1147 0.1548 0.1707 0.1721 0.1731 0.1761 0.1804 1.6453 0.2767 0.1750 0.1531 0.1344 0.1333 0.1333 0.1329 0.1059 0.1021 0.1008 0.2028  
52609 29 0.9227 0.9207 0.0175 0.0223 25470998.3609 1125400.8565 98721761.8143 100907.6519 37855.2516 8652632.2212 175192044.8882 397809277.6984 431779386.3262 345208028.5171 203063438.2068 88708137.4706 36944601.7867 21527346.0161 60.1979 6.1802 1.0691 0.0369 0.0152 0.0130 0.0253 0.0728 0.1969 0.4013 0.5608 0.0153 0.0008 0.0082 0.0282 0.0621 0.1093 0.1664 0.2317 0.3016 0.3756 0.4292 2.5550 0.3187 0.1107 0.0833 0.0765 0.0670 0.0598 0.0553 0.0514 0.0470 0.0443 0.0671  
52609 30 1.1450 0.9494 0.0043 0.0344 55469454.5180 919637.9102 273894377.2382 62869.0174 1366045.6376 41130882.2125 69342939.2814 54299628.8513 39606707.1684 32713852.2255 31596800.2809 31530492.6998 31527917.5640 31527917.5640 7.1585 0.0268 0.2978 0.7491 0.4108 0.0707 0.0181 0.0145 0.0144 0.0143 0.0143 0.8413 0.0092 0.1152 0.3963 0.8329 1.2515 1.4225 1.4449 1.4461 1.4461 1.4461 1.4461 0.1807 0.1264 0.0945 0.0723 0.0611 0.0568 0.0563 0.0563 0.0563 0.0563 0.0884  
52609 35 1.0918 0.8866 0.1687 0.3726 7168412.2115 22206.0972 55847761.8562 5488.1502 229640.4228 3408196.6552 13917314.4063 26889514.8007 22459010.5313 13739013.9959 10251203.6610 9606700.5810 9422880.4991 9245110.5781 0.0294 0.4243 1.8086 0.9108 0.2412 0.2203 0.1265 0.0368 0.0142 0.0120 0.0118 0.0127 0.0143 0.1168 0.2527 0.3549 0.4242 0.4826 0.5057 0.5111 0.5149 0.5194 1.4702 0.1352 0.1100 0.0800 0.0741 0.0722 0.0693 0.0666 0.0659 0.0658 0.0658 0.0598  
52609 36 0.8326 0.8916 0.0555 0.0973 70166895.7137 521693.9096 110062277.8844 151791.6669 12418392478.1487 19583943420.8143 10628535890.8765 3860107606.8393 351420688.9833 81092594.8811 73747431.2465 73747431.2465 73738211.1917 73728991.1368 2184.1796 0.0949 0.0965 0.1302 0.1315 0.1325 0.1364 0.1369 0.1369 0.1369 0.1369 0.1314 0.0007 0.0052 0.0090 0.0171 0.0213 0.0216 0.0216 0.0216 0.0216 0.0216 1.4359 0.1945 0.1735 0.1341 0.1334 0.1268 0.1029 0.0999 0.0999 0.0999 0.0999 0.1338  
61369 4 1.0275 1.0234 0.0181 0.0168 19463632.2806 15768589.0351 1352908253.0227 244632.6414 656376.8210 32685885.8267 98396811.7091 115884823.0481 116566485.1503 116576712.8975 116576712.8975 116576712.8975 116576712.8975 116576712.8975 90.1939 0.2387 0.0289 0.0173 0.0160 0.0159 0.0159 0.0159 0.0159 0.0159 0.0159 0.0160 0.0416 0.5143 1.3000 1.5275 1.5374 1.5376 1.5376 1.5376 1.5376 1.5376 1.5376 0.1147 0.0775 0.0595 0.0564 0.0563 0.0563 0.0563 0.0563 0.0563 0.0563 0.0569  
61369 12 0.9453 0.9576 0.0031 0.0030 10979364.5996 76843.0400 3196138755.4996 819062.8951 16651205.3746 348780960.8218 3487538450.7982 3148470794.7733 1156549568.7271 703524632.2527 401460381.4505 168116612.7692 57616576.0592 23752988.0153 12.6648 0.1714 0.0062 0.0029 0.0031 0.0033 0.0035 0.0035 0.0035 0.0037 0.0040 0.0155 0.0186 0.1372 0.2786 0.3810 0.4352 0.4703 0.5138 0.5480 0.5643 0.5693 1.1640 0.1852 0.0858 0.0735 0.0722 0.0680 0.0660 0.0659 0.0658 0.0654 0.0647 0.0973  
61369 15 1.0262 0.9930 0.0007 0.0016 6443091.3843 0.0000 2795282808.2247 1470661.0303 945970843.1193 16096401009.2011 24660806413.2497 13383326258.4139 3974298549.2416 272987558.1314 3262559.0035 55122.1364 95068.6695 152158.0318 312.9215 0.1617 0.0007 0.0003 0.0003 0.0006 0.0052 0.4002 7.4563 5.4297 4.0245 0.0017 0.0038 0.0342 0.0808 0.1147 0.1548 0.1707 0.1721 0.1731 0.1761 0.1804 1.6453 0.2824 0.1769 0.1517 0.1342 0.1333 0.1333 0.1330 0.1084 0.1040 0.1020 0.2028  
61369 29 0.8987 0.9151 0.0208 0.0270 23801179.3476 882440.4960 79977672.9864 93110.7636 21933.3438 6882328.8536 142160464.1202 340627148.5304 397039377.6628 330406685.6265 188067390.9253 69590876.7771 21073092.2657 9623980.3603 55.1979 6.2956 0.7772 0.0364 0.0214 0.0177 0.0331 0.0912 0.2573 0.5633 0.7961 0.0144 0.0008 0.0082 0.0282 0.0621 0.1093 0.1664 0.2317 0.3016 0.3756 0.4292 2.5550 0.3300 0.1049 0.0830 0.0758 0.0664 0.0596 0.0557 0.0526 0.0485 0.0456 0.0671  
61369 30 1.1715 1.3647 0.0037 0.0288 62849624.7055 974666.4444 320864611.6061 71987.4579 4261348.0794 113563616.5786 148106130.6747 70350597.2481 43661212.6926 38317532.6748 37609224.9671 37567936.8133 37566244.4118 37566244.4118 15.0445 0.0223 0.1980 0.6241 0.3766 0.0554 0.0165 0.0134 0.0132 0.0132 0.0132 0.8080 0.0092 0.1152 0.3963 0.8329 1.2515 1.4225 1.4449 1.4461 1.4461 1.4461 1.4461 0.1823 0.1305 0.1002 0.0741 0.0607 0.0568 0.0563 0.0563 0.0563 0.0563 0.0914  
61369 35 0.7447 0.9198 0.0973 0.3997 5487968.2965 143746.4697 50153771.5890 5992.1423 338086.4389 4753969.1181 12588421.4224 21751176.1384 18326357.6310 12006423.4313 9477876.0128 8999141.8815 8837408.3220 8671337.4108 0.0273 0.4242 1.6487 1.0733 0.2180 0.2028 0.1092 0.0312 0.0131 0.0114 0.0112 0.0118 0.0143 0.1168 0.2527 0.3549 0.4242 0.4826 0.5057 0.5111 0.5149 0.5194 1.4702 0.1356 0.1113 0.0812 0.0742 0.0719 0.0689 0.0665 0.0659 0.0658 0.0658 0.0598  
61369 36 0.8258 0.8756 0.0546 0.0954 58425813.9498 492894.2607 91369857.9452 126376.2155 10141509167.8561 16158339556.6768 8924805354.3234 3239424664.4660 291614666.6372 64499544.1985 58328532.2288 58328532.2288 58321239.8763 58313947.5237 1834.3598 0.0930 0.0947 0.1274 0.1283 0.1295 0.1341 0.1347 0.1347 0.1347 0.1347 0.1283 0.0007 0.0052 0.0090 0.0171 0.0213 0.0216 0.0216 0.0216 0.0216 0.0216 1.4359 0.1945 0.1733 0.1341 0.1334 0.1271 0.1031 0.0998 0.0998 0.0998 0.0998 0.1338  
70129 4 0.9955 0.9957 0.0183 0.0173 20523669.1013 15995664.7452 1366847534.7066 251348.3083 426540.9129 23144120.4846 90637952.7321 117012067.9297 118323010.0283 118343749.6067 118343749.6067 118343749.6067 118343749.6067 118343749.6067 91.0798 0.2615 0.0289 0.0181 0.0168 0.0167 0.0167 0.0167 0.0167 0.0167 0.0167 0.0168 0.0416 0.5143 1.3000 1.5275 1.5374 1.5376 1.5376 1.5376 1.5376 1.5376 1.5376 0.1138 0.0755 0.0588 0.0564 0.0563 0.0563 0.0563 0.0563 0.0563 0.0563 0.0567  
70129 12 0.9560 0.9720 0.0032 0.0030 10882204.3748 108594.9576 3058868274.0700 774281.5264 41257766.6645 458149410.9361 3169414727.2219 2907628833.4903 1156963563.4170 727647087.0490 415632437.2337 173788219.6670 59262832.9769 24165669.8821 22.2908 0.1460 0.0071 0.0029 0.0032 0.0035 0.0036 0.0036 0.0036 0.0038 0.0040 0.0112 0.0186 0.1372 0.2786 0.3810 0.4352 0.4703 0.5138 0.5480 0.5643 0.5693 1.1640 0.1869 0.0928 0.0735 0.0720 0.0677 0.0660 0.0659 0.0658 0.0655 0.0648 0.1044  
70129 15 1.0212 0.9828 0.0008 0.0016 6501755.2991 0.0000 2777788147.4536 1509166.2017 1020052564.6629 14795795667.6494 23978066831.5399 13724220827.9931 4085875963.0409 280648518.3222 3349343.3714 43424.6070 59888.1545 83416.9503 243.4897 0.1964 0.0008 0.0003 0.0003 0.0005 0.0055 0.4193 8.3733 7.0607 5.8210 0.0021 0.0038 0.0342 0.0808 0.1147 0.1548 0.1707 0.1721 0.1731 0.1761 0.1804 1.6453 0.2840 0.1769 0.1508 0.1341 0.1333 0.1333 0.1331 0.1111 0.1073 0.1046 0.2028  
70129 29 0.8262 0.9164 0.0240 0.0299 19316127.8244 663290.3019 66155772.1016 83675.4035 18123.5526 5459719.1165 115081024.7342 294506591.2073 366319750.7475 309896349.0841 169853502.8439 53694468.9411 10789252.1636 3285431.0765 51.5923 6.2967 0.7102 0.0344 0.0227 0.0225 0.0404 0.0944 0.2655 0.6944 1.1036 0.0156 0.0008 0.0082 0.0282 0.0621 0.1093 0.1664 0.2317 0.3016 0.3756 0.4292 2.5550 0.3345 0.1040 0.0827 0.0752 0.0660 0.0596 0.0562 0.0541 0.0508 0.0476 0.0671  
70129 30 1.1928 0.9910 0.0045 0.0329 71958230.9971 1329810.5290 395680868.1673 84330.8669 2299507.7141 67115977.8871 117336766.1885 91950984.6129 59005138.5480 46098977.6087 44432145.5686 44343172.1267 44340101.4780 44340101.4780 12.5376 0.0267 0.2360 0.6065 0.3615 0.0679 0.0174 0.0142 0.0140 0.0140 0.0140 0.6666 0.0092 0.1152 0.3963 0.8329 1.2515 1.4225 1.4449 1.4461 1.4461 1.4461 1.4461 0.1826 0.1261 0.0941 0.0734 0.0613 0.0568 0.0563 0.0563 0.0563 0.0563 0.0886  
70129 35 0.9930 0.9154 0.1527 0.4577 5991770.0585 46728.8841 44771170.1027 4462.4647 564693.6997 7076460.0711 11309724.4198 16550521.3076 14137106.4209 10236599.2676 8675161.4663 8363775.0856 8224859.9573 8071303.8595 0.0254 0.4341 1.3470 1.1314 0.3088 0.2669 0.1335 0.0377 0.0170 0.0151 0.0149 0.0157 0.0143 0.1168 0.2527 0.3549 0.4242 0.4826 0.5057 0.5111 0.5149 0.5194 1.4702 0.1346 0.1123 0.0823 0.0745 0.0717 0.0685 0.0664 0.0659 0.0658 0.0658 0.0598  
70129 36 0.8143 0.8701 0.0547 0.0946 48275139.9796 378125.7308 73957050.9328 104366.4509 8423537089.0424 13287515651.8183 7214258846.3189 2617608735.4854 234733464.9955 51143949.6203 46155584.5877 46155584.5877 46149814.1220 46144043.6563 1482.6292 0.0926 0.0943 0.1274 0.1283 0.1294 0.1336 0.1342 0.1342 0.1342 0.1342 0.1282 0.0007 0.0052 0.0090 0.0171 0.0213 0.0216 0.0216 0.0216 0.0216 0.0216 1.4359 0.1945 0.1732 0.1341 0.1334 0.1273 0.1032 0.0998 0.0998 0.0998 0.0998 0.1338  
78889 4 1.0345 1.0299 0.0181 0.0168 20078285.2042 16558769.6996 1406896260.7435 250221.1471 927139.8053 36573905.1977 103233830.5013 119651331.7312 120219514.2515 120227742.5709 120227742.5709 120227742.5709 120227742.5709 120227742.5709 93.2250 0.2623 0.0297 0.0174 0.0160 0.0159 0.0159 0.0159 0.0159 0.0159 0.0159 0.0160 0.0416 0.5143 1.3000 1.5275 1.5374 1.5376 1.5376 1.5376 1.5376 1.5376 1.5376 0.1156 0.0782 0.0596 0.0564 0.0563 0.0563 0.0563 0.0563 0.0563 0.0563 0.0570  
78889 12 0.9683 0.9817 0.0034 0.0032 11034319.8427 119980.0517 2949710279.6542 740216.0808 57043156.4812 593698556.0202 2988698841.3110 2729966412.3859 1132969427.9676 724301639.4904 413897813.5510 172913789.6041 58795771.0494 23823462.8327 35.6654 0.1334 0.0068 0.0030 0.0034 0.0037 0.0038 0.0038 0.0038 0.0040 0.0042 0.0085 0.0186 0.1372 0.2786 0.3810 0.4352 0.4703 0.5138 0.5480 0.5643 0.5693 1.1640 0.1860 0.0961 0.0737 0.0719 0.0676 0.0660 0.0659 0.0658 0.0655 0.0649 0.1041  
78889 15 0.9541 1.0429 0.0007 0.0015 5828445.8221 0.0000 2798611783.9875 1541174.5270 2011301271.0794 17143315234.5609 24476194191.6479 13533080408.5521 4022646030.4906 276315084.4102 3307283.2151 49116.5148 55355.7801 64272.6099 394.7073 0.1584 0.0008 0.0001 0.0001 0.0004 0.0053 0.4198 8.7036 7.9651 7.1163 0.0015 0.0038 0.0342 0.0808 0.1147 0.1548 0.1707 0.1721 0.1731 0.1761 0.1804 1.6453 0.2856 0.1838 0.1509 0.1341 0.1333 0.1333 0.1331 0.1125 0.1100 0.1076 0.2028  
78889 29 0.6885 0.9230 0.0271 0.0357 13137712.4447 411589.6373 58358459.1732 69133.2263 31283.6938 4337144.4450 92352587.0521 253277016.3223 335549242.0852 290057115.9723 156722164.1515 45319072.2044 6485142.3016 1125468.1587 47.6399 6.2539 1.2283 0.0491 0.0266 0.0261 0.0419 0.0756 0.1830 0.5684 1.1893 0.0190 0.0008 0.0082 0.0282 0.0621 0.1093 0.1664 0.2317 0.3016 0.3756 0.4292 2.5550 0.3284 0.1144 0.0826 0.0744 0.0657 0.0595 0.0566 0.0553 0.0539 0.0518 0.0671  
78889 30 1.1381 1.0188 0.0090 0.0334 84303901.7026 416052.1661 478985161.3891 100588.5073 2624938.3050 69163168.8576 85417433.9811 68763172.6285 64489363.4869 58326755.9526 56973392.2760 56886501.6800 56883002.6028 56883002.6028 9.0781 0.0307 0.3514 0.9162 0.3930 0.0651 0.0198 0.0154 0.0151 0.0151 0.0151 0.9822 0.0092 0.1152 0.3963 0.8329 1.2515 1.4225 1.4449 1.4461 1.4461 1.4461 1.4461 0.1812 0.1296 0.0963 0.0708 0.0606 0.0569 0.0563 0.0563 0.0563 0.0563 0.0867  
78889 35 0.8831 0.9415 0.1359 0.4556 4462137.0757 174094.1941 44397346.5394 4431.2475 772296.7681 9167921.4332 10642162.8961 13502414.1753 11589404.9222 9005501.5949 7971563.1335 7752981.7093 7630285.7754 7488484.5519 0.0235 0.4163 1.1966 1.2005 0.2734 0.2379 0.1103 0.0318 0.0161 0.0147 0.0146 0.0151 0.0143 0.1168 0.2527 0.3549 0.4242 0.4826 0.5057 0.5111 0.5149 0.5194 1.4702 0.1342 0.1130 0.0836 0.0748 0.0714 0.0681 0.0663 0.0659 0.0658 0.0658 0.0598  
78889 36 0.8238 0.8803 0.0542 0.0941 11014951.7483 326864.2541 60760988.6341 84981.5212 7150981130.1320 11125099441.0242 5893807784.2712 2137395572.2845 190618399.9742 40628225.4428 36552797.8441 36552797.8441 36548227.9384 36543658.0328 1211.0748 0.0925 0.0940 0.1262 0.1272 0.1283 0.1328 0.1334 0.1334 0.1334 0.1334 0.1272 0.0007 0.0052 0.0090 0.0171 0.0213 0.0216 0.0216 0.0216 0.0216 0.0216 1.4359 0.1945 0.1739 0.1341 0.1334 0.1274 0.1032 0.0998 0.0998 0.0998 0.0998 0.1338  
87673 4 1.0388 1.0167 0.0171 0.0161 19820778.0273 16358622.3398 1441409283.7659 258849.3621 806532.6390 33061890.5150 102670521.2217 123341258.8088 124207684.6813 124220857.1822 124220857.1822 124220857.1822 124220857.1822 124220857.1822 96.1551 0.2884 0.0294 0.0165 0.0155 0.0154 0.0154 0.0154 0.0154 0.0154 0.0154 0.0155 0.0416 0.5143 1.3000 1.5275 1.5374 1.5376 1.5376 1.5376 1.5376 1.5376 1.5376 0.1161 0.0771 0.0594 0.0564 0.0563 0.0563 0.0563 0.0563 0.0563 0.0563 0.0569  
87673 12 0.9782 0.9848 0.0035 0.0033 11178851.5879 129720.3553 2880123827.4784 716735.6269 63049080.2810 638662341.2353 2899124493.8351 2620396787.1449 1108868405.2186 714243475.7803 408192406.3763 170412439.1378 57811720.4385 23304410.8918 36.1410 0.1372 0.0063 0.0031 0.0036 0.0039 0.0040 0.0040 0.0040 0.0041 0.0044 0.0072 0.0186 0.1372 0.2786 0.3810 0.4352 0.4703 0.5138 0.5480 0.5643 0.5693 1.1640 0.1859 0.0964 0.0740 0.0718 0.0675 0.0660 0.0659 0.0658 0.0655 0.0649 0.1031  
87673 15 1.0233 0.9980 0.0008 0.0016 6115478.4715 0.0000 2801555895.3021 1470368.1159 2047111089.4902 16647037620.3527 24759882299.4234 13535088993.3964 4020806310.6580 276190837.4553 3307784.3788 49614.6608 51488.4062 54166.2809 308.4788 0.1433 0.0006 0.0001 0.0002 0.0004 0.0058 0.4508 8.9108 8.5619 8.0949 0.0020 0.0038 0.0342 0.0808 0.1147 0.1548 0.1707 0.1721 0.1731 0.1761 0.1804 1.6453 0.2849 0.1812 0.1512 0.1342 0.1333 0.1333 0.1330 0.1133 0.1120 0.1104 0.2028  
87673 29 0.4989 0.9290 0.0280 0.0406 7476423.5164 363540.9198 53852479.3622 47597.0560 26500.8899 3467459.0808 75158600.7459 218482812.7332 304516634.0767 269612563.6475 146738528.4998 42140360.7797 5778292.5966 905576.6662 43.2581 6.2813 1.1937 0.0620 0.0346 0.0282 0.0383 0.0512 0.0803 0.1977 0.4658 0.0211 0.0008 0.0082 0.0282 0.0621 0.1093 0.1664 0.2317 0.3016 0.3756 0.4292 2.5550 0.3350 0.1146 0.0823 0.0737 0.0653 0.0594 0.0566 0.0557 0.0555 0.0551 0.0671  
87673 30 1.1441 1.0789 0.0255 0.0357 100540061.1115 68416.4423 521815904.2908 114479.7804 3739880.5317 90398415.0810 97437844.2346 60299097.7743 59208550.5820 65298653.1764 66463559.0298 66533082.4300 66535378.6635 66535378.6635 9.4611 0.0380 0.3891 1.0359 0.5753 0.0672 0.0216 0.0188 0.0187 0.0187 0.0187 1.2101 0.0092 0.1152 0.3963 0.8329 1.2515 1.4225 1.4449 1.4461 1.4461 1.4461 1.4461 0.1819 0.1302 0.0998 0.0726 0.0595 0.0566 0.0563 0.0563 0.0563 0.0563 0.0904  
87673 35 0.7399 0.9669 0.1804 0.5582 4431059.0233 163905.9914 42063512.2190 3913.2429 1211647.4676 10908572.4867 10552319.3407 11987664.1853 10168548.8050 8155581.3060 7352732.6592 7176556.8508 7065279.8305 6934262.5817 0.0218 0.4223 1.3343 1.5609 0.3232 0.2532 0.1128 0.0326 0.0173 0.0159 0.0158 0.0164 0.0143 0.1168 0.2527 0.3549 0.4242 0.4826 0.5057 0.5111 0.5149 0.5194 1.4702 0.1357 0.1141 0.0849 0.0752 0.0712 0.0679 0.0662 0.0659 0.0658 0.0658 0.0598  
87673 36 0.8235 0.8803 0.0542 0.0942 579571.5231 357898.7912 50260782.6957 70011.3850 6039138034.2845 9303947230.0291 4841452538.8081 1754819697.6883 155478933.1185 32257126.3788 28909029.8652 28909029.8652 28905415.5991 28901801.3330 994.7305 0.0927 0.0943 0.1269 0.1280 0.1291 0.1341 0.1348 0.1348 0.1348 0.1348 0.1279 0.0007 0.0052 0.0090 0.0171 0.0213 0.0216 0.0216 0.0216 0.0216 0.0216 1.4359 0.1945 0.1743 0.1341 0.1334 0.1276 0.1034 0.0998 0.0998 0.0998 0.0998 0.1338  
96433 4 0.9872 1.0062 0.0174 0.0157 19062902.1413 17004111.4428 1462053537.6400 268890.3458 684474.8851 28906845.7134 100294040.7306 125289840.7376 126484559.0095 126503281.1626 126503281.1626 126503281.1626 126503281.1626 126503281.1626 97.6479 0.3003 0.0295 0.0163 0.0151 0.0150 0.0150 0.0150 0.0150 0.0150 0.0150 0.0151 0.0416 0.5143 1.3000 1.5275 1.5374 1.5376 1.5376 1.5376 1.5376 1.5376 1.5376 0.1168 0.0766 0.0591 0.0564 0.0563 0.0563 0.0563 0.0563 0.0563 0.0563 0.0568  
96433 12 0.9901 0.9971 0.0036 0.0034 11294287.0634 133645.8090 2833660853.6611 701143.6400 88494179.1364 722916406.0561 2870378618.4270 2568399553.4954 1081358242.7107 695306511.8509 397281776.4553 165775084.8256 56145089.0165 22548186.7623 42.6847 0.1343 0.0066 0.0032 0.0037 0.0040 0.0041 0.0041 0.0042 0.0043 0.0045 0.0070 0.0186 0.1372 0.2786 0.3810 0.4352 0.4703 0.5138 0.5480 0.5643 0.5693 1.1640 0.1886 0.0982 0.0741 0.0718 0.0675 0.0660 0.0659 0.0658 0.0655 0.0650 0.1049  
96433 15 1.0126 0.9994 0.0005 0.0013 5037900.1865 0.0000 2832803403.7464 1504627.8551 2553751543.6229 16405461906.1137 24408960129.9150 13560450143.4780 4031459394.5209 276903478.5264 3295952.5046 28689.0602 29270.3352 30101.0741 283.7772 0.1564 0.0007 0.0001 0.0001 0.0003 0.0046 0.3613 9.0122 8.8144 8.5314 0.0015 0.0038 0.0342 0.0808 0.1147 0.1548 0.1707 0.1721 0.1731 0.1761 0.1804 1.6453 0.2853 0.1822 0.1511 0.1341 0.1333 0.1333 0.1331 0.1135 0.1128 0.1117 0.2028  
96433 29 0.8052 0.9321 0.0259 0.0405 5622349.8101 206260.8658 50004044.7445 23744.8039 23115.2156 2872686.8049 62757299.2356 190361473.6136 275725404.1396 249879090.5172 137418975.5627 39578984.1492 5422569.3349 847308.0422 38.9545 6.1883 1.3177 0.0680 0.0344 0.0266 0.0332 0.0419 0.0606 0.1363 0.3134 0.0228 0.0008 0.0082 0.0282 0.0621 0.1093 0.1664 0.2317 0.3016 0.3756 0.4292 2.5550 0.3274 0.1158 0.0822 0.0733 0.0651 0.0593 0.0566 0.0557 0.0555 0.0553 0.0671  
96433 30 1.0593 0.9895 0.0257 0.0356 99634909.4223 59233.0062 551857355.3235 130980.4264 3248481.4594 77541454.0759 78221585.4776 59217271.0845 60757833.1691 69294840.3366 71059159.2156 71168095.0734 71171859.5707 71171859.5707 7.1631 0.0423 0.4208 1.1144 0.5751 0.0670 0.0210 0.0189 0.0188 0.0188 0.0188 1.3216 0.0092 0.1152 0.3963 0.8329 1.2515 1.4225 1.4449 1.4461 1.4461 1.4461 1.4461 0.1785 0.1299 0.0986 0.0725 0.0594 0.0565 0.0563 0.0563 0.0563 0.0563 0.0902  
96433 35 1.0039 0.9696 0.1814 0.5539 3912905.5143 153732.1102 40060229.4670 2895.4644 1570353.1788 11284179.6885 9952542.1406 11466172.7354 9682562.8194 7632332.2072 6814868.5183 6639249.2931 6535271.6182 6414051.6432 0.0202 0.4815 1.3212 1.5631 0.3096 0.2364 0.1057 0.0314 0.0172 0.0160 0.0158 0.0165 0.0143 0.1168 0.2527 0.3549 0.4242 0.4826 0.5057 0.5111 0.5149 0.5194 1.4702 0.1361 0.1151 0.0849 0.0753 0.0712 0.0680 0.0663 0.0659 0.0658 0.0658 0.0598  
96433 36 0.6156 0.9746 0.0149 0.0256 451219.0048 228240.6051 47355776.2086 57654.3828 5937487088.8994 9012630043.2752 4559597117.8825 1651450368.1405 145077906.2973 29018877.1260 25865402.3501 25865402.3501 25862168.6046 25858934.8590 936.6559 0.0012 0.0027 0.0059 0.0059 0.0066 0.0112 0.0119 0.0119 0.0119 0.0119 0.0059 0.0007 0.0052 0.0090 0.0171 0.0213 0.0216 0.0216 0.0216 0.0216 0.0216 1.4359 0.1939 0.1745 0.1335 0.1328 0.1272 0.1030 0.0994 0.0994 0.0994 0.0994 0.1332  
