8761 4 0.7880 0.7921 0.1581 0.2038 24190560.7503 24127769.4308 245690773.5494 27816.0046 689262.9446 31192948.7356 34825075.3087 12085904.1701 10422920.8313 10395050.7559 10395050.7559 10395050.7559 10395050.7559 10395050.7559 9.3922 0.5169 0.2674 0.2387 0.2199 0.2138 0.2136 0.2136 0.2136 0.2136 0.2136 0.2251 0.0416 0.5143 1.3000 1.5275 1.5374 1.5376 1.5376 1.5376 1.5376 1.5376 1.5376 0.1124 0.0802 0.0662 0.0578 0.0563 0.0563 0.0563 0.0563 0.0563 0.0563 0.0642  
8761 12 1.5853 0.6945 0.0171 0.0301 16595839.0380 3899870.4558 1269319903.9601 41861.1125 730673513.7423 4082030266.1110 1651303141.2336 340832947.2635 92777628.7853 55050402.3157 34119501.6891 18080215.0263 10484215.9285 8156012.5939 288.8440 0.5610 0.0189 0.0267 0.0411 0.0460 0.0472 0.0480 0.0497 0.0523 0.0540 0.0141 0.0186 0.1372 0.2786 0.3810 0.4352 0.4703 0.5138 0.5480 0.5643 0.5693 1.1640 0.1862 0.1137 0.0851 0.0731 0.0674 0.0657 0.0651 0.0638 0.0620 0.0608 0.1160  
8761 15 0.7585 0.6289 0.2007 0.1787 582988641.2317 0.0000 1666876736.3404 455536.0763 753731665.1092 12329547481.8831 8803711527.4934 3151493695.7667 1531739313.3755 932414134.7488 887313690.3479 878725014.6929 855182605.8339 821537533.6973 1250.9923 1.1191 0.0080 0.0018 0.0368 0.2509 0.4551 0.4770 0.4775 0.4782 0.4794 0.2144 0.0038 0.0342 0.0808 0.1147 0.1548 0.1707 0.1721 0.1731 0.1761 0.1804 1.6453 0.2723 0.1993 0.1550 0.1330 0.1231 0.1148 0.1139 0.1139 0.1138 0.1137 0.1628  
8761 29 0.7122 0.6421 0.0610 0.1167 72359879.4945 201040022.7728 212523682.3519 91149.3709 2346145.0945 318888855.9112 806752075.4605 728310560.9899 502606840.2064 339340618.5157 231998395.9325 169264934.8027 141996293.8966 132900049.2990 148.4634 5.0002 1.3457 0.2743 0.0717 0.0457 0.0944 0.2855 0.5216 0.6525 0.6984 0.1529 0.0008 0.0082 0.0282 0.0621 0.1093 0.1664 0.2317 0.3016 0.3756 0.4292 2.5550 0.1643 0.1185 0.1035 0.0843 0.0694 0.0597 0.0529 0.0479 0.0442 0.0422 0.0969  
8761 30 0.1265 0.8871 0.0174 0.0380 21287589.7164 26748.6967 165817702.6584 3957.2084 9.1485 5789.8390 1401088.4932 11223672.0696 20295070.4267 21141924.7545 20973364.7037 20957314.5540 20956537.3254 20956537.3254 0.5897 1.4963 3.3195 0.8580 0.2094 0.0654 0.0310 0.0251 0.0248 0.0248 0.0248 0.2912 0.0092 0.1152 0.3963 0.8329 1.2515 1.4225 1.4449 1.4461 1.4461 1.4461 1.4461 0.1298 0.0851 0.0692 0.0640 0.0596 0.0568 0.0563 0.0563 0.0563 0.0563 0.0663  
8761 35 0.9753 0.4672 0.2914 0.5573 12300668.5843 1768266.6988 106635223.0287 12244.4579 4153675.0157 48892061.7601 61040604.5046 66187538.7211 45613241.9698 23242059.9496 14448353.0930 12889017.5421 12586807.2439 12349199.4518 0.0418 0.4892 1.7090 1.7538 0.2479 0.1893 0.1313 0.0624 0.0423 0.0403 0.0401 0.0427 0.0143 0.1168 0.2527 0.3549 0.4242 0.4826 0.5057 0.5111 0.5149 0.5194 1.4702 0.1349 0.1128 0.0841 0.0758 0.0726 0.0699 0.0669 0.0660 0.0658 0.0658 0.0598  
8761 36 0.4479 0.5423 0.0450 0.1027 169176140.9423 2248501.1281 275910541.8214 79009.1651 31425405220.8668 48025945454.4072 24625928114.9408 8986107296.5593 883865271.5228 259625011.0796 242663608.8192 242663608.8192 242633270.5179 242602932.2166 5057.0608 1.3343 0.1369 0.1405 0.1408 0.1441 0.1522 0.1530 0.1530 0.1530 0.1530 0.1406 0.0007 0.0052 0.0090 0.0171 0.0213 0.0216 0.0216 0.0216 0.0216 0.0216 1.4359 0.1897 0.1721 0.1293 0.1282 0.1193 0.0980 0.0960 0.0960 0.0960 0.0960 0.1289  
17545 4 5.5523 2.0526 0.0510 0.0589 16321225.4324 4977842.2603 589379227.9539 16529.5139 1638680.7102 78474703.9305 90995944.3499 35549454.8491 31351076.3393 31280292.0702 31280292.0702 31280292.0702 31280292.0702 31280292.0702 27.7362 0.1801 0.0518 0.0449 0.0367 0.0345 0.0345 0.0345 0.0345 0.0345 0.0345 0.0364 0.0416 0.5143 1.3000 1.5275 1.5374 1.5376 1.5376 1.5376 1.5376 1.5376 1.5376 0.1126 0.0800 0.0655 0.0575 0.0563 0.0563 0.0563 0.0563 0.0563 0.0563 0.0630  
17545 12 1.2612 1.4134 0.0090 0.0126 17677838.9042 183963.5340 2591688737.6092 682499.4941 653953990.7416 4451432374.3240 4176603956.9106 1684134400.0284 308102656.6433 116928688.2661 67325285.4997 31460331.5617 14475958.4883 9270662.5949 257.7467 0.1123 0.0048 0.0080 0.0129 0.0146 0.0157 0.0160 0.0165 0.0175 0.0184 0.0033 0.0186 0.1372 0.2786 0.3810 0.4352 0.4703 0.5138 0.5480 0.5643 0.5693 1.1640 0.1842 0.1041 0.0810 0.0740 0.0698 0.0660 0.0654 0.0645 0.0628 0.0614 0.1104  
17545 15 1.1080 1.3284 0.2299 0.2029 423878741.7746 0.0000 1791543900.1422 665713.8259 1411860397.7777 22419006311.4720 14221679020.7902 4702458801.4660 1633529651.0293 484979755.6401 400648739.5132 396071640.5147 385631177.3397 370710441.3981 1685.8611 0.2398 0.0013 0.0004 0.0196 0.1950 0.6004 0.6851 0.6861 0.6857 0.6851 0.1276 0.0038 0.0342 0.0808 0.1147 0.1548 0.1707 0.1721 0.1731 0.1761 0.1804 1.6453 0.2802 0.1995 0.1564 0.1343 0.1276 0.1162 0.1139 0.1139 0.1138 0.1137 0.1828  
17545 29 1.1427 0.8711 0.0511 0.0884 20007474.8985 918397.3339 190259853.4689 116901.9336 845120.7061 121068720.7659 497920898.5827 672469452.3856 519545848.8923 346335885.6008 225128574.6440 154599344.6767 122253196.8866 110307148.2731 98.3262 3.8207 0.6335 0.2770 0.0524 0.0093 0.0102 0.0268 0.0632 0.1122 0.1472 0.2642 0.0008 0.0082 0.0282 0.0621 0.1093 0.1664 0.2317 0.3016 0.3756 0.4292 2.5550 0.2322 0.1139 0.0965 0.0813 0.0694 0.0603 0.0539 0.0487 0.0445 0.0424 0.0863  
17545 30 1.7807 2.1958 0.0030 0.0076 3944200.5305 1779026.1156 185882112.4101 36665.4558 3751024.0539 85895667.2766 144270080.8758 56713664.8784 21223280.6249 21824042.4137 22594753.4061 22648519.9722 22650502.1751 22650502.1751 14.0933 0.0041 0.0180 0.0669 0.0614 0.0090 0.0043 0.0035 0.0035 0.0035 0.0035 0.1099 0.0092 0.1152 0.3963 0.8329 1.2515 1.4225 1.4449 1.4461 1.4461 1.4461 1.4461 0.1878 0.1293 0.1017 0.0792 0.0597 0.0565 0.0563 0.0563 0.0563 0.0563 0.0941  
17545 35 0.9265 0.8077 0.2051 0.2954 10070960.4630 1518.3286 102595542.7202 9243.7853 546577.0962 7676332.3103 29655996.8652 62089821.6128 48827387.4337 23851188.4833 13898113.6801 12145717.6400 11835946.1292 11609241.3984 0.0390 0.4140 1.5183 0.7118 0.1627 0.1572 0.1062 0.0338 0.0100 0.0076 0.0074 0.0082 0.0143 0.1168 0.2527 0.3549 0.4242 0.4826 0.5057 0.5111 0.5149 0.5194 1.4702 0.1331 0.1088 0.0800 0.0743 0.0727 0.0703 0.0671 0.0660 0.0659 0.0658 0.0598  
17545 36 0.9491 0.8576 0.0537 0.1014 79008439.7944 1024559.4809 273873971.2700 291277.4378 18788331427.5224 36328864692.8832 26039814786.6750 9479732089.5290 872443539.1253 209291778.2588 191273089.7467 191273089.7467 191249176.3934 191225263.0400 5360.0045 0.0984 0.1010 0.1249 0.1256 0.1282 0.1370 0.1381 0.1381 0.1381 0.1381 0.1255 0.0007 0.0052 0.0090 0.0171 0.0213 0.0216 0.0216 0.0216 0.0216 0.0216 1.4359 0.1945 0.1692 0.1339 0.1332 0.1259 0.1025 0.0999 0.0999 0.0999 0.0999 0.1337  
26305 4 2.0906 1.5245 0.0249 0.0332 16219523.9767 43242873.8158 970730604.8295 91776.8033 2236566.5843 113691789.5626 142196107.8404 70573412.6828 65354811.5428 65267434.0366 65267434.0366 65267434.0366 65267434.0366 65267434.0366 55.2166 0.1683 0.0395 0.0320 0.0280 0.0273 0.0273 0.0273 0.0273 0.0273 0.0273 0.0280 0.0416 0.5143 1.3000 1.5275 1.5374 1.5376 1.5376 1.5376 1.5376 1.5376 1.5376 0.1135 0.0792 0.0647 0.0571 0.0563 0.0563 0.0563 0.0563 0.0563 0.0563 0.0608  
26305 12 1.0315 0.9938 0.0048 0.0055 14772866.2921 220567.0455 3336599752.4435 860761.5344 99474366.9192 1799705798.7707 5045453678.8969 3067920851.9126 728062771.2551 344910961.7439 195939478.1721 84219582.9858 31314242.9577 15100792.0356 62.9797 0.1294 0.0042 0.0039 0.0052 0.0057 0.0061 0.0062 0.0064 0.0070 0.0078 0.0053 0.0186 0.1372 0.2786 0.3810 0.4352 0.4703 0.5138 0.5480 0.5643 0.5693 1.1640 0.1719 0.0927 0.0777 0.0733 0.0695 0.0661 0.0657 0.0654 0.0644 0.0629 0.1016  
26305 15 1.1076 1.1427 0.1428 0.3315 474906930.1587 0.0000 1890719937.8130 737624.6480 1544773399.0896 27096337301.1429 18223515500.4916 6994112482.7082 2054388338.3224 163466872.5072 25682127.6832 24111688.0046 24331023.6855 24644497.2361 1770.6415 0.2447 0.0011 0.0005 0.0114 0.1428 1.1928 2.6722 2.7195 2.6835 2.6309 0.1012 0.0038 0.0342 0.0808 0.1147 0.1548 0.1707 0.1721 0.1731 0.1761 0.1804 1.6453 0.2774 0.1943 0.1556 0.1347 0.1322 0.1244 0.1143 0.1138 0.1135 0.1132 0.1981  
26305 29 0.8124 0.8755 0.0283 0.0920 30432469.9744 958493.7905 159646695.5140 133582.3456 117966.1335 26281992.0935 305131656.7657 581702274.0575 510687119.3471 344318170.9151 212683535.5593 134142526.6918 95682799.6860 80421553.1697 75.6145 4.9539 1.2776 0.2981 0.0435 0.0106 0.0164 0.0465 0.1132 0.2079 0.2772 0.2509 0.0008 0.0082 0.0282 0.0621 0.1093 0.1664 0.2317 0.3016 0.3756 0.4292 2.5550 0.2572 0.1076 0.0875 0.0788 0.0688 0.0605 0.0542 0.0491 0.0449 0.0426 0.0722  
26305 30 1.4739 1.1828 0.0039 0.0210 36645586.1635 4137606.5506 269532200.5192 65289.9377 2942164.5071 77703469.9757 156388977.8803 120761832.3744 53108397.7411 28158621.2867 25149001.6256 24993733.4676 24988631.3819 24988631.3819 14.7781 0.0078 0.0790 0.2208 0.1918 0.0504 0.0086 0.0067 0.0067 0.0067 0.0067 0.2568 0.0092 0.1152 0.3963 0.8329 1.2515 1.4225 1.4449 1.4461 1.4461 1.4461 1.4461 0.1840 0.1262 0.0933 0.0748 0.0634 0.0571 0.0563 0.0563 0.0563 0.0563 0.0881  
26305 35 0.8895 0.9419 0.2242 0.3882 9243116.1203 2522.1628 92318686.0570 8564.5018 900651.0233 9798031.6637 23681014.8246 56064053.4997 45047402.9719 22131490.7658 12982463.7401 11370351.3972 11082582.5468 10870250.8680 0.0364 0.3901 1.7252 1.1435 0.1686 0.1517 0.1047 0.0346 0.0112 0.0088 0.0086 0.0095 0.0143 0.1168 0.2527 0.3549 0.4242 0.4826 0.5057 0.5111 0.5149 0.5194 1.4702 0.1356 0.1132 0.0801 0.0739 0.0727 0.0703 0.0671 0.0660 0.0659 0.0658 0.0598  
26305 36 0.9232 0.9350 0.0567 0.1007 181551243.2941 1053366.4975 268273780.2956 276441.3535 13966422822.4536 31973517778.2231 26737361408.5198 9711470480.6692 851636312.7477 169027078.7880 150479697.7794 150479697.7794 150460884.4994 150442071.2195 5508.7020 0.0987 0.1004 0.1326 0.1340 0.1351 0.1394 0.1400 0.1400 0.1400 0.1400 0.1339 0.0007 0.0052 0.0090 0.0171 0.0213 0.0216 0.0216 0.0216 0.0216 0.0216 1.4359 0.1944 0.1648 0.1340 0.1334 0.1275 0.1033 0.0999 0.0999 0.0999 0.0999 0.1338  
35065 4 1.1621 1.1098 0.0363 0.0364 38571551.5455 12759248.5795 1167578368.0373 191868.8216 1173057.4956 63454001.2749 114513870.8146 95410288.1663 93599309.5090 93568022.4175 93568022.4175 93568022.4175 93568022.4175 93568022.4175 74.4064 0.1882 0.0497 0.0407 0.0328 0.0319 0.0319 0.0319 0.0319 0.0319 0.0319 0.0327 0.0416 0.5143 1.3000 1.5275 1.5374 1.5376 1.5376 1.5376 1.5376 1.5376 1.5376 0.1121 0.0768 0.0622 0.0567 0.0563 0.0563 0.0563 0.0563 0.0563 0.0563 0.0580  
35065 12 0.9875 0.9608 0.0033 0.0033 11851995.9585 107354.2768 3570515532.4327 887910.1019 24467194.7270 678870358.6099 4148766859.9708 3355308127.1106 1190198954.2048 715516042.2011 408482381.9032 171597522.4163 59420516.4068 25042957.9207 17.6017 0.1555 0.0039 0.0028 0.0033 0.0036 0.0037 0.0038 0.0038 0.0040 0.0044 0.0108 0.0186 0.1372 0.2786 0.3810 0.4352 0.4703 0.5138 0.5480 0.5643 0.5693 1.1640 0.1770 0.0867 0.0751 0.0725 0.0684 0.0660 0.0658 0.0657 0.0652 0.0642 0.0993  
35065 15 1.2524 1.0254 0.0171 0.0591 90332869.5168 0.0000 2244362439.2149 817013.0498 966707737.0274 23466123843.5751 22151156600.4873 8865981711.2004 2588855543.8734 178707310.4580 3096897.9246 1143610.9417 1564373.5514 2165704.3256 1119.7409 0.1644 0.0006 0.0003 0.0010 0.0104 0.1793 3.3006 4.7291 4.1649 3.5810 0.0064 0.0038 0.0342 0.0808 0.1147 0.1548 0.1707 0.1721 0.1731 0.1761 0.1804 1.6453 0.2675 0.1872 0.1548 0.1346 0.1333 0.1329 0.1218 0.1126 0.1102 0.1080 0.2026  
35065 29 0.9503 0.9230 0.0152 0.0304 23106803.7861 986654.3012 136182774.2296 108519.7785 40600.6148 12394660.4657 232920664.8034 507945315.3355 496910939.7683 340360157.8988 201210716.6976 117062351.3944 75479867.4510 59053873.6148 74.5091 5.9327 0.9848 0.0713 0.0159 0.0091 0.0152 0.0440 0.1092 0.2017 0.2711 0.0434 0.0008 0.0082 0.0282 0.0621 0.1093 0.1664 0.2317 0.3016 0.3756 0.4292 2.5550 0.2943 0.1067 0.0840 0.0772 0.0681 0.0606 0.0546 0.0495 0.0453 0.0430 0.0677  
35065 30 0.9004 0.9501 0.0027 0.0277 65268168.2058 1544234.9980 377173816.0556 96230.7425 1956083.2999 49726164.6231 89159535.6900 91867910.4975 65488585.3011 43734338.9704 39970207.2265 39746477.2540 39738193.0885 39738193.0885 9.4133 0.0199 0.2927 0.6099 0.2603 0.0578 0.0161 0.0106 0.0103 0.0103 0.0103 0.5977 0.0092 0.1152 0.3963 0.8329 1.2515 1.4225 1.4449 1.4461 1.4461 1.4461 1.4461 0.1840 0.1266 0.0914 0.0705 0.0622 0.0573 0.0563 0.0563 0.0563 0.0563 0.0831  
35065 35 0.8500 0.9282 0.1882 0.3843 8563454.7713 3106.5414 79760221.6769 7617.9137 893859.9595 10203064.0240 20664927.0897 48978652.7767 39634813.2498 19882819.6387 11993352.7805 10598830.7466 10339927.9781 10142783.8001 0.0339 0.4711 1.5496 1.0956 0.1745 0.1588 0.1077 0.0353 0.0118 0.0094 0.0092 0.0102 0.0143 0.1168 0.2527 0.3549 0.4242 0.4826 0.5057 0.5111 0.5149 0.5194 1.4702 0.1349 0.1131 0.0801 0.0739 0.0726 0.0702 0.0670 0.0660 0.0659 0.0658 0.0598  
35065 36 0.9345 0.9415 0.0578 0.1005 181823275.5519 833904.6093 265221303.1783 255221.0301 9940453592.7339 28380661473.6560 27384694280.3964 9929692615.4910 838018984.0175 137547590.6652 118514865.4641 118514865.4641 118500048.4929 118485231.5217 5646.2205 0.0986 0.1005 0.1323 0.1336 0.1344 0.1383 0.1389 0.1389 0.1389 0.1389 0.1336 0.0007 0.0052 0.0090 0.0171 0.0213 0.0216 0.0216 0.0216 0.0216 0.0216 1.4359 0.1943 0.1607 0.1339 0.1335 0.1287 0.1042 0.0999 0.0999 0.0999 0.0999 0.1338  
43825 4 1.0310 1.0207 0.0245 0.0235 22500805.9092 17669650.9695 1229927128.2599 222961.2923 489547.6384 34217992.6340 93419647.4521 104346033.4758 104712782.3520 104718064.6115 104718064.6115 104718064.6115 104718064.6115 104718064.6115 81.3454 0.1925 0.0317 0.0232 0.0206 0.0205 0.0205 0.0205 0.0205 0.0205 0.0205 0.0206 0.0416 0.5143 1.3000 1.5275 1.5374 1.5376 1.5376 1.5376 1.5376 1.5376 1.5376 0.1111 0.0757 0.0602 0.0565 0.0563 0.0563 0.0563 0.0563 0.0563 0.0563 0.0570  
43825 12 0.9816 0.9532 0.0029 0.0029 11293602.1226 64927.6402 3587935554.7552 876816.0131 6967183.0001 292013697.1588 3099642767.5048 3056530175.4608 1558485503.3511 1065502697.3094 610235485.9791 254544164.8618 86106550.8262 34487638.6030 5.8414 0.1953 0.0052 0.0027 0.0029 0.0032 0.0033 0.0033 0.0033 0.0034 0.0037 0.0264 0.0186 0.1372 0.2786 0.3810 0.4352 0.4703 0.5138 0.5480 0.5643 0.5693 1.1640 0.1795 0.0820 0.0738 0.0717 0.0674 0.0659 0.0659 0.0658 0.0655 0.0649 0.0925  
43825 15 1.1788 1.0626 0.0112 0.0201 39147261.3648 0.0000 2572214514.7775 1023234.8540 830395158.0076 24168517166.4976 24430591427.4446 10704322747.9871 3143737793.4373 217085813.6981 3820646.9252 1331128.2176 1498772.9441 1738361.9764 1109.2121 0.1515 0.0006 0.0003 0.0006 0.0040 0.0687 2.9285 6.1082 5.3199 4.5174 0.0055 0.0038 0.0342 0.0808 0.1147 0.1548 0.1707 0.1721 0.1731 0.1761 0.1804 1.6453 0.2673 0.1860 0.1539 0.1345 0.1333 0.1332 0.1269 0.1124 0.1099 0.1076 0.2027  
43825 29 0.9283 0.9232 0.0129 0.0189 26183974.3709 1116954.8293 111190343.5147 103130.9437 28130.5403 9391675.1705 192413157.9720 448202245.5039 469263468.9294 327466580.3321 186563075.4851 97697426.5670 54140034.9757 37763338.0447 71.7049 6.0877 0.9771 0.0296 0.0126 0.0107 0.0208 0.0633 0.1610 0.3028 0.4128 0.0145 0.0008 0.0082 0.0282 0.0621 0.1093 0.1664 0.2317 0.3016 0.3756 0.4292 2.5550 0.2999 0.1073 0.0831 0.0763 0.0676 0.0607 0.0550 0.0501 0.0459 0.0435 0.0671  
43825 30 1.2810 1.1157 0.0281 0.0364 86786124.0693 51865.7384 431392661.5272 86647.4657 4437479.4616 85775765.6138 104106707.7521 71963883.5549 56117464.9121 52902905.8383 52667066.9793 52657561.1457 52657026.5871 52657026.5871 9.1340 0.0351 0.3935 0.8721 0.4180 0.0684 0.0234 0.0191 0.0189 0.0189 0.0189 1.0399 0.0092 0.1152 0.3963 0.8329 1.2515 1.4225 1.4449 1.4461 1.4461 1.4461 1.4461 0.1852 0.1300 0.0982 0.0719 0.0607 0.0568 0.0563 0.0563 0.0563 0.0563 0.0881  
43825 35 0.9639 0.9040 0.1650 0.3691 7617637.4754 22427.8201 74607787.6433 6475.1658 680555.0943 7438072.5456 16519944.1318 41919775.5780 34465745.9375 17733401.7214 11041886.8153 9854400.3629 9623208.1928 9440845.3330 0.0316 0.4167 1.5273 1.0249 0.1767 0.1639 0.1086 0.0351 0.0123 0.0100 0.0098 0.0108 0.0143 0.1168 0.2527 0.3549 0.4242 0.4826 0.5057 0.5111 0.5149 0.5194 1.4702 0.1345 0.1132 0.0795 0.0737 0.0726 0.0701 0.0670 0.0660 0.0659 0.0658 0.0598  
43825 36 0.9506 0.9579 0.0582 0.1009 177931070.2031 1324708.5771 257873390.9116 238498.6666 7506259159.6415 26087846813.6569 27596501438.0131 9993154199.2834 819303274.1963 112500499.5910 93295738.0151 93295738.0151 93284073.9909 93272409.9667 5692.4000 0.0986 0.1010 0.1328 0.1341 0.1348 0.1386 0.1394 0.1394 0.1394 0.1394 0.1341 0.0007 0.0052 0.0090 0.0171 0.0213 0.0216 0.0216 0.0216 0.0216 0.0216 1.4359 0.1942 0.1568 0.1339 0.1336 0.1298 0.1053 0.0999 0.0999 0.0999 0.0999 0.1338  
52609 4 1.0142 1.0097 0.0209 0.0194 20176769.7874 15548156.8688 1256895850.9816 229880.5620 450870.5112 26761336.8541 87086591.6877 107426520.1087 108485525.6416 108502433.8774 108502433.8774 108502433.8774 108502433.8774 108502433.8774 83.8840 0.1986 0.0288 0.0197 0.0181 0.0180 0.0180 0.0180 0.0180 0.0180 0.0180 0.0181 0.0416 0.5143 1.3000 1.5275 1.5374 1.5376 1.5376 1.5376 1.5376 1.5376 1.5376 0.1123 0.0763 0.0594 0.0564 0.0563 0.0563 0.0563 0.0563 0.0563 0.0563 0.0568  
52609 12 0.9716 0.9555 0.0029 0.0028 11230788.4215 74970.0120 3561661158.6990 860692.9633 8605038.1942 186758514.9103 2111319846.6066 2584904566.9675 1872597204.3978 1386759202.5487 795787096.8670 330826609.8583 110644759.2970 43168558.9978 5.7213 0.2018 0.0075 0.0026 0.0029 0.0031 0.0032 0.0032 0.0032 0.0033 0.0035 0.0308 0.0186 0.1372 0.2786 0.3810 0.4352 0.4703 0.5138 0.5480 0.5643 0.5693 1.1640 0.1847 0.0828 0.0733 0.0706 0.0668 0.0659 0.0659 0.0658 0.0656 0.0652 0.0953  
52609 15 1.1488 1.0116 0.0101 0.0180 46728890.1334 0.0000 2809375460.0183 1206146.0065 630681153.3479 21650934548.3335 25632341327.7177 12641297033.3667 3737556604.0353 258303965.2360 4761126.1984 1746909.0694 1786766.6595 1843729.7054 838.0707 0.1752 0.0005 0.0002 0.0005 0.0038 0.0672 2.7401 5.4854 5.2257 4.8836 0.0080 0.0038 0.0342 0.0808 0.1147 0.1548 0.1707 0.1721 0.1731 0.1761 0.1804 1.6453 0.2672 0.1819 0.1529 0.1343 0.1333 0.1332 0.1262 0.1134 0.1123 0.1110 0.2027  
52609 29 0.8990 0.9173 0.0175 0.0242 25184135.3460 1083863.4558 88334614.1953 95736.6416 22039.1716 7624562.7470 159363512.3195 393614307.3957 437568891.2251 310846722.7800 169482436.2278 77316730.1739 34897759.9229 20755466.8882 67.8365 6.2061 0.8850 0.0365 0.0197 0.0144 0.0269 0.0840 0.2205 0.4172 0.5697 0.0114 0.0008 0.0082 0.0282 0.0621 0.1093 0.1664 0.2317 0.3016 0.3756 0.4292 2.5550 0.3086 0.1054 0.0828 0.0756 0.0672 0.0607 0.0554 0.0509 0.0468 0.0443 0.0671  
52609 30 1.0541 1.1078 0.0066 0.0297 86614737.0272 615405.0229 470777093.9509 110997.1268 5027022.1991 107152617.6272 138018158.3581 78257010.1442 58079750.0474 57956922.5656 58405345.7732 58438928.5780 58440161.3228 58440161.3228 12.7533 0.0254 0.3118 0.7577 0.4127 0.0565 0.0168 0.0145 0.0144 0.0144 0.0144 0.9285 0.0092 0.1152 0.3963 0.8329 1.2515 1.4225 1.4449 1.4461 1.4461 1.4461 1.4461 0.1852 0.1292 0.0989 0.0733 0.0603 0.0566 0.0563 0.0563 0.0563 0.0563 0.0892  
52609 35 0.7301 0.9447 0.1301 0.4116 6474866.0087 96142.9196 65548892.8201 6241.5214 994992.5943 9133157.5521 16114657.2316 36922846.1021 30193141.2038 15894567.5989 10180209.7121 9162125.1031 8954731.2408 8785981.9137 0.0295 0.4920 1.5623 1.2233 0.1717 0.1566 0.1018 0.0323 0.0117 0.0096 0.0094 0.0102 0.0143 0.1168 0.2527 0.3549 0.4242 0.4826 0.5057 0.5111 0.5149 0.5194 1.4702 0.1364 0.1141 0.0806 0.0739 0.0725 0.0699 0.0669 0.0660 0.0658 0.0658 0.0598  
52609 36 0.8961 0.9148 0.0590 0.1013 173191092.5445 1116623.5272 237676527.0305 226713.4748 4808400989.0250 22364425887.7602 26075997777.6559 9436145421.8380 759947689.6623 91486790.8380 73323825.9611 73323825.9611 73314658.8663 73305491.7714 5380.8512 0.0985 0.1015 0.1346 0.1354 0.1360 0.1400 0.1410 0.1410 0.1410 0.1410 0.1354 0.0007 0.0052 0.0090 0.0171 0.0213 0.0216 0.0216 0.0216 0.0216 0.0216 1.4359 0.1941 0.1517 0.1339 0.1336 0.1305 0.1063 0.0999 0.0999 0.0999 0.0999 0.1338  
61369 4 1.0275 1.0141 0.0191 0.0180 19820251.1734 15768409.9695 1285023443.5278 233137.0594 411312.7408 28553082.2891 88667093.2564 109407853.9116 110542108.7975 110560261.7906 110560261.7906 110560261.7906 110560261.7906 110560261.7906 85.7896 0.2084 0.0263 0.0182 0.0174 0.0173 0.0173 0.0173 0.0173 0.0173 0.0173 0.0174 0.0416 0.5143 1.3000 1.5275 1.5374 1.5376 1.5376 1.5376 1.5376 1.5376 1.5376 0.1119 0.0769 0.0594 0.0564 0.0563 0.0563 0.0563 0.0563 0.0563 0.0563 0.0569  
61369 12 0.9595 0.9558 0.0029 0.0028 11116453.6562 66811.0402 3458655173.5550 836251.0101 7106438.9345 133736806.1677 1456207256.2168 2216447941.2702 2028644385.6664 1559738999.0824 895839962.9540 371883032.9246 123763524.1050 47725691.4097 5.1023 0.2131 0.0098 0.0026 0.0029 0.0031 0.0031 0.0031 0.0032 0.0032 0.0034 0.0339 0.0186 0.1372 0.2786 0.3810 0.4352 0.4703 0.5138 0.5480 0.5643 0.5693 1.1640 0.1856 0.0846 0.0730 0.0695 0.0664 0.0659 0.0659 0.0658 0.0657 0.0653 0.0936  
61369 15 1.1011 1.0134 0.0094 0.0174 52209185.0350 0.0000 2976018085.2032 1385580.7691 808689241.3415 21175590990.0681 25064036067.0300 14217817795.8940 4233882018.1044 292640791.3901 5427561.8052 1990503.2609 1969694.8105 1939957.4810 924.0050 0.1317 0.0005 0.0003 0.0006 0.0038 0.0648 2.6276 5.2609 5.1638 5.0226 0.0082 0.0038 0.0342 0.0808 0.1147 0.1548 0.1707 0.1721 0.1731 0.1761 0.1804 1.6453 0.2696 0.1833 0.1516 0.1342 0.1333 0.1332 0.1261 0.1137 0.1133 0.1126 0.2027  
61369 29 0.8664 0.9137 0.0217 0.0278 23111636.4563 847115.2151 69133379.9696 86070.4221 28626.2650 6402458.0286 134714588.1755 346868163.1054 402450936.1008 290555175.2014 150494753.8669 56961034.1823 18985192.7250 9050991.3492 62.6329 6.1501 1.1537 0.0387 0.0206 0.0174 0.0350 0.1078 0.2996 0.5975 0.8112 0.0134 0.0008 0.0082 0.0282 0.0621 0.1093 0.1664 0.2317 0.3016 0.3756 0.4292 2.5550 0.3060 0.1116 0.0827 0.0751 0.0669 0.0607 0.0560 0.0521 0.0481 0.0454 0.0671  
61369 30 1.0893 0.9735 0.0283 0.0374 101212640.9884 55051.1433 510585895.1603 117001.8307 4004196.7411 83432258.7866 102355202.9978 82917807.5823 67880980.3116 62761188.1923 62337753.0422 62322108.4579 62321725.6148 62321725.6148 9.3983 0.0396 0.4241 0.8985 0.4671 0.0728 0.0220 0.0189 0.0188 0.0188 0.0188 0.9989 0.0092 0.1152 0.3963 0.8329 1.2515 1.4225 1.4449 1.4461 1.4461 1.4461 1.4461 0.1879 0.1274 0.0970 0.0726 0.0605 0.0567 0.0563 0.0563 0.0563 0.0563 0.0867  
61369 35 1.1085 0.9048 0.1598 0.4098 6241132.7367 46469.3011 56165814.7930 4557.2359 707629.5174 6106524.2719 13390348.6762 31789598.9850 26301601.0482 14207170.2152 9369429.9217 8503495.7703 8317968.7757 8162111.2390 0.0275 0.4612 1.6661 1.1644 0.1911 0.1734 0.1101 0.0347 0.0130 0.0109 0.0106 0.0117 0.0143 0.1168 0.2527 0.3549 0.4242 0.4826 0.5057 0.5111 0.5149 0.5194 1.4702 0.1362 0.1138 0.0802 0.0739 0.0724 0.0698 0.0668 0.0660 0.0658 0.0658 0.0598  
61369 36 0.8869 0.9047 0.0591 0.1018 160875133.9455 1107128.1005 219285266.0771 203149.2667 2688053511.6431 18881016295.1287 24053579683.8611 8700255300.5237 691452325.4174 74411104.8679 57645278.8145 57645278.8145 57638071.8837 57630864.9529 4965.0889 0.0985 0.1019 0.1350 0.1357 0.1361 0.1396 0.1407 0.1407 0.1407 0.1407 0.1357 0.0007 0.0052 0.0090 0.0171 0.0213 0.0216 0.0216 0.0216 0.0216 0.0216 1.4359 0.1938 0.1473 0.1339 0.1337 0.1309 0.1072 0.0999 0.0999 0.0999 0.0999 0.1338  
70129 4 1.0413 1.0293 0.0187 0.0175 20287908.8142 15562087.2996 1328073892.7148 239551.0279 524840.4279 33744114.9836 95838831.5568 113167794.8983 114098386.9108 114113258.4919 114113258.4919 114113258.4919 114113258.4919 114113258.4919 88.7358 0.2013 0.0255 0.0177 0.0171 0.0171 0.0171 0.0171 0.0171 0.0171 0.0171 0.0171 0.0416 0.5143 1.3000 1.5275 1.5374 1.5376 1.5376 1.5376 1.5376 1.5376 1.5376 0.1128 0.0771 0.0598 0.0564 0.0563 0.0563 0.0563 0.0563 0.0563 0.0563 0.0570  
70129 12 0.9510 0.9630 0.0030 0.0028 11019058.5644 89938.2045 3324404362.1216 802351.5469 16174136.3287 162778054.5983 1085619850.4952 1956144924.4056 2058401355.9090 1611547517.4609 925980926.4349 384136777.2456 127546825.9479 48913195.1137 8.7910 0.2060 0.0117 0.0026 0.0030 0.0032 0.0032 0.0032 0.0032 0.0033 0.0034 0.0243 0.0186 0.1372 0.2786 0.3810 0.4352 0.4703 0.5138 0.5480 0.5643 0.5693 1.1640 0.1872 0.0939 0.0728 0.0687 0.0662 0.0659 0.0659 0.0658 0.0657 0.0654 0.1028  
70129 15 1.1043 0.9964 0.0085 0.0170 58094880.1815 0.0000 3166750823.4824 1525594.1705 762932759.9692 18920173859.5441 24710234309.5132 15950939944.9130 4776735648.1244 330022365.1595 5972046.1198 2086146.5977 2039231.9849 1972185.2424 807.3927 0.1447 0.0004 0.0002 0.0004 0.0036 0.0638 2.5433 4.9724 4.9385 4.8871 0.0098 0.0038 0.0342 0.0808 0.1147 0.1548 0.1707 0.1721 0.1731 0.1761 0.1804 1.6453 0.2710 0.1835 0.1501 0.1340 0.1333 0.1332 0.1258 0.1138 0.1136 0.1134 0.2027  
70129 29 0.7744 0.9147 0.0266 0.0327 18529061.8963 598822.2372 55593811.2060 74568.6534 26020.7539 5298753.1196 112742133.6065 303518186.6430 367764047.0407 270584435.8385 134245284.6135 41534476.1214 8664263.4639 2742816.4056 57.3251 6.0699 1.3027 0.0419 0.0232 0.0231 0.0432 0.1112 0.3192 0.7833 1.1860 0.0172 0.0008 0.0082 0.0282 0.0621 0.1093 0.1664 0.2317 0.3016 0.3756 0.4292 2.5550 0.2944 0.1139 0.0825 0.0746 0.0666 0.0606 0.0566 0.0539 0.0504 0.0473 0.0671  
70129 30 1.0391 0.8971 0.0233 0.0355 91109509.8159 49890.6116 544449102.3649 127449.9541 2237722.2461 44092308.4165 49385386.9812 53060289.8930 64858346.6116 68680325.0998 69117286.7752 69139040.7257 69139594.4799 69139594.4799 4.8669 0.0629 0.7090 1.2965 0.4858 0.0648 0.0222 0.0190 0.0188 0.0188 0.0188 1.2920 0.0092 0.1152 0.3963 0.8329 1.2515 1.4225 1.4449 1.4461 1.4461 1.4461 1.4461 0.1861 0.1276 0.0973 0.0698 0.0598 0.0567 0.0563 0.0563 0.0563 0.0563 0.0836  
70129 35 0.6758 0.9165 0.1074 0.3618 4557055.9485 174820.3917 53193059.1723 5051.4972 588694.7440 4701494.2057 10160852.5594 27999610.2406 23700210.3863 12970382.7817 8669697.0112 7898085.1742 7728752.8535 7584451.1247 0.0256 0.5184 1.5783 1.0535 0.1465 0.1476 0.0915 0.0289 0.0116 0.0099 0.0097 0.0103 0.0143 0.1168 0.2527 0.3549 0.4242 0.4826 0.5057 0.5111 0.5149 0.5194 1.4702 0.1364 0.1148 0.0792 0.0737 0.0724 0.0696 0.0668 0.0660 0.0658 0.0658 0.0598  
70129 36 0.9576 0.9949 0.0589 0.1015 150525539.3054 967766.1026 208474301.8740 180182.1880 3815459290.2826 19167977351.8338 22801879881.2712 8239843522.4496 646287668.0898 61239316.9265 45342777.8701 45342777.8701 45337109.0231 45331440.1762 4705.9348 0.0988 0.1015 0.1327 0.1340 0.1344 0.1387 0.1402 0.1402 0.1402 0.1402 0.1340 0.0007 0.0052 0.0090 0.0171 0.0213 0.0216 0.0216 0.0216 0.0216 0.0216 1.4359 0.1940 0.1510 0.1339 0.1337 0.1314 0.1083 0.0999 0.0999 0.0999 0.0999 0.1338  
78889 4 1.0043 1.0069 0.0192 0.0178 20836676.6614 16548915.9788 1348707063.2847 249444.7128 447932.3338 26129142.9835 89839771.8080 115908188.2883 117433499.9597 117458306.1592 117458306.1592 117458306.1592 117458306.1592 117458306.1592 90.7907 0.1979 0.0268 0.0184 0.0174 0.0173 0.0173 0.0173 0.0173 0.0173 0.0173 0.0174 0.0416 0.5143 1.3000 1.5275 1.5374 1.5376 1.5376 1.5376 1.5376 1.5376 1.5376 0.1126 0.0765 0.0592 0.0564 0.0563 0.0563 0.0563 0.0563 0.0563 0.0563 0.0568  
78889 12 0.9568 0.9701 0.0030 0.0029 10933531.4888 97151.4074 3218761460.8277 763005.5008 23004224.0409 199873582.5898 813741536.0802 1746601701.8501 2074067493.8995 1646117276.2821 946123382.3145 392280081.4502 130007972.4851 49633027.7627 11.6902 0.1917 0.0105 0.0026 0.0032 0.0033 0.0033 0.0033 0.0033 0.0034 0.0035 0.0189 0.0186 0.1372 0.2786 0.3810 0.4352 0.4703 0.5138 0.5480 0.5643 0.5693 1.1640 0.1866 0.0988 0.0730 0.0680 0.0661 0.0659 0.0659 0.0658 0.0657 0.0654 0.1060  
78889 15 1.0801 1.0157 0.0088 0.0178 69214268.8763 0.0000 3266154481.5936 1684670.5194 1325555765.3368 18864359609.7940 23613503443.6624 17488599722.9861 5265581210.1380 364155845.1278 6967313.4666 2675733.2753 2599751.9845 2491165.0596 965.6121 0.1584 0.0005 0.0001 0.0004 0.0037 0.0672 2.5481 4.7426 4.7307 4.7125 0.0109 0.0038 0.0342 0.0808 0.1147 0.1548 0.1707 0.1721 0.1731 0.1761 0.1804 1.6453 0.2772 0.1871 0.1485 0.1338 0.1333 0.1332 0.1253 0.1139 0.1138 0.1137 0.2026  
78889 29 0.6356 0.9223 0.0284 0.0371 11535498.5294 312189.2216 48653010.5058 57749.5292 27239.0657 4363566.7684 93966526.4193 264479233.7012 333865232.8612 251208720.7011 123186731.4261 34334314.7996 4828680.3913 813835.5877 52.0377 6.0724 1.4376 0.0499 0.0273 0.0274 0.0444 0.0839 0.2064 0.6321 1.3033 0.0200 0.0008 0.0082 0.0282 0.0621 0.1093 0.1664 0.2317 0.3016 0.3756 0.4292 2.5550 0.2988 0.1165 0.0824 0.0741 0.0664 0.0606 0.0570 0.0554 0.0539 0.0519 0.0671  
78889 30 1.0397 0.9060 0.0174 0.0295 69232903.8024 36555.0938 541639653.3759 132428.9602 1576607.3436 23626915.9550 19656806.5876 24233055.8195 52095602.4466 70388549.4733 73320743.2910 73489667.7025 73495465.2150 73495465.2150 1.9591 0.0812 1.0814 1.9583 0.5544 0.0480 0.0204 0.0187 0.0187 0.0186 0.0186 1.9536 0.0092 0.1152 0.3963 0.8329 1.2515 1.4225 1.4449 1.4461 1.4461 1.4461 1.4461 0.1847 0.1313 0.1016 0.0675 0.0582 0.0565 0.0563 0.0563 0.0563 0.0563 0.0838  
78889 35 1.0102 0.9316 0.1498 0.4580 5051149.7716 90773.0893 48774331.9671 3413.9206 776925.2319 5495128.8012 9067106.1425 24193040.6216 20609303.0542 11587770.1305 7970165.1205 7317512.8972 7166178.7567 7033174.0057 0.0238 0.5509 1.6593 1.3549 0.2015 0.1807 0.1108 0.0343 0.0135 0.0115 0.0113 0.0121 0.0143 0.1168 0.2527 0.3549 0.4242 0.4826 0.5057 0.5111 0.5149 0.5194 1.4702 0.1370 0.1156 0.0800 0.0737 0.0723 0.0696 0.0667 0.0660 0.0658 0.0658 0.0598  
78889 36 0.9667 0.9819 0.0591 0.1014 145098021.8534 831995.0418 200803615.2580 172536.1896 3507701701.7401 18621013804.8793 22446123652.7372 8105870730.8414 627484953.5546 51309923.7338 35654483.0531 35654483.0531 35650025.4566 35645567.8602 4632.8985 0.0985 0.1014 0.1328 0.1340 0.1344 0.1387 0.1405 0.1405 0.1405 0.1405 0.1340 0.0007 0.0052 0.0090 0.0171 0.0213 0.0216 0.0216 0.0216 0.0216 0.0216 1.4359 0.1940 0.1517 0.1339 0.1337 0.1318 0.1096 0.0999 0.0999 0.0999 0.0999 0.1338  
87673 4 1.0077 1.0057 0.0182 0.0167 19390456.9530 15576896.7331 1350698098.0710 250527.6241 430228.5943 25841793.9600 89670491.2400 116949212.7866 118601413.7178 118628446.9807 118628446.9807 118628446.9807 118628446.9807 118628446.9807 91.6926 0.2005 0.0259 0.0169 0.0161 0.0161 0.0161 0.0161 0.0161 0.0161 0.0161 0.0162 0.0416 0.5143 1.3000 1.5275 1.5374 1.5376 1.5376 1.5376 1.5376 1.5376 1.5376 0.1121 0.0769 0.0590 0.0564 0.0563 0.0563 0.0563 0.0563 0.0563 0.0563 0.0568  
87673 12 0.9741 0.9727 0.0032 0.0030 10995830.3800 102428.0014 3110698123.7582 730032.8599 25952314.0649 202376526.9282 676857080.8454 1623053695.5532 2044421360.7633 1632365836.5114 938313248.3315 388912437.5927 128744086.7782 49013863.9874 12.0928 0.1980 0.0103 0.0027 0.0033 0.0034 0.0034 0.0034 0.0034 0.0035 0.0036 0.0173 0.0186 0.1372 0.2786 0.3810 0.4352 0.4703 0.5138 0.5480 0.5643 0.5693 1.1640 0.1871 0.1000 0.0732 0.0675 0.0660 0.0659 0.0659 0.0659 0.0657 0.0654 0.1070  
87673 15 0.9997 0.9615 0.0090 0.0179 72799723.8537 0.0000 3213555210.1964 1819528.4417 1617768690.7619 16122971775.6753 22216013796.1170 17627936814.1696 5319963665.4320 368116770.2696 7253103.5696 2913441.0214 2825196.4661 2699083.6858 770.9631 0.1096 0.0003 0.0001 0.0004 0.0037 0.0675 2.5291 4.6511 4.6462 4.6387 0.0132 0.0038 0.0342 0.0808 0.1147 0.1548 0.1707 0.1721 0.1731 0.1761 0.1804 1.6453 0.2771 0.1869 0.1471 0.1338 0.1333 0.1332 0.1251 0.1139 0.1138 0.1138 0.2026  
87673 29 0.4744 0.9281 0.0276 0.0404 6431561.6952 240691.6749 44955025.9273 36703.4674 16746.3500 3543881.5921 77882461.0225 229815112.6730 302000009.6763 232841806.9559 115524527.3678 32101966.1120 4365631.8343 677284.0900 47.0401 6.0548 1.2476 0.0580 0.0347 0.0293 0.0402 0.0543 0.0789 0.1722 0.3890 0.0207 0.0008 0.0082 0.0282 0.0621 0.1093 0.1664 0.2317 0.3016 0.3756 0.4292 2.5550 0.2954 0.1121 0.0821 0.0737 0.0661 0.0604 0.0570 0.0558 0.0555 0.0552 0.0671  
87673 30 0.9664 1.0164 0.0172 0.0261 70650963.3916 45150.1505 516646119.1106 137689.8751 3559736.2467 46452414.6997 30114982.5383 16250278.8162 44988918.3483 67896517.8308 71706145.2318 71927934.7419 71935626.7822 71935626.7822 1.9106 0.0575 0.8276 1.8448 0.8546 0.0396 0.0195 0.0187 0.0187 0.0187 0.0187 2.4414 0.0092 0.1152 0.3963 0.8329 1.2515 1.4225 1.4449 1.4461 1.4461 1.4461 1.4461 0.1871 0.1344 0.1077 0.0692 0.0572 0.0563 0.0563 0.0563 0.0563 0.0563 0.0907  
87673 35 0.9501 0.9511 0.1365 0.4529 3413740.0287 224943.1735 47696792.0323 3448.7019 927831.5433 5132145.1842 8027283.2156 22586069.2075 19326695.8401 10822247.2182 7410486.3769 6795595.8679 6654436.1196 6531042.4541 0.0222 0.5661 1.7335 1.4497 0.1413 0.1367 0.0831 0.0265 0.0116 0.0102 0.0101 0.0107 0.0143 0.1168 0.2527 0.3549 0.4242 0.4826 0.5057 0.5111 0.5149 0.5194 1.4702 0.1377 0.1171 0.0801 0.0737 0.0723 0.0695 0.0667 0.0660 0.0658 0.0658 0.0598  
87673 36 0.8711 0.8895 0.0592 0.1017 136959369.9771 986325.2595 178780267.9171 166788.1370 1670592260.8510 15307034840.1312 20254984596.4768 7313974418.4748 562365586.7044 42185358.3834 28051370.1158 28051370.1158 28047863.0760 28044356.0363 4181.8923 0.0985 0.1018 0.1344 0.1349 0.1352 0.1383 0.1400 0.1400 0.1400 0.1400 0.1349 0.0007 0.0052 0.0090 0.0171 0.0213 0.0216 0.0216 0.0216 0.0216 0.0216 1.4359 0.1935 0.1446 0.1339 0.1337 0.1321 0.1109 0.0999 0.0999 0.0999 0.0999 0.1338  
96433 4 0.9843 0.9795 0.0182 0.0167 17714515.4706 19021804.7565 1328752927.5386 252445.3938 241147.6773 16754501.8475 80723971.2545 115227330.0134 117332767.4266 117367276.5574 117367276.5574 117367276.5574 117367276.5574 117367276.5574 90.1740 0.1908 0.0241 0.0169 0.0166 0.0166 0.0166 0.0166 0.0166 0.0166 0.0166 0.0166 0.0416 0.5143 1.3000 1.5275 1.5374 1.5376 1.5376 1.5376 1.5376 1.5376 1.5376 0.1097 0.0750 0.0581 0.0563 0.0563 0.0563 0.0563 0.0563 0.0563 0.0563 0.0566  
96433 12 0.9585 0.9709 0.0033 0.0031 11186745.0223 96747.3964 2995755685.1455 711114.4696 21820820.5989 197462872.4618 599735385.8408 1523628026.0901 1987934329.8246 1592759023.0187 915588333.3622 379406447.4572 125497922.2667 47686070.3290 10.3398 0.2020 0.0101 0.0028 0.0035 0.0036 0.0036 0.0036 0.0036 0.0037 0.0038 0.0189 0.0186 0.1372 0.2786 0.3810 0.4352 0.4703 0.5138 0.5480 0.5643 0.5693 1.1640 0.1855 0.0991 0.0734 0.0673 0.0660 0.0659 0.0659 0.0659 0.0657 0.0655 0.1064  
96433 15 1.0161 1.0113 0.0085 0.0171 70681105.7937 0.0000 3211899518.3451 1818914.5327 2677299626.6050 16773300184.8148 21052445232.3375 17981943165.2227 5439943620.5742 376339173.9375 7331252.4371 2893805.1998 2804025.9956 2675719.9720 912.2806 0.1725 0.0008 0.0001 0.0004 0.0035 0.0643 2.4608 4.6105 4.6083 4.6049 0.0117 0.0038 0.0342 0.0808 0.1147 0.1548 0.1707 0.1721 0.1731 0.1761 0.1804 1.6453 0.2834 0.1941 0.1461 0.1337 0.1333 0.1332 0.1253 0.1139 0.1139 0.1138 0.2026  
96433 29 0.7462 0.9313 0.0281 0.0426 4769376.7508 219624.9926 42136079.9671 17412.8164 49900.8924 3021434.4816 64709063.3372 199483497.3169 272821692.7409 216951296.6724 109631505.1503 30659921.3553 4172821.8506 647306.7037 42.2169 5.4344 1.7704 0.0742 0.0343 0.0272 0.0352 0.0449 0.0588 0.1090 0.2281 0.0211 0.0008 0.0082 0.0282 0.0621 0.1093 0.1664 0.2317 0.3016 0.3756 0.4292 2.5550 0.2604 0.1279 0.0823 0.0733 0.0659 0.0603 0.0570 0.0558 0.0556 0.0554 0.0671  
96433 30 0.9417 0.9120 0.0160 0.0256 61296048.6889 46540.6886 485859098.5168 133059.5656 2302554.3408 25837908.8711 16973750.0284 12926967.0407 41284766.3220 64029628.8722 67867443.8706 68092198.0141 68100043.2260 68100043.2260 1.2061 0.0692 1.0787 2.1396 0.9168 0.0387 0.0192 0.0188 0.0188 0.0188 0.0188 2.7157 0.0092 0.1152 0.3963 0.8329 1.2515 1.4225 1.4449 1.4461 1.4461 1.4461 1.4461 0.1886 0.1329 0.1067 0.0686 0.0568 0.0563 0.0563 0.0563 0.0563 0.0563 0.0923  
96433 35 1.1876 0.9636 0.1646 0.5090 3448497.5031 213239.4167 46549850.0553 3276.4718 747801.1075 5192817.0644 8169050.0306 21468413.2254 18197090.0104 10127449.6558 6892943.9890 6310766.7377 6178816.5062 6064282.9578 0.0207 0.5567 1.8736 1.6578 0.1561 0.1434 0.0880 0.0283 0.0125 0.0110 0.0108 0.0115 0.0143 0.1168 0.2527 0.3549 0.4242 0.4826 0.5057 0.5111 0.5149 0.5194 1.4702 0.1366 0.1160 0.0810 0.0738 0.0723 0.0695 0.0667 0.0660 0.0658 0.0658 0.0598  
96433 36 0.9054 0.9503 0.0584 0.1013 121786800.0810 870429.6144 159819411.0741 145284.3450 2322799009.8222 14507430701.0259 18096707618.7893 6531610667.4563 499472463.8184 34724119.0995 22096288.2913 22096288.2913 22093525.7680 22090763.2448 3735.7102 0.0984 0.1012 0.1333 0.1342 0.1344 0.1372 0.1388 0.1388 0.1388 0.1388 0.1342 0.0007 0.0052 0.0090 0.0171 0.0213 0.0216 0.0216 0.0216 0.0216 0.0216 1.4359 0.1938 0.1476 0.1339 0.1338 0.1323 0.1119 0.0999 0.0999 0.0999 0.0999 0.1338  
