8761 4 0.7998 0.7941 0.1631 0.2013 24129642.7072 23256757.0644 280304567.2157 28232.8799 585225.2979 30352962.3061 35281481.7528 12319035.2253 10553206.1320 10523430.1801 10523430.1801 10523430.1801 10523430.1801 10523430.1801 9.4502 0.5002 0.2669 0.2402 0.2128 0.2046 0.2044 0.2044 0.2044 0.2044 0.2044 0.2192 0.0416 0.5143 1.3000 1.5275 1.5374 1.5376 1.5376 1.5376 1.5376 1.5376 1.5376 0.1114 0.0800 0.0661 0.0578 0.0563 0.0563 0.0563 0.0563 0.0563 0.0563 0.0645  
8761 12 1.5847 0.6931 0.0176 0.0304 16639113.3087 3733031.5164 1276904456.1673 41844.1323 810107933.6735 4032465869.4419 1575185539.6018 363509954.5303 96131271.7934 54939645.3143 34001403.4401 18029609.8314 10465572.2795 8147163.9158 295.1466 0.5637 0.0189 0.0269 0.0414 0.0461 0.0473 0.0482 0.0500 0.0527 0.0544 0.0143 0.0186 0.1372 0.2786 0.3810 0.4352 0.4703 0.5138 0.5480 0.5643 0.5693 1.1640 0.1883 0.1137 0.0851 0.0730 0.0675 0.0657 0.0651 0.0638 0.0620 0.0608 0.1152  
8761 15 0.7926 0.6289 0.1978 0.1776 583518811.4337 0.0000 1702204343.2678 476049.4589 1097767979.9950 11468155053.7651 8998001767.1453 3396213002.5272 1606375796.2273 937797878.6277 887652831.6719 879015689.4516 855507720.8924 821911869.0302 1127.1549 1.0931 0.0085 0.0024 0.0365 0.2470 0.4539 0.4766 0.4772 0.4779 0.4789 0.2278 0.0038 0.0342 0.0808 0.1147 0.1548 0.1707 0.1721 0.1731 0.1761 0.1804 1.6453 0.2782 0.1997 0.1548 0.1330 0.1232 0.1148 0.1139 0.1139 0.1138 0.1137 0.1605  
8761 29 0.6987 0.6430 0.0582 0.1170 71132537.6392 205368152.8902 213606468.8923 89426.4475 2378029.2879 322710926.6381 812046816.7005 725560519.7327 497673323.6511 338932557.3544 233673254.7985 170732302.5081 143183839.4485 134047087.9139 148.2644 4.9789 1.3389 0.2739 0.0723 0.0464 0.0948 0.2833 0.5159 0.6451 0.6901 0.1537 0.0008 0.0082 0.0282 0.0621 0.1093 0.1664 0.2317 0.3016 0.3756 0.4292 2.5550 0.1661 0.1186 0.1035 0.0844 0.0695 0.0597 0.0529 0.0479 0.0442 0.0422 0.0971  
8761 30 0.1302 0.8873 0.0177 0.0374 21310076.5538 28279.8516 168074725.4751 4072.8804 13.9798 4164.0099 1100169.1304 9983021.3565 19712772.5053 21448926.2105 21434499.9376 21427451.2067 21426981.8970 21426981.8970 0.4830 1.3120 3.4884 0.8780 0.2112 0.0646 0.0304 0.0247 0.0244 0.0243 0.0243 0.2907 0.0092 0.1152 0.3963 0.8329 1.2515 1.4225 1.4449 1.4461 1.4461 1.4461 1.4461 0.1301 0.0867 0.0689 0.0638 0.0595 0.0568 0.0563 0.0563 0.0563 0.0563 0.0663  
8761 35 1.0470 0.4803 0.2812 0.5384 12166570.6469 1998655.3201 104034225.7435 13144.8519 4512044.1135 61066665.1094 67477905.6508 63923577.2228 42410173.1043 22176698.2726 14262844.5708 12852898.4730 12564131.6786 12328341.4483 0.0417 0.4301 1.5352 1.6710 0.2483 0.1916 0.1323 0.0634 0.0436 0.0417 0.0415 0.0442 0.0143 0.1168 0.2527 0.3549 0.4242 0.4826 0.5057 0.5111 0.5149 0.5194 1.4702 0.1337 0.1125 0.0844 0.0759 0.0726 0.0698 0.0668 0.0660 0.0658 0.0658 0.0598  
8761 36 0.4272 0.5416 0.0445 0.1029 164157786.8831 1426992.9385 251494100.1688 75357.0489 33667529418.2705 48747231561.9850 22362678248.6520 8166549568.9726 822265512.8011 256422407.6878 241047734.0235 241047734.0235 241017597.7422 240987461.4609 4587.8709 1.3342 0.1372 0.1427 0.1431 0.1479 0.1587 0.1597 0.1597 0.1597 0.1597 0.1427 0.0007 0.0052 0.0090 0.0171 0.0213 0.0216 0.0216 0.0216 0.0216 0.0216 1.4359 0.1897 0.1731 0.1293 0.1282 0.1190 0.0979 0.0960 0.0960 0.0960 0.0960 0.1289  
17545 4 7.7070 2.4710 0.0443 0.0512 16455065.5290 5297506.2925 699582104.3538 16509.3045 2064728.4443 112333375.2232 126886869.1225 44583069.8888 38441167.5268 38338179.1056 38338179.1056 38338179.1056 38338179.1056 38338179.1056 34.2350 0.1657 0.0397 0.0343 0.0307 0.0295 0.0295 0.0295 0.0295 0.0295 0.0295 0.0309 0.0416 0.5143 1.3000 1.5275 1.5374 1.5376 1.5376 1.5376 1.5376 1.5376 1.5376 0.1122 0.0800 0.0660 0.0578 0.0563 0.0563 0.0563 0.0563 0.0563 0.0563 0.0639  
17545 12 1.5014 1.6286 0.0085 0.0124 17688412.6992 187245.4610 2991073144.8933 679245.6129 1052629319.6634 6111897438.7079 4375088628.0522 1900811441.9737 350854962.1620 130786989.2950 74893813.5494 34581188.6753 15490626.7957 9639877.6255 424.8472 0.1174 0.0040 0.0078 0.0125 0.0141 0.0152 0.0154 0.0159 0.0168 0.0176 0.0027 0.0186 0.1372 0.2786 0.3810 0.4352 0.4703 0.5138 0.5480 0.5643 0.5693 1.1640 0.1875 0.1071 0.0811 0.0738 0.0699 0.0660 0.0654 0.0645 0.0629 0.0614 0.1105  
17545 15 0.9834 1.1163 0.2370 0.2063 439945019.7582 0.0000 1596115920.3593 685233.3964 1573011646.1316 14331678924.3386 11696032723.3532 4935516593.8429 1713433291.6516 475124192.2670 384284420.7190 379812049.4317 369905176.1634 355747009.2308 983.6995 0.1060 0.0007 0.0004 0.0182 0.1864 0.6249 0.7255 0.7267 0.7261 0.7251 0.1996 0.0038 0.0342 0.0808 0.1147 0.1548 0.1707 0.1721 0.1731 0.1761 0.1804 1.6453 0.2811 0.1959 0.1545 0.1340 0.1282 0.1165 0.1139 0.1139 0.1138 0.1137 0.1750  
17545 29 1.1651 0.8672 0.0523 0.0907 19650418.0846 937979.2060 191664909.4262 118176.9289 850635.6905 127376927.5623 511628903.3549 663648909.8869 494197814.9143 339804012.8878 228412339.3778 157100050.7769 123763218.2551 111705556.1302 93.2837 3.2642 0.6001 0.2834 0.0553 0.0096 0.0102 0.0261 0.0613 0.1090 0.1431 0.2857 0.0008 0.0082 0.0282 0.0621 0.1093 0.1664 0.2317 0.3016 0.3756 0.4292 2.5550 0.2190 0.1125 0.0968 0.0818 0.0695 0.0601 0.0538 0.0487 0.0446 0.0424 0.0877  
17545 30 1.4052 1.7380 0.0032 0.0077 4060933.8948 1674339.0071 175476162.0133 37170.5927 2505892.8831 55345794.2739 82586808.7733 32831595.9509 17528535.9836 21722680.9765 22789493.3008 22856238.7682 22858617.4165 22858617.4165 7.6004 0.0070 0.0324 0.1157 0.0848 0.0086 0.0046 0.0039 0.0039 0.0039 0.0039 0.1812 0.0092 0.1152 0.3963 0.8329 1.2515 1.4225 1.4449 1.4461 1.4461 1.4461 1.4461 0.1817 0.1309 0.1023 0.0774 0.0586 0.0564 0.0563 0.0563 0.0563 0.0563 0.0940  
17545 35 0.8869 0.7820 0.2161 0.2850 10797464.9727 1873.0618 87795767.4655 9875.9597 656921.7597 14054605.2349 46333808.6568 53313700.5944 37551290.7082 20127731.0708 13271524.0869 12044771.2241 11781996.3506 11561273.9027 0.0389 0.3408 1.1240 0.6024 0.1893 0.1877 0.1182 0.0353 0.0113 0.0089 0.0086 0.0095 0.0143 0.1168 0.2527 0.3549 0.4242 0.4826 0.5057 0.5111 0.5149 0.5194 1.4702 0.1299 0.1061 0.0816 0.0753 0.0725 0.0698 0.0669 0.0660 0.0658 0.0658 0.0598  
17545 36 0.8443 0.8610 0.0599 0.1036 74051426.1268 752823.0870 222069410.4291 289609.0800 24635141077.3869 38487675235.6434 20551012559.7600 7493290783.8263 725584755.3168 204164318.2946 189996659.3303 189996659.3303 189972905.5588 189949151.7874 4221.7576 0.0985 0.1038 0.1329 0.1338 0.1349 0.1378 0.1381 0.1381 0.1381 0.1381 0.1337 0.0007 0.0052 0.0090 0.0171 0.0213 0.0216 0.0216 0.0216 0.0216 0.0216 1.4359 0.1945 0.1747 0.1340 0.1331 0.1248 0.1021 0.0999 0.0999 0.0999 0.0999 0.1337  
26305 4 1.4793 1.2511 0.0264 0.0317 16283541.9865 49690715.0653 999061370.5763 127236.8504 1098171.2900 76432706.3978 120442442.7770 76501479.5231 72738765.1774 72674533.5478 72674533.5478 72674533.5478 72674533.5478 72674533.5478 58.7988 0.1783 0.0376 0.0318 0.0267 0.0258 0.0258 0.0258 0.0258 0.0258 0.0258 0.0268 0.0416 0.5143 1.3000 1.5275 1.5374 1.5376 1.5376 1.5376 1.5376 1.5376 1.5376 0.1125 0.0773 0.0633 0.0569 0.0563 0.0563 0.0563 0.0563 0.0563 0.0563 0.0592  
26305 12 1.0081 0.9581 0.0046 0.0055 17457631.9472 200237.8350 4116075898.2032 1019806.5657 58688956.7173 1547800681.9403 5710440365.8527 4004511867.0149 985094944.0008 474485100.1512 268862286.1236 114276318.0246 41071806.6930 18637562.9630 72.9573 0.0953 0.0035 0.0041 0.0052 0.0056 0.0060 0.0061 0.0062 0.0067 0.0075 0.0036 0.0186 0.1372 0.2786 0.3810 0.4352 0.4703 0.5138 0.5480 0.5643 0.5693 1.1640 0.1512 0.0924 0.0771 0.0732 0.0695 0.0661 0.0658 0.0655 0.0646 0.0633 0.0973  
26305 15 1.0617 1.1461 0.1759 0.3297 426818924.6704 0.0000 1648450815.1611 673865.5787 1971961835.5251 17733280342.5699 16133986345.8060 6117105121.0897 1796517283.1198 146904825.0966 26703702.4632 25335312.8193 25531438.8324 25811743.0079 804.1863 0.3077 0.0030 0.0006 0.0115 0.1409 1.1863 2.5672 2.6057 2.5717 2.5218 0.1637 0.0038 0.0342 0.0808 0.1147 0.1548 0.1707 0.1721 0.1731 0.1761 0.1804 1.6453 0.2834 0.1947 0.1543 0.1345 0.1321 0.1240 0.1142 0.1138 0.1136 0.1132 0.1953  
26305 29 0.7831 0.8751 0.0317 0.0890 30829602.5403 985766.6373 160420122.2737 137692.5667 164111.7255 30917471.6800 329136733.2936 579676073.7217 471697763.4592 333918223.1354 218191262.0169 137629235.6903 97064892.1732 81413805.2547 65.0933 5.0834 1.1621 0.2841 0.0437 0.0109 0.0169 0.0461 0.1120 0.2078 0.2779 0.2744 0.0008 0.0082 0.0282 0.0621 0.1093 0.1664 0.2317 0.3016 0.3756 0.4292 2.5550 0.2709 0.1093 0.0884 0.0796 0.0691 0.0600 0.0541 0.0491 0.0449 0.0426 0.0742  
26305 30 1.3055 1.2283 0.0037 0.0271 37153205.1756 2919117.1664 213385332.0267 52233.8939 3966558.3314 71068354.0037 113617797.7584 68243056.7347 31573468.1652 24287731.9686 23739676.2155 23718014.3713 23717445.9590 23717445.9590 10.3365 0.0146 0.1173 0.3701 0.3070 0.0631 0.0119 0.0101 0.0101 0.0101 0.0101 0.4500 0.0092 0.1152 0.3963 0.8329 1.2515 1.4225 1.4449 1.4461 1.4461 1.4461 1.4461 0.1793 0.1303 0.0965 0.0756 0.0617 0.0567 0.0563 0.0563 0.0563 0.0563 0.0904  
26305 35 0.8675 0.8979 0.2222 0.2514 9241691.3625 2437.2081 78651138.5654 8758.7197 757880.9199 13397926.2039 37091160.0873 43332621.4343 31263974.3531 17674806.5739 12320601.7904 11351653.4791 11119390.0580 10911679.0916 0.0363 0.3564 0.9916 0.4992 0.1951 0.1899 0.1157 0.0344 0.0121 0.0100 0.0098 0.0107 0.0143 0.1168 0.2527 0.3549 0.4242 0.4826 0.5057 0.5111 0.5149 0.5194 1.4702 0.1329 0.1083 0.0815 0.0751 0.0724 0.0696 0.0668 0.0660 0.0658 0.0658 0.0598  
26305 36 0.8819 0.8737 0.0587 0.1010 134551017.8265 806677.0305 195271169.2869 244504.7458 18395991532.2444 31082753138.0498 18826560938.6750 6854471174.8875 641255102.5596 162555550.2774 149548668.0776 149548668.0776 149529971.1969 149511274.3162 3871.2667 0.0988 0.1001 0.1337 0.1346 0.1358 0.1391 0.1395 0.1395 0.1395 0.1395 0.1346 0.0007 0.0052 0.0090 0.0171 0.0213 0.0216 0.0216 0.0216 0.0216 0.0216 1.4359 0.1945 0.1722 0.1341 0.1333 0.1258 0.1025 0.0999 0.0999 0.0999 0.0999 0.1338  
35065 4 1.1651 1.1114 0.0284 0.0282 28884417.2868 12873495.3385 1172372239.6969 188218.8531 710804.0234 54379158.3648 111773072.1504 95776057.5718 93976287.3454 93944798.9967 93944798.9967 93944798.9967 93944798.9967 93944798.9967 73.9587 0.2214 0.0374 0.0295 0.0260 0.0256 0.0256 0.0256 0.0256 0.0256 0.0256 0.0259 0.0416 0.5143 1.3000 1.5275 1.5374 1.5376 1.5376 1.5376 1.5376 1.5376 1.5376 0.1123 0.0767 0.0617 0.0566 0.0563 0.0563 0.0563 0.0563 0.0563 0.0563 0.0578  
35065 12 1.0012 0.9508 0.0027 0.0028 11515352.6362 49086.2316 4326049075.4323 1028071.7042 5305516.2284 322501364.6711 4159401207.3800 3942888116.5512 1720443295.3343 1119625778.0696 640020868.1231 267031669.1613 90402635.7648 36273398.5860 5.3057 0.1722 0.0035 0.0024 0.0025 0.0027 0.0028 0.0029 0.0029 0.0030 0.0033 0.0143 0.0186 0.1372 0.2786 0.3810 0.4352 0.4703 0.5138 0.5480 0.5643 0.5693 1.1640 0.1663 0.0816 0.0739 0.0722 0.0680 0.0660 0.0659 0.0658 0.0654 0.0647 0.0893  
35065 15 1.3799 1.1919 0.0123 0.0591 82900981.0106 0.0000 2254589502.6463 715453.9938 2005410995.5057 21396318033.0525 22055001408.5454 8456440251.7201 2460702158.7618 169146679.0898 2179967.8958 338005.9081 782458.6658 1417645.6870 799.0709 0.3359 0.0028 0.0003 0.0011 0.0106 0.1791 3.0505 5.1761 4.0930 3.3176 0.0060 0.0038 0.0342 0.0808 0.1147 0.1548 0.1707 0.1721 0.1731 0.1761 0.1804 1.6453 0.2846 0.1917 0.1548 0.1347 0.1333 0.1329 0.1235 0.1110 0.1081 0.1062 0.2026  
35065 29 0.9225 0.9204 0.0158 0.0326 22463944.5900 1038196.5632 137242574.5655 107828.3609 67437.5300 14781355.8556 267436789.5547 511412446.7417 439835417.0857 323512629.0710 208336359.8618 121786107.1466 77392752.6603 60469156.2480 57.3379 6.0188 0.9954 0.0793 0.0174 0.0092 0.0151 0.0419 0.1035 0.1931 0.2599 0.0656 0.0008 0.0082 0.0282 0.0621 0.1093 0.1664 0.2317 0.3016 0.3756 0.4292 2.5550 0.3151 0.1084 0.0845 0.0787 0.0686 0.0599 0.0543 0.0496 0.0454 0.0430 0.0682  
35065 30 1.8452 1.7779 0.0023 0.0223 52219811.1146 2272818.5870 304949256.4816 68189.0052 13409609.8244 224321943.2214 318665174.2885 165726878.7555 54664821.4300 31755552.7074 29792483.9243 29705075.8376 29702373.7138 29702373.7138 27.0037 0.0124 0.0744 0.2550 0.2084 0.0447 0.0120 0.0094 0.0093 0.0093 0.0093 0.3161 0.0092 0.1152 0.3963 0.8329 1.2515 1.4225 1.4449 1.4461 1.4461 1.4461 1.4461 0.1792 0.1321 0.0983 0.0766 0.0635 0.0570 0.0563 0.0563 0.0563 0.0563 0.0912  
35065 35 0.9400 0.8999 0.2240 0.3010 8756999.4380 2460.3051 68831935.6238 7598.4520 783035.5976 13148202.6009 31060245.9828 34488789.0946 25152674.8234 15282581.4532 11397419.6094 10680655.8048 10478213.3934 10283196.0869 0.0337 0.3352 1.0887 0.6457 0.2276 0.2148 0.1240 0.0362 0.0139 0.0118 0.0116 0.0126 0.0143 0.1168 0.2527 0.3549 0.4242 0.4826 0.5057 0.5111 0.5149 0.5194 1.4702 0.1332 0.1092 0.0820 0.0752 0.0723 0.0693 0.0666 0.0659 0.0658 0.0658 0.0598  
35065 36 0.8213 0.8548 0.0583 0.1006 119743554.3445 775494.8960 168519899.0517 215629.3246 13138674466.8745 24303374526.5533 16571978008.6186 6028693476.2588 551009716.6673 128979525.5472 117512420.3103 117512420.3103 117497728.6669 117483037.0235 3410.3320 0.0984 0.1005 0.1356 0.1363 0.1373 0.1408 0.1412 0.1412 0.1412 0.1412 0.1362 0.0007 0.0052 0.0090 0.0171 0.0213 0.0216 0.0216 0.0216 0.0216 0.0216 1.4359 0.1945 0.1688 0.1340 0.1334 0.1266 0.1028 0.0999 0.0999 0.0999 0.0999 0.1338  
43825 4 1.0768 1.0450 0.0221 0.0218 22237379.3033 17380572.2759 1253610680.0209 219285.8006 426067.6108 40078717.2225 108263312.9825 105484885.7433 104299683.9222 104277729.0817 104277729.0817 104277729.0817 104277729.0817 104277729.0817 80.9202 0.2143 0.0291 0.0220 0.0200 0.0198 0.0198 0.0198 0.0198 0.0198 0.0198 0.0200 0.0416 0.5143 1.3000 1.5275 1.5374 1.5376 1.5376 1.5376 1.5376 1.5376 1.5376 0.1118 0.0756 0.0604 0.0565 0.0563 0.0563 0.0563 0.0563 0.0563 0.0563 0.0571  
43825 12 0.9721 0.9516 0.0025 0.0024 11444267.8704 46115.3460 4230217797.8948 1029312.6404 3458336.7167 182797841.9144 2981364133.0698 3360227520.4316 2074897117.6545 1487207215.8806 852415918.5974 354366639.5511 118515605.1905 46237478.9184 2.9948 0.2203 0.0044 0.0023 0.0025 0.0026 0.0027 0.0027 0.0027 0.0028 0.0030 0.0266 0.0186 0.1372 0.2786 0.3810 0.4352 0.4703 0.5138 0.5480 0.5643 0.5693 1.1640 0.1893 0.0762 0.0731 0.0711 0.0670 0.0659 0.0659 0.0658 0.0656 0.0652 0.0766  
43825 15 1.3675 1.1052 0.0025 0.0073 13576350.0316 0.0000 2791543956.3920 987251.6550 1380029920.5739 22730733360.5031 25752334181.6500 11692524300.8849 3439760623.0805 236342749.0508 2910624.4157 191203.9646 390828.2906 676120.2302 845.2295 0.2337 0.0012 0.0003 0.0004 0.0013 0.0188 1.2882 6.7894 4.5088 3.1780 0.0021 0.0038 0.0342 0.0808 0.1147 0.1548 0.1707 0.1721 0.1731 0.1761 0.1804 1.6453 0.2853 0.1871 0.1535 0.1345 0.1333 0.1333 0.1322 0.1069 0.1028 0.1012 0.2028  
43825 29 0.9136 0.9226 0.0131 0.0183 25488549.5273 1339240.7511 112287011.9775 99474.1447 28873.2425 11527847.0372 228608170.6448 453294914.7383 410394763.9296 308951645.5235 193303595.9946 102795687.0440 56505862.4404 39512187.7258 53.9355 6.2710 0.6858 0.0253 0.0130 0.0113 0.0212 0.0594 0.1491 0.2852 0.3912 0.0166 0.0008 0.0082 0.0282 0.0621 0.1093 0.1664 0.2317 0.3016 0.3756 0.4292 2.5550 0.3210 0.1025 0.0836 0.0782 0.0681 0.0598 0.0546 0.0502 0.0460 0.0435 0.0671  
43825 30 1.1952 1.0308 0.0021 0.0246 68167345.4336 3570482.1837 480077289.5082 125823.8356 6934593.0251 118161766.7501 267529739.9387 255023128.3946 104273989.1338 48232278.7151 42302549.6493 42024696.0207 42016950.8255 42016950.8255 25.7845 0.0138 0.0812 0.2231 0.1693 0.0540 0.0119 0.0085 0.0083 0.0083 0.0083 0.2310 0.0092 0.1152 0.3963 0.8329 1.2515 1.4225 1.4449 1.4461 1.4461 1.4461 1.4461 0.1760 0.1269 0.0902 0.0738 0.0645 0.0574 0.0563 0.0563 0.0563 0.0563 0.0866  
43825 35 0.8853 0.8820 0.1117 0.3334 7598080.7195 49114.7381 59546083.6417 7142.7621 498434.4746 8907762.2266 26499701.2256 27123462.9257 19828993.8515 13139822.5766 10515565.7447 10015815.4672 9840314.1287 9657947.5900 0.0313 0.3993 1.3637 0.7509 0.2424 0.2248 0.1208 0.0347 0.0148 0.0129 0.0127 0.0135 0.0143 0.1168 0.2527 0.3549 0.4242 0.4826 0.5057 0.5111 0.5149 0.5194 1.4702 0.1347 0.1085 0.0822 0.0754 0.0720 0.0689 0.0665 0.0659 0.0658 0.0658 0.0598  
43825 36 0.8534 0.9073 0.0579 0.1003 91913670.0452 682835.4682 142490714.4729 177090.1144 11813714079.6035 21304152897.0713 14084895982.9846 5118321519.9639 461063756.9721 102243592.9135 92493984.4749 92493984.4749 92482420.6876 92470856.9002 2898.1759 0.0985 0.1002 0.1333 0.1345 0.1355 0.1391 0.1395 0.1395 0.1395 0.1395 0.1344 0.0007 0.0052 0.0090 0.0171 0.0213 0.0216 0.0216 0.0216 0.0216 0.0216 1.4359 0.1945 0.1693 0.1340 0.1334 0.1270 0.1030 0.0999 0.0999 0.0999 0.0999 0.1338  
52609 4 1.0327 1.0136 0.0199 0.0189 20864649.1916 16563514.2649 1282193562.2506 236133.8804 310066.9625 33054347.6634 103291000.1902 109125067.5325 108555628.4429 108544034.6184 108544034.6184 108544034.6184 108544034.6184 108544034.6184 83.6887 0.2193 0.0247 0.0187 0.0184 0.0183 0.0183 0.0183 0.0183 0.0183 0.0183 0.0184 0.0416 0.5143 1.3000 1.5275 1.5374 1.5376 1.5376 1.5376 1.5376 1.5376 1.5376 0.1112 0.0747 0.0596 0.0565 0.0563 0.0563 0.0563 0.0563 0.0563 0.0563 0.0568  
52609 12 0.9558 0.9526 0.0025 0.0024 11147254.7783 45256.6995 4094987489.9711 1000586.3348 4478107.7268 135249361.1749 2171187722.9830 2884504002.9494 2251963346.2167 1689275712.4108 969387436.4973 402385863.6119 133882592.8322 51598026.7040 3.0372 0.2250 0.0061 0.0023 0.0025 0.0026 0.0027 0.0027 0.0027 0.0027 0.0029 0.0329 0.0186 0.1372 0.2786 0.3810 0.4352 0.4703 0.5138 0.5480 0.5643 0.5693 1.1640 0.1905 0.0772 0.0729 0.0702 0.0666 0.0659 0.0659 0.0658 0.0657 0.0653 0.0788  
52609 15 1.1864 1.0631 0.0027 0.0055 28795958.2039 0.0000 3170700024.5196 1350088.5451 979504961.5952 23024356561.0801 28073817494.9053 14518731231.7507 4302114192.8592 295625958.3129 3664308.2342 206435.5867 290592.4629 410864.8300 861.3330 0.4236 0.0024 0.0003 0.0004 0.0013 0.0198 1.3463 8.1216 6.5631 5.2368 0.0027 0.0038 0.0342 0.0808 0.1147 0.1548 0.1707 0.1721 0.1731 0.1761 0.1804 1.6453 0.2774 0.1849 0.1522 0.1342 0.1333 0.1333 0.1321 0.1107 0.1069 0.1044 0.2028  
52609 29 0.9053 0.9192 0.0154 0.0190 24929292.2056 999348.5247 89412335.0420 90880.8831 27775.5848 9912883.4677 197556207.3546 402839319.3651 381127518.1924 291324212.0063 175102490.6853 82436099.6185 37404018.5153 22414735.2917 50.7127 6.1390 0.8406 0.0229 0.0129 0.0131 0.0273 0.0795 0.2040 0.3914 0.5389 0.0122 0.0008 0.0082 0.0282 0.0621 0.1093 0.1664 0.2317 0.3016 0.3756 0.4292 2.5550 0.3097 0.1053 0.0835 0.0778 0.0678 0.0598 0.0550 0.0509 0.0468 0.0442 0.0671  
52609 30 1.1202 0.9085 0.0302 0.0398 123272642.3521 46553.0453 690300168.9576 150389.3231 4656906.3912 63091413.6244 108980856.8182 184167159.5686 132715570.4707 77167966.2658 68754025.6945 68293098.2069 68278794.2410 68278794.2410 18.4340 0.0339 0.3636 0.7391 0.2804 0.0774 0.0265 0.0186 0.0182 0.0181 0.0181 0.4793 0.0092 0.1152 0.3963 0.8329 1.2515 1.4225 1.4449 1.4461 1.4461 1.4461 1.4461 0.1763 0.1295 0.0879 0.0699 0.0630 0.0575 0.0563 0.0563 0.0563 0.0563 0.0778  
52609 35 0.9152 0.8783 0.1176 0.3760 7142455.7549 47593.8978 52322146.1347 6323.2327 303625.7372 6394015.1610 22642508.4049 20510515.5015 14977669.8551 11116289.9199 9613989.7177 9308149.2702 9158619.6513 8990121.5384 0.0291 0.4016 1.5547 0.8364 0.2889 0.2588 0.1270 0.0357 0.0164 0.0147 0.0145 0.0152 0.0143 0.1168 0.2527 0.3549 0.4242 0.4826 0.5057 0.5111 0.5149 0.5194 1.4702 0.1346 0.1075 0.0826 0.0757 0.0717 0.0684 0.0664 0.0659 0.0658 0.0658 0.0598  
52609 36 0.8479 0.8896 0.0578 0.1002 79650658.6927 648502.5252 122012748.5582 151123.7322 9608294355.9738 17902073500.2659 12309374213.4184 4468880337.7288 395104806.3771 81239248.5180 72711113.5464 72711113.5464 72702023.0541 72692932.5618 2533.5660 0.0982 0.1001 0.1340 0.1350 0.1361 0.1402 0.1408 0.1408 0.1408 0.1408 0.1350 0.0007 0.0052 0.0090 0.0171 0.0213 0.0216 0.0216 0.0216 0.0216 0.0216 1.4359 0.1945 0.1686 0.1340 0.1334 0.1276 0.1033 0.0999 0.0999 0.0999 0.0999 0.1338  
61369 4 0.9807 1.0100 0.0198 0.0179 20050446.6170 15382530.0209 1308418929.8241 243847.2081 365350.8448 31717627.2848 102199995.3265 111071915.3998 110760868.9500 110753682.9439 110753682.9439 110753682.9439 110753682.9439 110753682.9439 85.3593 0.2545 0.0262 0.0184 0.0171 0.0170 0.0170 0.0170 0.0170 0.0170 0.0170 0.0171 0.0416 0.5143 1.3000 1.5275 1.5374 1.5376 1.5376 1.5376 1.5376 1.5376 1.5376 0.1129 0.0749 0.0594 0.0564 0.0563 0.0563 0.0563 0.0563 0.0563 0.0563 0.0568  
61369 12 0.9544 0.9534 0.0025 0.0024 10959960.3269 48433.3735 3934729930.5655 956386.9416 5609118.3675 99074783.7144 1532850081.6905 2490011473.3383 2359633153.7901 1822526299.6913 1046621719.3732 434039135.8008 143951066.4285 55051736.5395 3.1747 0.2245 0.0084 0.0023 0.0025 0.0027 0.0027 0.0027 0.0027 0.0028 0.0029 0.0348 0.0186 0.1372 0.2786 0.3810 0.4352 0.4703 0.5138 0.5480 0.5643 0.5693 1.1640 0.1904 0.0795 0.0727 0.0693 0.0664 0.0659 0.0659 0.0658 0.0657 0.0654 0.0820  
61369 15 1.0772 0.9865 0.0014 0.0039 12784074.3330 0.0000 3278127684.9232 1601800.9614 486750302.0364 19939804153.4344 28535821861.7673 15832184410.4435 4707108397.5093 323371517.5221 3915601.6305 113331.3147 150530.7141 203694.0550 573.3498 0.2735 0.0006 0.0001 0.0002 0.0009 0.0141 1.0176 8.5083 7.4302 6.3183 0.0027 0.0038 0.0342 0.0808 0.1147 0.1548 0.1707 0.1721 0.1731 0.1761 0.1804 1.6453 0.2697 0.1785 0.1514 0.1341 0.1333 0.1333 0.1325 0.1120 0.1088 0.1063 0.2028  
61369 29 0.8540 0.9133 0.0222 0.0263 23320049.8791 850927.8372 69374001.7244 82278.7132 30524.8445 8383653.6780 167753384.9994 355960079.3528 354828616.1871 272516248.3444 154083469.8068 61028099.0320 20939637.4141 10152116.2287 48.3250 6.2071 1.0078 0.0345 0.0182 0.0175 0.0364 0.1051 0.2830 0.5639 0.7706 0.0156 0.0008 0.0082 0.0282 0.0621 0.1093 0.1664 0.2317 0.3016 0.3756 0.4292 2.5550 0.3150 0.1092 0.0835 0.0773 0.0675 0.0599 0.0555 0.0520 0.0480 0.0454 0.0671  
61369 30 1.1998 1.0742 0.0299 0.0340 111256209.8068 49627.0399 801856974.9790 168470.7222 10687383.2608 112430422.7453 115438728.7491 98770426.9385 100695683.8941 99612860.9962 99428883.5645 99419957.3403 99419889.4056 99419889.4056 14.4185 0.0299 0.3318 0.8839 0.3518 0.0603 0.0227 0.0180 0.0178 0.0178 0.0178 0.7626 0.0092 0.1152 0.3963 0.8329 1.2515 1.4225 1.4449 1.4461 1.4461 1.4461 1.4461 0.1790 0.1352 0.0971 0.0694 0.0604 0.0569 0.0563 0.0563 0.0563 0.0563 0.0839  
61369 35 0.8275 0.8933 0.0999 0.4189 6322957.2214 93642.0930 46283123.4986 5787.3172 302117.6087 6042948.9753 19501612.0511 15434935.6431 11272037.1622 9459902.4617 8769690.5514 8605333.8450 8477409.7835 8322617.1557 0.0269 0.3773 1.6097 0.9532 0.3271 0.2791 0.1233 0.0345 0.0173 0.0158 0.0156 0.0163 0.0143 0.1168 0.2527 0.3549 0.4242 0.4826 0.5057 0.5111 0.5149 0.5194 1.4702 0.1350 0.1081 0.0830 0.0762 0.0713 0.0679 0.0662 0.0659 0.0658 0.0658 0.0598  
61369 36 0.8353 0.8681 0.0556 0.0964 69659604.6433 501970.2578 105938757.1387 128132.4058 7036961072.7544 14347233416.3953 10851606701.6539 3937369778.6761 342054190.3751 65051757.3509 57525240.2467 57525240.2467 57518048.3234 57510856.4000 2234.7744 0.0931 0.0951 0.1278 0.1285 0.1294 0.1338 0.1344 0.1344 0.1344 0.1344 0.1284 0.0007 0.0052 0.0090 0.0171 0.0213 0.0216 0.0216 0.0216 0.0216 0.0216 1.4359 0.1944 0.1660 0.1340 0.1334 0.1280 0.1037 0.0998 0.0998 0.0998 0.0998 0.1338  
70129 4 1.0657 1.0242 0.0182 0.0173 19532990.2303 15916102.6336 1340707300.9033 239148.5376 511114.5098 37796049.3465 110533556.4655 113961498.4546 113121631.8585 113105295.7648 113105295.7648 113105295.7648 113105295.7648 113105295.7648 87.3594 0.2060 0.0264 0.0182 0.0163 0.0161 0.0161 0.0161 0.0161 0.0161 0.0161 0.0162 0.0416 0.5143 1.3000 1.5275 1.5374 1.5376 1.5376 1.5376 1.5376 1.5376 1.5376 0.1125 0.0760 0.0597 0.0565 0.0563 0.0563 0.0563 0.0563 0.0563 0.0563 0.0569  
70129 12 0.9449 0.9546 0.0026 0.0025 10922839.0374 57059.5819 3742692952.1458 912784.7488 8593864.6218 84789537.9460 1154844870.7530 2211901478.9998 2349706513.1947 1841246617.6910 1057748917.2996 438457320.3317 145192232.6074 55319303.4200 3.9333 0.2128 0.0125 0.0024 0.0027 0.0028 0.0028 0.0028 0.0028 0.0028 0.0030 0.0373 0.0186 0.1372 0.2786 0.3810 0.4352 0.4703 0.5138 0.5480 0.5643 0.5693 1.1640 0.1909 0.0841 0.0724 0.0686 0.0662 0.0659 0.0659 0.0658 0.0657 0.0654 0.0885  
70129 15 1.0464 0.9928 0.0012 0.0029 11715317.1257 0.0000 3314405488.4519 1725434.2601 447572893.1068 18687981960.8704 28338118482.4200 16408360218.3146 4888079442.2027 335787263.8051 4046829.6602 90476.5227 106095.8470 128418.1486 485.5119 0.2231 0.0009 0.0005 0.0005 0.0010 0.0094 0.6872 8.6896 7.8750 6.9556 0.0024 0.0038 0.0342 0.0808 0.1147 0.1548 0.1707 0.1721 0.1731 0.1761 0.1804 1.6453 0.2711 0.1779 0.1508 0.1341 0.1333 0.1333 0.1329 0.1124 0.1096 0.1072 0.2028  
70129 29 0.7865 0.9123 0.0262 0.0331 18809338.5632 804129.6223 54740688.1574 70268.0660 24268.6096 7019992.7336 141486926.1385 313213824.5773 327860914.2855 252022883.5581 134214469.2903 43777890.2651 9904856.8475 3384857.1671 45.6830 6.0931 1.0174 0.0409 0.0243 0.0236 0.0447 0.1139 0.3199 0.7523 1.1028 0.0202 0.0008 0.0082 0.0282 0.0621 0.1093 0.1664 0.2317 0.3016 0.3756 0.4292 2.5550 0.3113 0.1090 0.0833 0.0768 0.0672 0.0600 0.0562 0.0536 0.0500 0.0471 0.0671  
70129 30 1.0486 0.8509 0.0236 0.0331 94717432.6774 52370.7344 815381618.8218 202126.8965 3935071.1820 31483012.7522 30167307.0779 52987335.6798 83936245.4587 104947469.9616 108630725.2229 108851317.0170 108859269.2658 108859269.2658 4.1739 0.0371 0.6115 1.5052 0.5519 0.0600 0.0205 0.0186 0.0185 0.0185 0.0185 1.1839 0.0092 0.1152 0.3963 0.8329 1.2515 1.4225 1.4449 1.4461 1.4461 1.4461 1.4461 0.1719 0.1350 0.0923 0.0687 0.0589 0.0565 0.0563 0.0563 0.0563 0.0563 0.0824  
70129 35 0.9949 0.9037 0.1261 0.4752 5786976.0674 78643.5341 40388806.6583 4788.8153 393543.1757 6696015.3976 16400839.1937 11547005.1090 8576528.0628 8153304.7989 8010045.1725 7942010.5034 7831224.3183 7689042.6348 0.0249 0.3654 1.5420 1.1035 0.3848 0.3014 0.1205 0.0350 0.0196 0.0183 0.0181 0.0188 0.0143 0.1168 0.2527 0.3549 0.4242 0.4826 0.5057 0.5111 0.5149 0.5194 1.4702 0.1339 0.1096 0.0837 0.0767 0.0708 0.0675 0.0662 0.0659 0.0658 0.0658 0.0598  
70129 36 0.8347 0.8719 0.0557 0.0957 61704178.2079 437494.3964 92477115.1770 107028.5866 5143346817.0149 11575372308.5299 9549291059.6037 3463022260.4811 296186507.1706 52196462.9664 45566934.6250 45566934.6250 45561237.7535 45555540.8820 1967.4978 0.0933 0.0954 0.1278 0.1284 0.1291 0.1326 0.1332 0.1332 0.1332 0.1332 0.1284 0.0007 0.0052 0.0090 0.0171 0.0213 0.0216 0.0216 0.0216 0.0216 0.0216 1.4359 0.1944 0.1632 0.1339 0.1335 0.1285 0.1040 0.0998 0.0998 0.0998 0.0998 0.1338  
78889 4 1.0020 1.0067 0.0189 0.0180 21189359.3165 15978554.4318 1378647771.3787 254861.7386 449866.5106 32914158.8964 109440834.6596 116030495.3828 115276880.2043 115261680.0563 115261680.0563 115261680.0563 115261680.0563 115261680.0563 88.6522 0.2153 0.0266 0.0190 0.0173 0.0171 0.0171 0.0171 0.0171 0.0171 0.0171 0.0172 0.0416 0.5143 1.3000 1.5275 1.5374 1.5376 1.5376 1.5376 1.5376 1.5376 1.5376 0.1131 0.0746 0.0594 0.0565 0.0563 0.0563 0.0563 0.0563 0.0563 0.0563 0.0567  
78889 12 0.9369 0.9616 0.0028 0.0026 10835336.3274 88360.3611 3548887117.9773 862477.0747 28961200.9983 128585695.2747 925959665.1322 2001590431.3613 2285278356.1084 1805549348.8386 1037448904.8470 429932839.7262 142244063.5858 54080040.2636 9.7071 0.1821 0.0147 0.0024 0.0028 0.0029 0.0029 0.0029 0.0029 0.0030 0.0031 0.0227 0.0186 0.1372 0.2786 0.3810 0.4352 0.4703 0.5138 0.5480 0.5643 0.5693 1.1640 0.1909 0.0978 0.0722 0.0681 0.0661 0.0659 0.0659 0.0659 0.0657 0.0655 0.1049  
78889 15 0.9782 0.9879 0.0009 0.0021 8827029.0455 0.0000 3265502178.1197 1805439.8609 322992571.5401 18230374754.5077 27902805733.0023 16272329241.8993 4849135679.5204 333100656.4292 4001825.2276 73731.0352 79736.3959 88318.9540 472.8448 0.3385 0.0007 0.0001 0.0002 0.0005 0.0074 0.5704 8.8315 8.3390 7.7122 0.0018 0.0038 0.0342 0.0808 0.1147 0.1548 0.1707 0.1721 0.1731 0.1761 0.1804 1.6453 0.2644 0.1770 0.1505 0.1341 0.1333 0.1333 0.1330 0.1130 0.1112 0.1092 0.2028  
78889 29 0.7256 0.9194 0.0270 0.0361 13143726.0888 434320.0657 46316639.0898 55265.2929 17113.9790 5810429.1688 118426483.5993 275248071.5660 302443591.0075 232325364.3833 119079396.1948 34104321.7594 5023821.2115 931166.5432 43.2236 6.1275 1.0316 0.0430 0.0263 0.0281 0.0477 0.0933 0.2368 0.7031 1.3509 0.0236 0.0008 0.0082 0.0282 0.0621 0.1093 0.1664 0.2317 0.3016 0.3756 0.4292 2.5550 0.3054 0.1088 0.0831 0.0762 0.0669 0.0601 0.0567 0.0551 0.0532 0.0508 0.0671  
78889 30 0.9809 0.9506 0.0195 0.0256 64315477.0845 47326.9647 785967219.2715 211954.4209 4489413.2647 34199071.3298 16509283.6854 27118142.8123 71394827.1070 103020234.6438 108283834.2154 108591378.8753 108602118.4482 108602118.4482 1.8348 0.0439 0.7381 2.0049 0.4302 0.0372 0.0195 0.0185 0.0184 0.0184 0.0184 1.9470 0.0092 0.1152 0.3963 0.8329 1.2515 1.4225 1.4449 1.4461 1.4461 1.4461 1.4461 0.1778 0.1413 0.1018 0.0656 0.0576 0.0564 0.0563 0.0563 0.0563 0.0563 0.0834  
78889 35 0.8000 0.8944 0.1237 0.5022 4788614.7412 175338.8176 40443589.1867 4764.2629 355972.8385 5515069.9451 12857472.7612 8959178.8849 7047801.9384 7250519.1317 7346851.0775 7322813.4135 7224066.8734 7093333.4484 0.0230 0.4174 1.6117 1.2427 0.3911 0.2774 0.1022 0.0322 0.0203 0.0193 0.0192 0.0197 0.0143 0.1168 0.2527 0.3549 0.4242 0.4826 0.5057 0.5111 0.5149 0.5194 1.4702 0.1340 0.1101 0.0841 0.0769 0.0703 0.0672 0.0661 0.0659 0.0658 0.0658 0.0598  
78889 36 0.8900 0.9203 0.0550 0.0952 54561276.7065 393320.9865 82587822.1425 89335.9396 4449201570.4071 10248018797.5290 8609027773.9324 3119129972.1196 262232382.1433 42121639.3919 36140942.0345 36140942.0345 36136423.6199 36131905.2054 1774.0217 0.0932 0.0951 0.1261 0.1272 0.1278 0.1313 0.1319 0.1319 0.1319 0.1319 0.1271 0.0007 0.0052 0.0090 0.0171 0.0213 0.0216 0.0216 0.0216 0.0216 0.0216 1.4359 0.1944 0.1632 0.1339 0.1335 0.1290 0.1045 0.0998 0.0998 0.0998 0.0998 0.1338  
87673 4 1.0961 1.0629 0.0168 0.0164 19407201.6856 17055166.9334 1453831181.5819 255380.8069 1057668.0435 56705863.8720 138704616.3458 122423492.4885 119727436.8784 119679021.6384 119679021.6384 119679021.6384 119679021.6384 119679021.6384 93.0903 0.2184 0.0273 0.0173 0.0150 0.0148 0.0148 0.0148 0.0148 0.0148 0.0148 0.0150 0.0416 0.5143 1.3000 1.5275 1.5374 1.5376 1.5376 1.5376 1.5376 1.5376 1.5376 0.1149 0.0771 0.0605 0.0565 0.0563 0.0563 0.0563 0.0563 0.0563 0.0563 0.0572  
87673 12 0.9529 0.9607 0.0029 0.0027 10762066.2154 87083.9318 3364430377.0375 808048.9015 27036195.6250 134766591.1306 802442413.7478 1850810712.4458 2191851658.3422 1738585701.7314 999059561.0681 413962320.8950 136889971.9799 51979424.8022 10.1885 0.1827 0.0133 0.0025 0.0029 0.0030 0.0030 0.0030 0.0031 0.0031 0.0032 0.0199 0.0186 0.1372 0.2786 0.3810 0.4352 0.4703 0.5138 0.5480 0.5643 0.5693 1.1640 0.1851 0.0990 0.0722 0.0678 0.0661 0.0659 0.0659 0.0659 0.0657 0.0655 0.1039  
87673 15 0.9799 1.0245 0.0015 0.0025 8947985.0409 0.0000 3246104068.5322 1766139.8393 559015871.7472 21143612783.5975 27203288796.0528 16220034392.1578 4839333982.6878 332469677.7798 4038790.0681 116647.2135 116729.5804 116847.3493 857.8730 0.3349 0.0006 0.0001 0.0001 0.0006 0.0095 0.7227 8.9859 8.7861 8.5020 0.0015 0.0038 0.0342 0.0808 0.1147 0.1548 0.1707 0.1721 0.1731 0.1761 0.1804 1.6453 0.2667 0.1818 0.1505 0.1340 0.1333 0.1333 0.1328 0.1136 0.1128 0.1118 0.2028  
87673 29 0.4893 0.9268 0.0264 0.0370 7307577.2164 335718.2961 42290996.6844 40101.0709 8781.6798 4848523.8568 100006940.8228 241129490.8640 275278828.8019 214161452.6912 109653483.4788 30885802.3212 4220684.9993 659897.9703 39.7471 6.1056 0.8934 0.0427 0.0277 0.0308 0.0471 0.0659 0.1044 0.2543 0.5839 0.0254 0.0008 0.0082 0.0282 0.0621 0.1093 0.1664 0.2317 0.3016 0.3756 0.4292 2.5550 0.3020 0.1051 0.0829 0.0757 0.0667 0.0602 0.0569 0.0558 0.0554 0.0550 0.0671  
87673 30 0.9511 0.9461 0.0181 0.0226 56449863.9609 47888.9554 740868335.3829 207914.5553 4109370.0254 29532353.0652 11333943.2248 17489258.0856 62922937.4514 97674400.8903 103524700.4179 103867448.3417 103879441.6743 103879441.6743 1.0127 0.0445 0.7841 2.3288 0.5093 0.0298 0.0189 0.0185 0.0184 0.0184 0.0184 2.5571 0.0092 0.1152 0.3963 0.8329 1.2515 1.4225 1.4449 1.4461 1.4461 1.4461 1.4461 0.1768 0.1427 0.1062 0.0642 0.0569 0.0563 0.0563 0.0563 0.0563 0.0563 0.0879  
87673 35 0.8281 0.9764 0.1725 0.6052 4764024.2536 134710.4252 31527386.1405 3811.4148 713956.6534 8659697.2737 12184970.9919 7758344.7497 6064981.6244 6539311.3276 6743638.1940 6741122.4475 6651953.9328 6531802.3010 0.0212 0.4778 1.5574 1.5710 0.4685 0.2935 0.1052 0.0340 0.0223 0.0212 0.0211 0.0218 0.0143 0.1168 0.2527 0.3549 0.4242 0.4826 0.5057 0.5111 0.5149 0.5194 1.4702 0.1346 0.1124 0.0853 0.0773 0.0701 0.0670 0.0661 0.0659 0.0658 0.0658 0.0598  
87673 36 0.8429 0.8863 0.0558 0.0957 49345525.3421 380926.7754 71713342.8362 79505.2775 3363690727.5903 8496166008.6517 7620451515.8844 2759529786.5837 228821890.5490 33842554.5745 28544709.8886 28544709.8886 28541141.1705 28537572.4525 1570.8299 0.0930 0.0959 0.1284 0.1291 0.1300 0.1350 0.1361 0.1361 0.1361 0.1361 0.1291 0.0007 0.0052 0.0090 0.0171 0.0213 0.0216 0.0216 0.0216 0.0216 0.0216 1.4359 0.1943 0.1604 0.1339 0.1336 0.1295 0.1050 0.0998 0.0998 0.0998 0.0998 0.1338  
96433 4 0.9742 0.9899 0.0177 0.0164 19373283.1968 19648242.6049 1461769101.4178 279911.2402 496586.6656 30319768.4746 112933971.8245 125768453.8874 125432401.5372 125424099.1760 125424099.1760 125424099.1760 125424099.1760 125424099.1760 96.3246 0.2756 0.0248 0.0169 0.0160 0.0159 0.0159 0.0159 0.0159 0.0159 0.0159 0.0159 0.0416 0.5143 1.3000 1.5275 1.5374 1.5376 1.5376 1.5376 1.5376 1.5376 1.5376 0.1155 0.0728 0.0591 0.0565 0.0563 0.0563 0.0563 0.0563 0.0563 0.0563 0.0567  
96433 12 0.9306 0.9633 0.0031 0.0029 10929912.9812 92946.3235 3185922923.3656 769967.0571 40644354.1725 143130959.9742 723743798.7968 1733589740.3866 2086700424.8521 1657959051.4352 952754324.7416 394737977.6589 130489770.7112 49509265.1985 12.4082 0.1687 0.0140 0.0027 0.0032 0.0032 0.0033 0.0033 0.0033 0.0033 0.0034 0.0176 0.0186 0.1372 0.2786 0.3810 0.4352 0.4703 0.5138 0.5480 0.5643 0.5693 1.1640 0.1871 0.1018 0.0722 0.0677 0.0661 0.0659 0.0659 0.0659 0.0657 0.0655 0.1068  
96433 15 1.0117 0.9781 0.0012 0.0029 10049556.1597 0.0000 3193530195.2836 1730664.4132 511571253.5329 20166015012.6177 26012143218.0783 16235749489.7511 4853775696.6677 333432587.6999 4019382.2653 85111.2300 84032.0504 82489.7877 860.9579 0.3377 0.0005 0.0001 0.0001 0.0007 0.0107 0.8006 9.0226 8.9459 8.8308 0.0016 0.0038 0.0342 0.0808 0.1147 0.1548 0.1707 0.1721 0.1731 0.1761 0.1804 1.6453 0.2589 0.1813 0.1502 0.1340 0.1333 0.1333 0.1327 0.1138 0.1135 0.1131 0.2028  
96433 29 0.7155 0.9292 0.0278 0.0408 5013397.4445 250103.4975 39161418.9612 19619.8059 13392.2835 4084874.3791 84208910.4336 210546979.2857 250028807.9371 198433829.0828 102418753.3196 28917610.6432 3952746.1196 617922.9362 36.2673 6.0030 1.1716 0.0626 0.0335 0.0290 0.0386 0.0502 0.0719 0.1564 0.3524 0.0279 0.0008 0.0082 0.0282 0.0621 0.1093 0.1664 0.2317 0.3016 0.3756 0.4292 2.5550 0.2962 0.1113 0.0829 0.0753 0.0664 0.0601 0.0568 0.0558 0.0555 0.0553 0.0671  
96433 30 0.9325 0.9665 0.0178 0.0218 56654326.8996 44422.4654 693439941.1300 197754.2507 4692802.1998 35275877.4004 13990942.5586 14350092.2365 57405011.8057 91605058.1222 97390988.1467 97730338.3790 97742224.8256 97742224.8256 1.0967 0.0442 0.7542 2.2765 0.6724 0.0279 0.0187 0.0185 0.0185 0.0185 0.0185 2.8829 0.0092 0.1152 0.3963 0.8329 1.2515 1.4225 1.4449 1.4461 1.4461 1.4461 1.4461 0.1777 0.1423 0.1084 0.0647 0.0566 0.0563 0.0563 0.0563 0.0563 0.0563 0.0934  
96433 35 0.8437 0.8596 0.1309 0.5356 3811308.9550 175206.7152 34461573.6865 3156.3837 419103.6088 5519371.2598 8768541.6223 5523139.0495 4787614.1191 5764944.7713 6160365.7263 6193227.4374 6114384.4419 6004308.7643 0.0195 0.4332 1.3752 1.3220 0.4463 0.2703 0.0922 0.0333 0.0239 0.0231 0.0230 0.0236 0.0143 0.1168 0.2527 0.3549 0.4242 0.4826 0.5057 0.5111 0.5149 0.5194 1.4702 0.1342 0.1114 0.0846 0.0770 0.0696 0.0668 0.0660 0.0659 0.0658 0.0658 0.0598  
96433 36 0.8627 0.9078 0.0553 0.0952 32619943.9176 372848.9943 61606862.2879 67014.2952 3077871531.7102 7456353264.7059 6500399931.7524 2352551786.1128 193494142.3471 27148738.9407 22628915.5246 22628915.5246 22626086.4113 22623257.2979 1339.8253 0.0925 0.0950 0.1264 0.1272 0.1278 0.1316 0.1324 0.1324 0.1324 0.1324 0.1272 0.0007 0.0052 0.0090 0.0171 0.0213 0.0216 0.0216 0.0216 0.0216 0.0216 1.4359 0.1943 0.1609 0.1339 0.1336 0.1298 0.1054 0.0998 0.0998 0.0998 0.0998 0.1338  
