8761 4 0.7676 0.7931 0.1593 0.2046 23911448.8069 24045036.2678 233635300.8145 27097.7238 618353.6813 30547661.0201 34123345.2186 12274209.7941 10668145.6740 10641173.4864 10641173.4864 10641173.4864 10641173.4864 10641173.4864 9.6908 0.5174 0.2673 0.2416 0.2188 0.2115 0.2114 0.2114 0.2114 0.2114 0.2114 0.2182 0.0416 0.5143 1.3000 1.5275 1.5374 1.5376 1.5376 1.5376 1.5376 1.5376 1.5376 0.1120 0.0801 0.0662 0.0578 0.0563 0.0563 0.0563 0.0563 0.0563 0.0563 0.0646  
8761 12 1.5712 0.6947 0.0174 0.0303 16684567.5025 3725452.4739 1252034156.8372 41488.6415 822252851.2705 4073055848.4883 1577200576.1265 329722832.1599 94217038.2759 56967505.3516 35227375.4578 18527558.0150 10618766.8746 8194707.5442 306.4875 0.5546 0.0195 0.0268 0.0414 0.0464 0.0476 0.0486 0.0508 0.0539 0.0560 0.0146 0.0186 0.1372 0.2786 0.3810 0.4352 0.4703 0.5138 0.5480 0.5643 0.5693 1.1640 0.1878 0.1139 0.0852 0.0730 0.0673 0.0657 0.0651 0.0639 0.0620 0.0608 0.1160  
8761 15 0.7653 0.6288 0.1983 0.1767 580218884.5448 0.0000 1653556969.6626 459601.9472 1044770818.0666 12079632292.3942 8624364646.9664 3238379243.5718 1562270371.2691 937272209.6878 890296600.4688 881661332.4940 858048154.1471 824301943.6233 1228.0556 1.1032 0.0083 0.0021 0.0363 0.2464 0.4513 0.4736 0.4741 0.4748 0.4760 0.2167 0.0038 0.0342 0.0808 0.1147 0.1548 0.1707 0.1721 0.1731 0.1761 0.1804 1.6453 0.2763 0.2001 0.1548 0.1330 0.1232 0.1148 0.1139 0.1139 0.1138 0.1137 0.1621  
8761 29 0.7053 0.6412 0.0602 0.1211 72456383.2418 208408700.0343 214096206.5821 90268.4302 2309377.6977 312711909.0543 797087741.1664 728142630.3063 505590166.1840 340237838.3716 232619595.1706 170710903.3675 143587510.3991 134371621.5351 147.5362 5.0151 1.3567 0.2758 0.0764 0.0523 0.1002 0.2863 0.5153 0.6427 0.6879 0.1542 0.0008 0.0082 0.0282 0.0621 0.1093 0.1664 0.2317 0.3016 0.3756 0.4292 2.5550 0.1656 0.1185 0.1033 0.0842 0.0695 0.0597 0.0529 0.0479 0.0442 0.0422 0.0966  
8761 30 0.1259 0.8874 0.0169 0.0374 21327512.0396 29119.6854 167845539.7439 3937.2252 17.8551 3925.3039 1027651.5529 9578436.6280 19433724.3212 21537770.1870 21599591.8401 21597300.4819 21597008.8816 21597008.8816 0.4598 1.3384 3.6391 0.8764 0.2105 0.0645 0.0305 0.0248 0.0245 0.0245 0.0245 0.2906 0.0092 0.1152 0.3963 0.8329 1.2515 1.4225 1.4449 1.4461 1.4461 1.4461 1.4461 0.1301 0.0879 0.0689 0.0638 0.0595 0.0568 0.0563 0.0563 0.0563 0.0563 0.0663  
8761 35 0.9121 0.4484 0.2802 0.5679 12238072.2033 1992710.8282 101418467.0111 11451.9794 3075183.2103 35108948.7542 63383520.6182 64588667.8799 43424918.5887 22523863.9957 14334441.5848 12877582.4888 12584303.8598 12347550.9967 0.0417 0.5779 1.9849 1.7892 0.2522 0.1918 0.1329 0.0637 0.0437 0.0418 0.0416 0.0442 0.0143 0.1168 0.2527 0.3549 0.4242 0.4826 0.5057 0.5111 0.5149 0.5194 1.4702 0.1354 0.1123 0.0838 0.0758 0.0726 0.0698 0.0668 0.0660 0.0658 0.0658 0.0598  
8761 36 0.4268 0.5426 0.0441 0.1021 169624234.2271 1882152.5136 276962787.1697 75289.4836 31494431446.2148 48083263329.4675 24608547153.9098 8980587290.9415 884670457.5178 260917523.8767 243969363.1590 243969363.1590 243938861.6097 243908360.0603 5053.3890 1.3340 0.1362 0.1391 0.1393 0.1417 0.1471 0.1476 0.1476 0.1476 0.1476 0.1391 0.0007 0.0052 0.0090 0.0171 0.0213 0.0216 0.0216 0.0216 0.0216 0.0216 1.4359 0.1897 0.1721 0.1293 0.1282 0.1193 0.0980 0.0960 0.0960 0.0960 0.0960 0.1289  
17545 4 4.7285 1.8596 0.0542 0.0615 16047255.9703 4585990.2790 509336945.9037 16345.0156 1129782.8571 60342231.2393 74002918.1714 32462083.1554 29244022.2442 29189552.7228 29189552.7228 29189552.7228 29189552.7228 29189552.7228 25.3612 0.1977 0.0554 0.0472 0.0401 0.0384 0.0384 0.0384 0.0384 0.0384 0.0384 0.0410 0.0416 0.5143 1.3000 1.5275 1.5374 1.5376 1.5376 1.5376 1.5376 1.5376 1.5376 0.1123 0.0796 0.0652 0.0574 0.0563 0.0563 0.0563 0.0563 0.0563 0.0563 0.0625  
17545 12 1.5332 1.6529 0.0086 0.0126 17557460.1332 192055.0818 2942835334.4463 686066.8081 1292626412.1781 6515306395.2937 4192582852.0265 1660295539.5790 380233933.1969 181509006.3864 104510958.9822 46777876.4977 19437881.9382 11059049.6844 481.5504 0.1058 0.0040 0.0078 0.0131 0.0151 0.0160 0.0162 0.0166 0.0174 0.0182 0.0026 0.0186 0.1372 0.2786 0.3810 0.4352 0.4703 0.5138 0.5480 0.5643 0.5693 1.1640 0.1856 0.1076 0.0818 0.0738 0.0691 0.0660 0.0655 0.0647 0.0632 0.0617 0.1125  
17545 15 0.9457 1.0789 0.2397 0.2071 427376624.9512 0.0000 1481318595.6901 663744.7597 1522911165.5808 14006381349.2092 11332647447.0545 4129049609.2766 1475223285.8808 472614273.6333 398921995.6396 394491811.4232 384109444.0388 369271734.5877 941.5940 0.1343 0.0009 0.0006 0.0205 0.2025 0.6100 0.6908 0.6918 0.6914 0.6907 0.2009 0.0038 0.0342 0.0808 0.1147 0.1548 0.1707 0.1721 0.1731 0.1761 0.1804 1.6453 0.2817 0.1940 0.1554 0.1342 0.1275 0.1161 0.1139 0.1139 0.1138 0.1137 0.1739  
17545 29 1.1494 0.8692 0.0444 0.0920 19884918.4349 851386.1066 192935867.0628 118689.1865 619958.9388 95281531.9990 472994387.8364 690433394.5165 531908027.6878 347574064.5793 224869654.6299 156253201.3527 124262582.9141 112036665.8328 92.7952 3.7209 0.6970 0.2908 0.0530 0.0094 0.0102 0.0267 0.0624 0.1099 0.1441 0.2807 0.0008 0.0082 0.0282 0.0621 0.1093 0.1664 0.2317 0.3016 0.3756 0.4292 2.5550 0.2277 0.1124 0.0953 0.0811 0.0695 0.0604 0.0538 0.0486 0.0445 0.0424 0.0847  
17545 30 1.2199 1.5399 0.0029 0.0076 3924260.5741 1534355.3448 170423938.5538 37432.7611 1380574.9112 45990502.3832 59482165.5553 20013899.0493 16055368.8851 21626349.1712 22723563.7537 22789489.6086 22791798.5533 22791798.5533 5.8853 0.0086 0.0451 0.1533 0.0920 0.0082 0.0046 0.0039 0.0039 0.0039 0.0039 0.2267 0.0092 0.1152 0.3963 0.8329 1.2515 1.4225 1.4449 1.4461 1.4461 1.4461 1.4461 0.1795 0.1299 0.1041 0.0755 0.0580 0.0564 0.0563 0.0563 0.0563 0.0563 0.0944  
17545 35 0.8896 0.8288 0.1776 0.2367 9422104.4748 1454.6202 86086446.9257 9639.3248 274907.0687 7679232.1880 43628359.4976 55696368.3801 40085621.5131 20992057.1263 13456736.5411 12114375.6129 11840403.5049 11617202.5644 0.0390 0.4732 1.3627 0.4696 0.1605 0.1594 0.1022 0.0311 0.0098 0.0077 0.0075 0.0084 0.0143 0.1168 0.2527 0.3549 0.4242 0.4826 0.5057 0.5111 0.5149 0.5194 1.4702 0.1342 0.1031 0.0808 0.0750 0.0726 0.0699 0.0669 0.0660 0.0658 0.0658 0.0598  
17545 36 0.9835 0.8864 0.0468 0.0989 75287538.7152 1038977.4393 267140059.4113 307334.4818 21642897792.2378 38810446608.9896 25480721892.9938 9275166744.1251 858518314.9051 210054493.5670 192434896.2273 192434896.2273 192410837.6225 192386779.0177 5242.2844 0.0975 0.0978 0.1175 0.1187 0.1226 0.1359 0.1374 0.1374 0.1374 0.1374 0.1184 0.0007 0.0052 0.0090 0.0171 0.0213 0.0216 0.0216 0.0216 0.0216 0.0216 1.4359 0.1945 0.1712 0.1339 0.1332 0.1257 0.1025 0.0999 0.0999 0.0999 0.0999 0.1337  
26305 4 1.9176 1.4303 0.0269 0.0379 16120246.5832 36534696.4197 785357494.7589 77287.8639 1397165.7470 78219901.6712 106323302.9307 58494953.3364 54668018.0566 54603131.4771 54603131.4771 54603131.4771 54603131.4771 54603131.4771 45.3886 0.1635 0.0421 0.0366 0.0332 0.0326 0.0326 0.0326 0.0326 0.0326 0.0326 0.0338 0.0416 0.5143 1.3000 1.5275 1.5374 1.5376 1.5376 1.5376 1.5376 1.5376 1.5376 0.1120 0.0791 0.0641 0.0570 0.0563 0.0563 0.0563 0.0563 0.0563 0.0563 0.0603  
26305 12 1.0288 0.9647 0.0047 0.0056 17871456.4174 242421.8456 4106184481.2964 1051898.6255 94614612.9515 2465330735.0393 5357770017.1494 3323927763.1419 1134661167.9630 677036830.0314 386667004.9860 162818463.2669 56814755.2508 24329018.3692 140.0166 0.0893 0.0032 0.0040 0.0055 0.0061 0.0064 0.0064 0.0065 0.0069 0.0076 0.0031 0.0186 0.1372 0.2786 0.3810 0.4352 0.4703 0.5138 0.5480 0.5643 0.5693 1.1640 0.1524 0.0936 0.0784 0.0729 0.0685 0.0660 0.0658 0.0656 0.0649 0.0638 0.0988  
26305 15 1.0173 1.1087 0.2271 0.3569 426192637.2793 0.0000 1524942819.5092 627724.6275 1590441226.6313 16390287466.8227 14707611112.9281 5426042040.2768 1595123987.9736 136616869.6356 30334363.8701 29087611.8712 29153362.9722 29247344.4274 766.0289 0.1547 0.0012 0.0008 0.0140 0.1686 1.2692 2.4757 2.5040 2.4751 2.4326 0.1893 0.0038 0.0342 0.0808 0.1147 0.1548 0.1707 0.1721 0.1731 0.1761 0.1804 1.6453 0.2819 0.1925 0.1551 0.1346 0.1318 0.1228 0.1141 0.1138 0.1136 0.1133 0.1937  
26305 29 0.8331 0.8953 0.0208 0.0660 30525846.5248 937297.9754 164510904.1135 136419.1071 99514.7508 20881147.3326 296415608.6441 600432747.8830 546218688.5858 357197808.4804 214561789.9561 136815525.5254 98330909.0582 82375831.1902 82.6344 5.4587 1.1282 0.2025 0.0309 0.0100 0.0161 0.0465 0.1119 0.2037 0.2720 0.1624 0.0008 0.0082 0.0282 0.0621 0.1093 0.1664 0.2317 0.3016 0.3756 0.4292 2.5550 0.2766 0.1087 0.0861 0.0784 0.0688 0.0608 0.0542 0.0490 0.0449 0.0426 0.0703  
26305 30 1.5889 1.6077 0.0035 0.0217 37406427.1216 2496914.4507 194317292.8722 45664.2569 4153255.3320 129823850.0103 168978462.5020 61829510.8821 26673685.4391 22567085.1475 22432961.6222 22433209.0408 22433397.7182 22433397.7182 17.5960 0.0130 0.1082 0.3742 0.3467 0.0449 0.0121 0.0110 0.0110 0.0110 0.0110 0.5085 0.0092 0.1152 0.3963 0.8329 1.2515 1.4225 1.4449 1.4461 1.4461 1.4461 1.4461 0.1779 0.1295 0.1018 0.0787 0.0608 0.0566 0.0563 0.0563 0.0563 0.0563 0.0935  
26305 35 0.8749 0.8794 0.1989 0.2305 9291286.1798 3781.8006 76739359.9334 8575.4900 175156.7352 5150852.6081 32308690.7495 45200348.4183 33817698.8029 18499647.8344 12434995.3751 11345691.7128 11103234.5235 10894919.4953 0.0363 0.4778 1.3758 0.4305 0.1885 0.1858 0.1161 0.0354 0.0123 0.0101 0.0098 0.0108 0.0143 0.1168 0.2527 0.3549 0.4242 0.4826 0.5057 0.5111 0.5149 0.5194 1.4702 0.1368 0.1029 0.0803 0.0747 0.0725 0.0698 0.0668 0.0660 0.0658 0.0658 0.0598  
26305 36 0.8023 0.8875 0.0549 0.1002 169964834.1329 1153039.3155 240862016.6407 302270.3211 15595297442.7630 31825740545.6658 24095506769.4956 8757898617.7516 782489891.1602 168021546.3677 151325644.6617 151325644.6617 151306725.6197 151287806.5778 4961.7308 0.0986 0.1006 0.1342 0.1352 0.1362 0.1400 0.1405 0.1405 0.1405 0.1405 0.1351 0.0007 0.0052 0.0090 0.0171 0.0213 0.0216 0.0216 0.0216 0.0216 0.0216 1.4359 0.1944 0.1665 0.1340 0.1334 0.1271 0.1031 0.0999 0.0999 0.0999 0.0999 0.1338  
35065 4 1.1695 1.0992 0.0400 0.0399 35830194.8945 9301748.6209 948342321.2350 148206.0038 662216.4311 43885112.4834 86600503.1811 75871344.8174 74664061.3539 74642943.5784 74642943.5784 74642943.5784 74642943.5784 74642943.5784 58.8920 0.1997 0.0481 0.0420 0.0384 0.0379 0.0379 0.0379 0.0379 0.0379 0.0379 0.0383 0.0416 0.5143 1.3000 1.5275 1.5374 1.5376 1.5376 1.5376 1.5376 1.5376 1.5376 0.1107 0.0768 0.0618 0.0567 0.0563 0.0563 0.0563 0.0563 0.0563 0.0563 0.0580  
35065 12 0.9659 0.9495 0.0027 0.0028 11757712.1054 54588.2767 4373948866.2320 1082151.2907 5430286.5319 764703407.2721 4261864229.8614 3664464320.3895 1749556983.4531 1176014643.2561 673001370.1824 280613446.9337 94798175.5128 37853766.2054 20.6896 0.1213 0.0021 0.0023 0.0026 0.0029 0.0030 0.0030 0.0030 0.0031 0.0034 0.0048 0.0186 0.1372 0.2786 0.3810 0.4352 0.4703 0.5138 0.5480 0.5643 0.5693 1.1640 0.1402 0.0854 0.0754 0.0719 0.0675 0.0660 0.0659 0.0658 0.0655 0.0649 0.0936  
35065 15 1.3714 1.4247 0.0157 0.0705 100941345.8749 0.0000 2201069477.5968 638603.1585 3730514129.5547 30803207128.0085 22261427928.5922 7239729967.1234 2081781071.7541 143131512.9688 1882230.4832 347082.6995 790637.0779 1424540.1903 1685.2322 0.5309 0.0069 0.0004 0.0013 0.0132 0.2192 3.2094 5.0806 4.0766 3.3438 0.0045 0.0038 0.0342 0.0808 0.1147 0.1548 0.1707 0.1721 0.1731 0.1761 0.1804 1.6453 0.2879 0.2010 0.1557 0.1348 0.1333 0.1327 0.1227 0.1113 0.1085 0.1066 0.2026  
35065 29 0.9702 0.9271 0.0124 0.0244 23646373.5475 939189.4082 142913711.5568 113649.1577 42590.9063 10395041.9045 210094618.2429 511157085.0189 546701386.7514 364883640.4258 207513284.5389 121538778.2581 78710745.5630 61027803.2911 87.4492 6.0454 1.1627 0.0535 0.0136 0.0088 0.0148 0.0444 0.1093 0.1990 0.2680 0.0258 0.0008 0.0082 0.0282 0.0621 0.1093 0.1664 0.2317 0.3016 0.3756 0.4292 2.5550 0.2917 0.1097 0.0834 0.0762 0.0678 0.0610 0.0547 0.0495 0.0454 0.0430 0.0674  
35065 30 1.3051 1.1045 0.0031 0.0243 45646008.3089 3210291.1789 271876548.5357 72556.2583 2331501.1126 92904686.7865 183795730.5267 115353787.0810 51362961.0186 29127560.4451 26528249.2746 26397836.9053 26394006.0548 26394006.0548 21.1669 0.0116 0.1103 0.2804 0.2159 0.0529 0.0117 0.0088 0.0086 0.0086 0.0086 0.3088 0.0092 0.1152 0.3963 0.8329 1.2515 1.4225 1.4449 1.4461 1.4461 1.4461 1.4461 0.1763 0.1234 0.0951 0.0753 0.0629 0.0571 0.0563 0.0563 0.0563 0.0563 0.0903  
35065 35 0.9547 0.8919 0.1699 0.2976 8573131.7364 3208.7443 68603469.9960 7502.7814 317221.7035 4852256.1193 24523346.0875 36712271.7602 28394510.4479 16268893.5661 11455335.4890 10582010.6435 10368036.4228 10174567.7315 0.0338 0.4747 1.6621 0.6614 0.2141 0.2034 0.1225 0.0365 0.0135 0.0112 0.0110 0.0120 0.0143 0.1168 0.2527 0.3549 0.4242 0.4826 0.5057 0.5111 0.5149 0.5194 1.4702 0.1406 0.1070 0.0805 0.0746 0.0724 0.0695 0.0667 0.0660 0.0658 0.0658 0.0598  
35065 36 0.8702 0.9149 0.0571 0.1004 151396951.0564 1130165.0991 210861062.1177 242497.3202 13717272465.3161 28052174899.0302 21279992753.4964 7725271070.2952 676829964.4976 133780185.8144 119024816.6655 119024816.6655 119009935.9391 118995055.2128 4382.3206 0.0986 0.1005 0.1337 0.1349 0.1358 0.1397 0.1402 0.1402 0.1402 0.1402 0.1348 0.0007 0.0052 0.0090 0.0171 0.0213 0.0216 0.0216 0.0216 0.0216 0.0216 1.4359 0.1944 0.1659 0.1340 0.1335 0.1278 0.1035 0.0999 0.0999 0.0999 0.0999 0.1338  
43825 4 1.1858 1.1153 0.0266 0.0264 21590912.0661 18396925.6242 1088747586.1433 173329.4855 754653.2879 46063434.7191 97486919.5028 89635321.9490 88594734.1796 88576294.7795 88576294.7795 88576294.7795 88576294.7795 88576294.7795 69.6741 0.2230 0.0364 0.0261 0.0232 0.0230 0.0230 0.0230 0.0230 0.0230 0.0230 0.0234 0.0416 0.5143 1.3000 1.5275 1.5374 1.5376 1.5376 1.5376 1.5376 1.5376 1.5376 0.1129 0.0778 0.0615 0.0566 0.0563 0.0563 0.0563 0.0563 0.0563 0.0563 0.0578  
43825 12 0.9800 0.9512 0.0024 0.0023 11037310.0583 34870.6403 4347362972.0018 1045201.3237 1798378.4928 318008517.8397 3107121096.1219 3345513119.7911 2119670489.8830 1529132757.8460 876585730.4800 364318615.0421 121734744.9026 47393304.9700 4.5053 0.1992 0.0025 0.0022 0.0023 0.0025 0.0026 0.0026 0.0026 0.0027 0.0028 0.0149 0.0186 0.1372 0.2786 0.3810 0.4352 0.4703 0.5138 0.5480 0.5643 0.5693 1.1640 0.1753 0.0804 0.0740 0.0710 0.0669 0.0659 0.0659 0.0658 0.0656 0.0652 0.0851  
43825 15 1.4360 1.1122 0.0040 0.0091 32667941.6319 0.0000 2722129025.5028 875762.2587 2918843581.7495 32645782990.4338 28610972250.9002 9897189689.2060 2858743891.7301 196471868.4850 2474545.4155 223912.1333 417251.3779 693561.0481 1515.4030 0.4459 0.0028 0.0004 0.0005 0.0017 0.0237 1.5427 6.8558 4.6352 3.3176 0.0015 0.0038 0.0342 0.0808 0.1147 0.1548 0.1707 0.1721 0.1731 0.1761 0.1804 1.6453 0.2824 0.1909 0.1557 0.1349 0.1333 0.1333 0.1319 0.1072 0.1031 0.1015 0.2028  
43825 29 0.9410 0.9236 0.0148 0.0221 26704234.0224 1076470.4483 119574423.0041 110265.5650 38405.6406 7206215.6723 155488924.7812 437057804.5168 525826842.3634 360942835.5965 197444798.5411 103738499.4091 57745083.7850 39798183.2940 87.0902 6.0443 1.2859 0.0407 0.0163 0.0112 0.0199 0.0625 0.1580 0.2919 0.3990 0.0106 0.0008 0.0082 0.0282 0.0621 0.1093 0.1664 0.2317 0.3016 0.3756 0.4292 2.5550 0.2969 0.1130 0.0825 0.0746 0.0671 0.0611 0.0551 0.0500 0.0460 0.0436 0.0671  
43825 30 1.0295 1.0116 0.0036 0.0319 72536584.6483 1187452.2880 379665251.7736 94693.6035 2300806.2602 76266379.4260 130541729.3382 115132785.9752 76714468.9564 42667473.3434 36903161.0241 36567284.7457 36555765.2167 36555765.2167 17.2160 0.0220 0.2207 0.5319 0.2601 0.0636 0.0199 0.0136 0.0133 0.0133 0.0133 0.4704 0.0092 0.1152 0.3963 0.8329 1.2515 1.4225 1.4449 1.4461 1.4461 1.4461 1.4461 0.1774 0.1259 0.0935 0.0713 0.0625 0.0575 0.0563 0.0563 0.0563 0.0563 0.0845  
43825 35 0.6383 0.9034 0.0971 0.3501 7502475.0801 52682.2900 59175851.3760 7162.8210 441139.7631 5338638.6127 20375817.0084 29617113.7283 23279134.9311 14174255.3126 10557643.4856 9890733.2070 9703351.1564 9523221.2154 0.0314 0.4731 1.7044 0.8490 0.2274 0.2116 0.1213 0.0353 0.0137 0.0117 0.0115 0.0122 0.0143 0.1168 0.2527 0.3549 0.4242 0.4826 0.5057 0.5111 0.5149 0.5194 1.4702 0.1413 0.1095 0.0811 0.0746 0.0722 0.0692 0.0666 0.0659 0.0658 0.0658 0.0598  
43825 36 0.8694 0.9233 0.0583 0.1008 126993340.2335 816762.4499 183451346.3661 211014.6736 12479217062.2480 25140800707.3812 18794098603.9863 6814878390.9871 586402925.4225 106527705.4536 93488869.2928 93488869.2928 93477181.1229 93465492.9530 3870.3537 0.0987 0.1009 0.1341 0.1353 0.1363 0.1409 0.1416 0.1416 0.1416 0.1416 0.1353 0.0007 0.0052 0.0090 0.0171 0.0213 0.0216 0.0216 0.0216 0.0216 0.0216 1.4359 0.1944 0.1666 0.1340 0.1335 0.1283 0.1039 0.0999 0.0999 0.0999 0.0999 0.1338  
52609 4 1.0457 1.0317 0.0240 0.0235 22298276.7740 18042265.5427 1160096115.8870 205538.6356 448548.0142 29421376.7962 87361248.9064 97445595.7555 97598119.3293 97599490.9853 97599490.9853 97599490.9853 97599490.9853 97599490.9853 75.5696 0.2188 0.0338 0.0243 0.0221 0.0219 0.0219 0.0219 0.0219 0.0219 0.0219 0.0221 0.0416 0.5143 1.3000 1.5275 1.5374 1.5376 1.5376 1.5376 1.5376 1.5376 1.5376 0.1124 0.0762 0.0600 0.0565 0.0563 0.0563 0.0563 0.0563 0.0563 0.0563 0.0571  
52609 12 0.9567 0.9525 0.0024 0.0023 11198885.8194 42666.3963 4187140346.1477 1024249.0566 2376806.5482 183845724.5381 2325341391.9450 2971354265.8851 2278831556.6942 1704605368.0539 978062129.6606 405952261.4760 135029965.7112 52004076.8919 3.7325 0.2066 0.0044 0.0022 0.0024 0.0026 0.0026 0.0026 0.0026 0.0027 0.0028 0.0298 0.0186 0.1372 0.2786 0.3810 0.4352 0.4703 0.5138 0.5480 0.5643 0.5693 1.1640 0.1849 0.0791 0.0733 0.0702 0.0666 0.0659 0.0659 0.0658 0.0657 0.0653 0.0823  
52609 15 1.1695 1.0153 0.0028 0.0060 14977612.9632 0.0000 3182170966.6744 1257595.3954 1259407586.8116 29062653423.0460 31834403566.9477 12705386509.0662 3707197635.3131 254754386.8157 3167936.6279 192303.1395 276671.9022 397247.0789 1074.9449 0.2855 0.0009 0.0003 0.0004 0.0014 0.0213 1.4269 8.0179 6.3854 5.0366 0.0020 0.0038 0.0342 0.0808 0.1147 0.1548 0.1707 0.1721 0.1731 0.1761 0.1804 1.6453 0.2753 0.1833 0.1548 0.1348 0.1333 0.1333 0.1321 0.1103 0.1063 0.1038 0.2028  
52609 29 0.9306 0.9204 0.0177 0.0280 25530081.3139 1066017.7464 99960849.4945 103761.7441 54884.9137 4926518.7593 110759924.9804 369232418.5916 498190129.4605 355224467.3055 187907812.3324 86104706.0867 39203888.1312 23037615.5425 84.1624 5.9932 1.8903 0.0586 0.0174 0.0126 0.0244 0.0788 0.2066 0.3860 0.5298 0.0113 0.0008 0.0082 0.0282 0.0621 0.1093 0.1664 0.2317 0.3016 0.3756 0.4292 2.5550 0.2860 0.1245 0.0819 0.0731 0.0665 0.0610 0.0555 0.0509 0.0469 0.0444 0.0671  
52609 30 1.1349 0.9632 0.0229 0.0385 94652356.0969 50482.4047 462661147.5845 97482.9362 1809834.0631 59178022.5628 80229278.9691 80827368.5858 76781425.1835 55834978.2828 51398090.8646 51120670.7871 51110375.5545 51110375.5545 10.3377 0.0479 0.4805 1.0048 0.3835 0.0715 0.0262 0.0192 0.0187 0.0187 0.0187 0.9197 0.0092 0.1152 0.3963 0.8329 1.2515 1.4225 1.4449 1.4461 1.4461 1.4461 1.4461 0.1785 0.1267 0.0958 0.0698 0.0611 0.0572 0.0563 0.0563 0.0563 0.0563 0.0844  
52609 35 1.0882 0.8833 0.2811 0.3772 6760417.3396 4099.6391 53548078.3053 4572.2493 264063.3926 3613701.6799 16177151.7423 23178924.1433 18705561.3989 12300846.1026 9752773.5467 9270065.5994 9106266.2424 8937839.9320 0.0292 0.4493 1.8633 0.8911 0.2624 0.2337 0.1261 0.0357 0.0146 0.0126 0.0124 0.0133 0.0143 0.1168 0.2527 0.3549 0.4242 0.4826 0.5057 0.5111 0.5149 0.5194 1.4702 0.1408 0.1083 0.0811 0.0746 0.0720 0.0690 0.0665 0.0659 0.0658 0.0658 0.0598  
52609 36 0.8474 0.8713 0.0581 0.1008 114104956.0308 930255.3496 163780457.8995 183458.4942 8726643609.8273 20126393115.3257 16924555287.4426 6133468366.4436 517836942.0703 85178519.8966 73422623.9282 73422623.9282 73413444.4814 73404265.0346 3487.5275 0.0983 0.1008 0.1354 0.1360 0.1368 0.1410 0.1417 0.1417 0.1417 0.1417 0.1360 0.0007 0.0052 0.0090 0.0171 0.0213 0.0216 0.0216 0.0216 0.0216 0.0216 1.4359 0.1944 0.1632 0.1340 0.1335 0.1289 0.1044 0.0999 0.0999 0.0999 0.0999 0.1338  
61369 4 1.0583 1.0472 0.0206 0.0199 20133333.1699 16200382.9588 1231451605.4025 214934.2116 605252.2438 34697017.2059 96495661.1281 103465742.3153 103260147.8027 103255189.5739 103255189.5739 103255189.5739 103255189.5739 103255189.5739 80.1702 0.2273 0.0313 0.0205 0.0185 0.0184 0.0184 0.0184 0.0184 0.0184 0.0184 0.0186 0.0416 0.5143 1.3000 1.5275 1.5374 1.5376 1.5376 1.5376 1.5376 1.5376 1.5376 0.1128 0.0773 0.0601 0.0564 0.0563 0.0563 0.0563 0.0563 0.0563 0.0563 0.0572  
61369 12 0.9431 0.9527 0.0025 0.0024 10948264.4877 41200.8331 4018254003.8353 979923.5599 1597851.6934 123042676.8035 1748587268.8820 2622243474.9834 2347263169.0396 1798764220.1936 1032716813.6306 428300206.5438 142079125.5686 54364856.2743 3.1176 0.2224 0.0052 0.0023 0.0025 0.0026 0.0026 0.0026 0.0027 0.0027 0.0028 0.0271 0.0186 0.1372 0.2786 0.3810 0.4352 0.4703 0.5138 0.5480 0.5643 0.5693 1.1640 0.1835 0.0785 0.0729 0.0696 0.0664 0.0659 0.0659 0.0658 0.0657 0.0654 0.0802  
61369 15 1.1432 1.0157 0.0032 0.0066 19196917.5126 0.0000 3360208297.8493 1470729.4210 1289941637.3019 28312888441.3803 31239125244.4076 15014271535.7575 4431907098.2235 304561981.3199 3790042.2086 209861.7731 244028.5417 292857.8628 1186.3529 0.2847 0.0007 0.0002 0.0003 0.0015 0.0247 1.6122 8.7118 7.9514 7.0750 0.0028 0.0038 0.0342 0.0808 0.1147 0.1548 0.1707 0.1721 0.1731 0.1761 0.1804 1.6453 0.2769 0.1829 0.1532 0.1344 0.1333 0.1333 0.1316 0.1128 0.1108 0.1086 0.2028  
61369 29 0.8622 0.9140 0.0274 0.0380 24383813.9544 970025.0173 82161262.9415 96556.1195 28382.4662 2825493.9261 71613297.1197 304798188.8060 465437687.2214 347008935.8376 177612428.5657 68581457.3362 23651560.6963 11218720.2280 79.4963 6.1685 2.0496 0.0802 0.0257 0.0165 0.0313 0.0994 0.2758 0.5382 0.7320 0.0119 0.0008 0.0082 0.0282 0.0621 0.1093 0.1664 0.2317 0.3016 0.3756 0.4292 2.5550 0.2830 0.1256 0.0806 0.0713 0.0659 0.0608 0.0560 0.0520 0.0481 0.0456 0.0671  
61369 30 1.0986 0.8557 0.0182 0.0341 76748814.3803 46843.7981 489464533.5933 110630.6437 993081.7667 19231715.0458 19988889.7502 36038436.3121 60164281.0826 62701516.0821 62194549.8862 62145373.8913 62142888.0270 62142888.0270 2.7283 0.0956 1.1297 1.9118 0.4652 0.0585 0.0236 0.0192 0.0189 0.0189 0.0189 1.6905 0.0092 0.1152 0.3963 0.8329 1.2515 1.4225 1.4449 1.4461 1.4461 1.4461 1.4461 0.1812 0.1280 0.0976 0.0667 0.0593 0.0568 0.0563 0.0563 0.0563 0.0563 0.0831  
61369 35 0.5669 0.9319 0.0866 0.3833 4572024.2447 172041.9641 51180071.1748 4975.4429 321881.7582 3920255.1266 14839105.1871 19831547.9381 16044308.3592 11046559.2883 9059852.8280 8675411.4141 8527662.6647 8370166.2253 0.0272 0.5451 1.9543 1.0562 0.2006 0.1837 0.0938 0.0271 0.0126 0.0112 0.0111 0.0117 0.0143 0.1168 0.2527 0.3549 0.4242 0.4826 0.5057 0.5111 0.5149 0.5194 1.4702 0.1408 0.1099 0.0819 0.0748 0.0718 0.0686 0.0664 0.0659 0.0658 0.0658 0.0598  
61369 36 0.8861 0.9288 0.0580 0.1007 97807292.3032 626006.9452 146493090.6070 155466.7362 8066086174.6743 18203541741.7335 15049160764.4401 5448598733.7274 453108280.5397 68228851.0229 57771171.5817 57771171.5817 57763948.9115 57756726.2413 3101.0026 0.0985 0.1006 0.1333 0.1345 0.1352 0.1391 0.1399 0.1399 0.1399 0.1399 0.1345 0.0007 0.0052 0.0090 0.0171 0.0213 0.0216 0.0216 0.0216 0.0216 0.0216 1.4359 0.1944 0.1635 0.1340 0.1336 0.1294 0.1049 0.0999 0.0999 0.0999 0.0999 0.1338  
70129 4 1.0533 1.0367 0.0204 0.0192 21033397.5501 17075836.4854 1285697783.0145 227473.2718 711965.0401 36384294.8135 98616814.8115 109119256.3825 109189245.2640 109188938.5526 109188938.5526 109188938.5526 109188938.5526 109188938.5526 84.9311 0.2153 0.0295 0.0197 0.0184 0.0184 0.0184 0.0184 0.0184 0.0184 0.0184 0.0185 0.0416 0.5143 1.3000 1.5275 1.5374 1.5376 1.5376 1.5376 1.5376 1.5376 1.5376 0.1112 0.0775 0.0599 0.0564 0.0563 0.0563 0.0563 0.0563 0.0563 0.0563 0.0572  
70129 12 0.9447 0.9542 0.0025 0.0024 10827706.3362 43852.0684 3851003152.4387 924166.1175 2326352.6870 96161032.4402 1249809354.5466 2295653467.3680 2392860936.1171 1870873182.3603 1074653505.8675 445417238.0220 147442865.9336 56126751.3311 3.7682 0.2334 0.0081 0.0023 0.0026 0.0027 0.0027 0.0027 0.0027 0.0028 0.0029 0.0330 0.0186 0.1372 0.2786 0.3810 0.4352 0.4703 0.5138 0.5480 0.5643 0.5693 1.1640 0.1847 0.0816 0.0726 0.0688 0.0662 0.0659 0.0659 0.0658 0.0657 0.0654 0.0858  
70129 15 1.0250 0.9629 0.0030 0.0056 17568523.0940 0.0000 3337077094.0270 1681292.2314 758813780.4809 24691374213.9113 30294574460.4358 15650248665.9042 4637140625.9727 318652638.7023 3950094.6043 195881.4478 207613.9581 224381.4935 929.0329 0.3035 0.0005 0.0002 0.0003 0.0013 0.0206 1.4020 8.8966 8.4728 7.9205 0.0030 0.0038 0.0342 0.0808 0.1147 0.1548 0.1707 0.1721 0.1731 0.1761 0.1804 1.6453 0.2678 0.1798 0.1522 0.1342 0.1333 0.1333 0.1319 0.1133 0.1120 0.1105 0.2028  
70129 29 0.7576 0.9131 0.0354 0.0472 20185265.9052 568974.0613 67232336.9752 83251.1799 14652.8644 1599322.7969 48451582.2984 260619636.0301 430797442.8135 325226184.3987 158852686.2899 51254373.4146 12297126.0798 4357036.5746 74.5121 6.1976 1.9821 0.1007 0.0327 0.0205 0.0364 0.1046 0.3076 0.6957 0.9866 0.0128 0.0008 0.0082 0.0282 0.0621 0.1093 0.1664 0.2317 0.3016 0.3756 0.4292 2.5550 0.2853 0.1232 0.0787 0.0699 0.0654 0.0608 0.0566 0.0535 0.0498 0.0471 0.0671  
70129 30 1.0033 0.9570 0.0151 0.0272 56834118.8476 42246.6990 473643467.0925 121536.6336 1565625.1425 23811791.9081 12170594.4683 16815023.9056 46624448.7725 62149295.4291 64257157.2570 64369594.6373 64373072.5895 64373072.5895 0.9011 0.0775 1.0746 2.4254 0.4951 0.0402 0.0210 0.0189 0.0188 0.0188 0.0188 2.6905 0.0092 0.1152 0.3963 0.8329 1.2515 1.4225 1.4449 1.4461 1.4461 1.4461 1.4461 0.1811 0.1357 0.1076 0.0644 0.0578 0.0565 0.0563 0.0563 0.0563 0.0563 0.0868  
70129 35 1.7210 0.9401 0.1538 0.4517 4975012.6951 55014.8537 47237995.9036 2820.3866 430994.0853 4949600.0494 14740314.9523 16719174.9089 13292129.0775 9766393.9435 8372082.8527 8091150.9571 7959826.4205 7813191.0035 0.0253 0.4520 1.9219 1.2167 0.2716 0.2208 0.1092 0.0315 0.0152 0.0138 0.0136 0.0146 0.0143 0.1168 0.2527 0.3549 0.4242 0.4826 0.5057 0.5111 0.5149 0.5194 1.4702 0.1388 0.1109 0.0827 0.0752 0.0717 0.0684 0.0664 0.0659 0.0658 0.0658 0.0598  
70129 36 0.9160 0.9452 0.0583 0.1006 88889938.1286 594467.9369 136053886.5819 137752.5110 7131555172.4907 16705383373.4853 14212384098.5940 5140448983.3974 419067872.2350 55307299.1183 45423445.1795 45423445.1795 45417766.2474 45412087.3152 2929.1515 0.0982 0.1006 0.1333 0.1347 0.1353 0.1396 0.1406 0.1406 0.1406 0.1406 0.1346 0.0007 0.0052 0.0090 0.0171 0.0213 0.0216 0.0216 0.0216 0.0216 0.0216 1.4359 0.1944 0.1636 0.1340 0.1336 0.1300 0.1056 0.0999 0.0999 0.0999 0.0999 0.1338  
78889 4 1.0199 1.0101 0.0194 0.0186 20950556.4840 15660885.0354 1309554136.4945 239604.7353 609990.2820 28528262.5931 90486160.3933 112445904.7144 113468396.9627 113484376.0415 113484376.0415 113484376.0415 113484376.0415 113484376.0415 87.7915 0.2167 0.0296 0.0195 0.0176 0.0175 0.0175 0.0175 0.0175 0.0175 0.0175 0.0176 0.0416 0.5143 1.3000 1.5275 1.5374 1.5376 1.5376 1.5376 1.5376 1.5376 1.5376 0.1106 0.0772 0.0593 0.0564 0.0563 0.0563 0.0563 0.0563 0.0563 0.0563 0.0570  
78889 12 0.9428 0.9564 0.0027 0.0025 10828290.3456 57956.5858 3693165104.2357 873073.3597 3669257.7340 85897032.7492 811428347.0635 1998647847.6133 2427836631.3018 1930819804.2238 1109548228.0246 459641951.7004 151879349.1961 57563592.0184 5.1194 0.2351 0.0111 0.0023 0.0027 0.0028 0.0028 0.0028 0.0028 0.0029 0.0030 0.0295 0.0186 0.1372 0.2786 0.3810 0.4352 0.4703 0.5138 0.5480 0.5643 0.5693 1.1640 0.1841 0.0886 0.0722 0.0679 0.0661 0.0659 0.0659 0.0659 0.0657 0.0655 0.0932  
78889 15 0.9875 0.9759 0.0031 0.0049 15988234.8225 0.0000 3293524692.7544 1723370.4559 1023716222.3615 23191312583.1447 28704689701.4963 15796116473.6276 4695301731.5234 322654133.5135 4004182.8454 199400.6124 201106.5707 203544.7241 898.1062 0.4153 0.0008 0.0001 0.0002 0.0011 0.0182 1.2685 8.9630 8.7379 8.4211 0.0029 0.0038 0.0342 0.0808 0.1147 0.1548 0.1707 0.1721 0.1731 0.1761 0.1804 1.6453 0.2776 0.1807 0.1517 0.1342 0.1333 0.1333 0.1321 0.1136 0.1129 0.1119 0.2028  
78889 29 0.5874 0.9150 0.0578 0.0771 14915834.7801 529865.7478 58172763.5188 63075.0275 14512.6180 679326.8649 29610200.1409 219998228.6907 393063469.9508 301397426.9287 144099063.6282 41573252.3763 7126194.5615 1697064.9634 68.6905 6.1716 2.8980 0.1969 0.0491 0.0274 0.0398 0.0893 0.2521 0.7042 1.1902 0.0175 0.0008 0.0082 0.0282 0.0621 0.1093 0.1664 0.2317 0.3016 0.3756 0.4292 2.5550 0.2780 0.1352 0.0761 0.0685 0.0651 0.0608 0.0570 0.0548 0.0523 0.0497 0.0671  
78889 30 0.9487 0.9478 0.0140 0.0240 52200903.6016 46560.5318 446596050.0107 121939.6120 1325493.8878 20435237.5311 10242043.8433 10483844.2831 39066307.1162 58934554.8675 62108236.2867 62290294.7055 62296502.6746 62296502.6746 0.5621 0.0880 1.1715 2.5726 0.6590 0.0327 0.0198 0.0189 0.0188 0.0188 0.0188 3.3467 0.0092 0.1152 0.3963 0.8329 1.2515 1.4225 1.4449 1.4461 1.4461 1.4461 1.4461 0.1837 0.1351 0.1108 0.0642 0.0570 0.0564 0.0563 0.0563 0.0563 0.0563 0.0922  
78889 35 0.6079 0.9719 0.0947 0.3675 2820253.6729 286767.7039 42912836.9492 4853.8335 410348.0797 5076189.8918 15724740.5716 15902707.1144 12183794.2855 9043913.0690 7811107.4682 7560447.6646 7438630.6319 7301524.7695 0.0235 0.5335 1.8927 1.1295 0.1253 0.1353 0.0660 0.0206 0.0115 0.0107 0.0106 0.0110 0.0143 0.1168 0.2527 0.3549 0.4242 0.4826 0.5057 0.5111 0.5149 0.5194 1.4702 0.1385 0.1104 0.0832 0.0756 0.0715 0.0682 0.0663 0.0659 0.0658 0.0658 0.0598  
78889 36 0.8997 0.9115 0.0561 0.0978 84372620.3377 551928.4530 128134182.1899 126182.6548 5191614435.7716 14276372011.2600 13488474262.4947 4876128271.1985 390850577.1946 45280679.8740 35891089.3285 35891089.3285 35886602.1510 35882114.9735 2781.3317 0.0948 0.0969 0.1298 0.1308 0.1312 0.1347 0.1357 0.1357 0.1357 0.1357 0.1307 0.0007 0.0052 0.0090 0.0171 0.0213 0.0216 0.0216 0.0216 0.0216 0.0216 1.4359 0.1943 0.1599 0.1339 0.1336 0.1306 0.1066 0.0998 0.0998 0.0998 0.0998 0.1338  
87673 4 1.0031 1.0024 0.0188 0.0170 19354216.6480 15379393.5921 1325675011.0380 244382.4946 551284.4869 26247677.0051 89053569.4705 113300700.8589 114478039.7817 114496600.2571 114496600.2571 114496600.2571 114496600.2571 114496600.2571 88.4533 0.2057 0.0260 0.0171 0.0165 0.0165 0.0165 0.0165 0.0165 0.0165 0.0165 0.0166 0.0416 0.5143 1.3000 1.5275 1.5374 1.5376 1.5376 1.5376 1.5376 1.5376 1.5376 0.1097 0.0774 0.0589 0.0564 0.0563 0.0563 0.0563 0.0563 0.0563 0.0563 0.0569  
87673 12 0.9410 0.9596 0.0028 0.0026 10818519.3080 70777.4256 3510495968.9722 823117.4247 6224028.9925 103204777.4068 577470352.5155 1792099850.8568 2377404658.0851 1907041862.7466 1096109674.4264 453955686.5225 149864192.5160 56673480.2977 7.5279 0.2165 0.0119 0.0024 0.0028 0.0029 0.0029 0.0029 0.0029 0.0030 0.0031 0.0239 0.0186 0.1372 0.2786 0.3810 0.4352 0.4703 0.5138 0.5480 0.5643 0.5693 1.1640 0.1842 0.0959 0.0718 0.0672 0.0660 0.0659 0.0659 0.0659 0.0658 0.0655 0.0986  
87673 15 1.0184 0.9652 0.0031 0.0055 17734525.1446 0.0000 3242672270.9723 1701901.7160 907526990.8670 21011028336.8829 26500825804.5556 16430206597.4828 4910633425.6453 337445093.6969 4180767.6912 199911.9521 197095.4661 193070.3968 900.4121 0.4650 0.0008 0.0001 0.0002 0.0012 0.0208 1.4183 9.0029 8.9178 8.7908 0.0034 0.0038 0.0342 0.0808 0.1147 0.1548 0.1707 0.1721 0.1731 0.1761 0.1804 1.6453 0.2759 0.1815 0.1505 0.1340 0.1333 0.1333 0.1317 0.1138 0.1136 0.1132 0.2028  
87673 29 0.6991 0.9176 0.0614 0.1221 10530872.3552 326749.6591 52568778.7901 37048.6300 14150.4099 172039.4867 17950625.0988 184873786.3068 350890751.6857 276414175.1875 133352332.7472 37317888.1362 5573355.8102 1057539.5912 61.1779 6.1659 4.4023 0.3656 0.0644 0.0295 0.0365 0.0699 0.1835 0.5774 1.1586 0.0191 0.0008 0.0082 0.0282 0.0621 0.1093 0.1664 0.2317 0.3016 0.3756 0.4292 2.5550 0.2688 0.1554 0.0721 0.0673 0.0648 0.0607 0.0572 0.0555 0.0541 0.0522 0.0671  
87673 30 0.9373 0.9487 0.0132 0.0225 49059358.2390 39066.2132 417824022.2546 115683.8817 1078222.0971 18192384.1828 8723478.2957 8266954.4809 35046770.4520 55199025.0403 58543518.7362 58738323.5008 58745094.9903 58745094.9903 0.3920 0.1040 1.2400 2.6462 0.7608 0.0290 0.0192 0.0189 0.0188 0.0188 0.0188 3.6049 0.0092 0.1152 0.3963 0.8329 1.2515 1.4225 1.4449 1.4461 1.4461 1.4461 1.4461 0.1815 0.1348 0.1118 0.0644 0.0566 0.0563 0.0563 0.0563 0.0563 0.0563 0.0929  
87673 35 1.2317 0.9123 0.1355 0.4565 4853545.8074 89118.4775 38146077.8643 2950.6958 442070.3659 4957082.8362 13179864.4560 12897901.9937 10118554.7830 8029612.2855 7210150.8577 7032348.3912 6923647.6647 6796287.7236 0.0218 0.4536 1.7191 1.1319 0.3220 0.2653 0.1218 0.0348 0.0176 0.0161 0.0159 0.0167 0.0143 0.1168 0.2527 0.3549 0.4242 0.4826 0.5057 0.5111 0.5149 0.5194 1.4702 0.1386 0.1107 0.0830 0.0756 0.0714 0.0681 0.0663 0.0659 0.0658 0.0658 0.0598  
87673 36 0.9375 0.9718 0.0557 0.0962 79625886.8902 583322.7534 117402987.2923 113528.7994 5332035915.9296 13839650782.2896 12630173372.2376 4561893080.4606 360883582.5530 37215234.5226 28420737.1191 28420737.1191 28417183.9003 28413630.6815 2604.0968 0.0933 0.0956 0.1259 0.1274 0.1278 0.1321 0.1335 0.1335 0.1335 0.1335 0.1273 0.0007 0.0052 0.0090 0.0171 0.0213 0.0216 0.0216 0.0216 0.0216 0.0216 1.4359 0.1943 0.1607 0.1339 0.1336 0.1311 0.1076 0.0998 0.0998 0.0998 0.0998 0.1338  
96433 4 1.0385 1.0299 0.0183 0.0167 19298528.7579 15330322.5715 1364039502.6917 245151.9622 778911.6669 36489996.7699 99476260.3452 116446306.1345 117048521.3641 117057397.1763 117057397.1763 117057397.1763 117057397.1763 117057397.1763 90.8630 0.1814 0.0268 0.0174 0.0158 0.0158 0.0158 0.0158 0.0158 0.0158 0.0158 0.0159 0.0416 0.5143 1.3000 1.5275 1.5374 1.5376 1.5376 1.5376 1.5376 1.5376 1.5376 0.1091 0.0786 0.0596 0.0564 0.0563 0.0563 0.0563 0.0563 0.0563 0.0563 0.0571  
96433 12 0.9474 0.9641 0.0029 0.0027 10818433.7196 75108.9617 3331345234.1599 774516.6425 10265731.8417 140540477.5634 481655282.4370 1652500808.5591 2278483364.8212 1834188015.4369 1054318594.4865 436592700.6925 144069119.1406 54423470.0678 11.0974 0.2141 0.0108 0.0025 0.0030 0.0031 0.0031 0.0031 0.0031 0.0031 0.0032 0.0188 0.0186 0.1372 0.2786 0.3810 0.4352 0.4703 0.5138 0.5480 0.5643 0.5693 1.1640 0.1857 0.0999 0.0718 0.0668 0.0660 0.0659 0.0659 0.0659 0.0658 0.0655 0.1021  
96433 15 0.9841 1.0485 0.0030 0.0058 18509650.7582 0.0000 3156891933.5363 1733199.5491 2112955055.5648 26907557075.7716 24671186108.4452 16142944542.0275 4837466637.7408 332413951.4248 4114798.2225 192622.3406 188007.3870 181412.0457 1663.4892 0.5416 0.0017 0.0001 0.0002 0.0012 0.0216 1.4611 9.0380 9.0026 8.9487 0.0023 0.0038 0.0342 0.0808 0.1147 0.1548 0.1707 0.1721 0.1731 0.1761 0.1804 1.6453 0.2912 0.1912 0.1499 0.1339 0.1333 0.1333 0.1316 0.1138 0.1137 0.1136 0.2028  
96433 29 1.1925 0.9263 0.0332 0.0747 9306379.3267 191060.5169 47516269.0905 25900.3897 14343.2527 74302.4345 14418270.9439 162322953.8051 313608174.5797 251021739.3468 122218366.6813 33924572.5134 4810161.4626 823141.5365 54.3092 6.1505 5.3616 0.1934 0.0304 0.0265 0.0407 0.0701 0.1558 0.4791 1.0644 0.0187 0.0008 0.0082 0.0282 0.0621 0.1093 0.1664 0.2317 0.3016 0.3756 0.4292 2.5550 0.2664 0.1745 0.0696 0.0667 0.0647 0.0605 0.0571 0.0557 0.0549 0.0537 0.0671  
96433 30 0.9276 1.0045 0.0145 0.0230 56696346.8798 38264.6212 390694899.6966 108435.2245 1420435.5861 30658895.4775 18377589.2434 9464752.0973 32789441.4505 51542362.6522 54695803.0589 54880267.9917 54886706.5830 54886706.5830 1.1277 0.1050 1.0558 2.1721 0.9924 0.0310 0.0192 0.0189 0.0189 0.0189 0.0189 3.0513 0.0092 0.1152 0.3963 0.8329 1.2515 1.4225 1.4449 1.4461 1.4461 1.4461 1.4461 0.1783 0.1333 0.1111 0.0687 0.0566 0.0563 0.0563 0.0563 0.0563 0.0563 0.0942  
96433 35 0.9468 0.9436 0.1111 0.4076 2950596.8740 246230.8169 35191165.0596 3634.3530 415093.3189 4492344.8937 10747986.5897 12104196.4705 9878218.4951 7640888.8415 6754171.0981 6567457.7642 6464000.4676 6344696.6317 0.0203 0.5068 1.7224 1.1786 0.1902 0.1752 0.0782 0.0239 0.0136 0.0127 0.0126 0.0130 0.0143 0.1168 0.2527 0.3549 0.4242 0.4826 0.5057 0.5111 0.5149 0.5194 1.4702 0.1375 0.1118 0.0831 0.0755 0.0713 0.0680 0.0663 0.0659 0.0658 0.0658 0.0598  
96433 36 0.8787 0.9180 0.0551 0.0955 71444469.3209 500998.8985 103793612.0071 106436.5815 4849187986.8037 12298385051.2481 11058299303.7178 3992382651.8979 313639337.2899 30209182.6042 22508009.7676 22508009.7676 22505195.7701 22502381.7726 2279.9181 0.0929 0.0952 0.1268 0.1277 0.1281 0.1320 0.1334 0.1334 0.1334 0.1334 0.1277 0.0007 0.0052 0.0090 0.0171 0.0213 0.0216 0.0216 0.0216 0.0216 0.0216 1.4359 0.1943 0.1603 0.1339 0.1337 0.1313 0.1083 0.0998 0.0998 0.0998 0.0998 0.1338  
