8761 4 0.8045 0.7950 0.1695 0.2025 24347426.1299 23105217.8527 238405457.1212 28400.3693 644186.6497 30208822.0554 33758867.8955 12387899.6947 10844211.3874 10818313.0735 10818313.0735 10818313.0735 10818313.0735 10818313.0735 9.8898 0.5014 0.2576 0.2369 0.2186 0.2134 0.2133 0.2133 0.2133 0.2133 0.2133 0.2242 0.0416 0.5143 1.3000 1.5275 1.5374 1.5376 1.5376 1.5376 1.5376 1.5376 1.5376 0.1122 0.0802 0.0662 0.0577 0.0563 0.0563 0.0563 0.0563 0.0563 0.0563 0.0646  
8761 12 1.6166 0.6946 0.0178 0.0306 16502361.0026 4525908.5199 1228458417.2063 42687.0658 776725789.4536 4125494522.1048 1600196428.0984 306229219.1868 89797060.2828 55593478.0582 34485657.6587 18230023.6717 10531573.7641 8171973.9192 319.5380 0.5578 0.0190 0.0269 0.0418 0.0468 0.0479 0.0487 0.0503 0.0528 0.0544 0.0141 0.0186 0.1372 0.2786 0.3810 0.4352 0.4703 0.5138 0.5480 0.5643 0.5693 1.1640 0.1872 0.1137 0.0853 0.0731 0.0673 0.0657 0.0651 0.0638 0.0620 0.0608 0.1159  
8761 15 0.7703 0.6259 0.2075 0.1830 597623222.4736 89622.3168 1645820663.0066 462623.1719 1045968038.1246 12219300143.5058 8266853656.9749 3307135584.0831 1576486998.3460 924601568.8870 875690681.8416 867168345.8032 843953025.0925 810775403.4884 1273.7943 1.1232 0.0098 0.0039 0.0386 0.2535 0.4665 0.4900 0.4906 0.4913 0.4924 0.2228 0.0038 0.0342 0.0808 0.1147 0.1548 0.1707 0.1721 0.1731 0.1761 0.1804 1.6453 0.2765 0.2005 0.1547 0.1330 0.1232 0.1148 0.1139 0.1139 0.1138 0.1137 0.1624  
8761 29 0.7415 0.6615 0.0579 0.1174 73160354.6663 105987802.8267 256291022.1246 94906.9727 2356104.7346 318746279.3199 807488459.1659 729898909.2638 502800636.7772 343463871.2095 253449873.6363 206212592.4545 183015006.3926 173495182.0817 148.5113 4.9291 1.3309 0.2773 0.0783 0.0517 0.0817 0.1937 0.3231 0.3991 0.4323 0.1574 0.0008 0.0082 0.0282 0.0621 0.1093 0.1664 0.2317 0.3016 0.3756 0.4292 2.5550 0.1632 0.1191 0.1036 0.0843 0.0694 0.0596 0.0526 0.0477 0.0442 0.0421 0.0969  
8761 30 0.1317 0.8859 0.0182 0.0394 21641605.7335 44113.0968 165623598.8476 4118.7305 17.1384 4355.3318 1237250.9808 10750312.0260 19977800.2955 21203614.0114 21124839.2953 21114704.7139 21114173.6122 21114173.6122 0.6199 1.2642 3.5650 0.8855 0.2163 0.0683 0.0319 0.0258 0.0254 0.0254 0.0254 0.2969 0.0092 0.1152 0.3963 0.8329 1.2515 1.4225 1.4449 1.4461 1.4461 1.4461 1.4461 0.1302 0.0875 0.0689 0.0639 0.0596 0.0568 0.0563 0.0563 0.0563 0.0563 0.0663  
8761 35 1.0269 0.4751 0.2767 0.5477 12232721.1572 2157746.1438 110067855.1664 12892.2923 4770838.0458 55373548.1958 62025008.7883 65964950.5224 45305080.7260 23133530.7463 14421943.7625 12876536.4670 12575544.6212 12338059.0954 0.0416 0.5231 1.6098 1.7137 0.2460 0.1895 0.1328 0.0650 0.0450 0.0431 0.0429 0.0456 0.0143 0.1168 0.2527 0.3549 0.4242 0.4826 0.5057 0.5111 0.5149 0.5194 1.4702 0.1340 0.1129 0.0842 0.0757 0.0726 0.0699 0.0669 0.0660 0.0658 0.0658 0.0598  
8761 36 0.4348 0.5415 0.0449 0.1034 166162997.2964 2070398.0844 261582624.9609 76702.3501 32905923632.1801 48471685428.6977 23086152296.1132 8428946608.3489 842501317.2386 258000809.1856 242119189.0937 242119189.0937 242088918.8569 242058648.6200 4737.8757 1.3346 0.1378 0.1435 0.1438 0.1470 0.1546 0.1552 0.1552 0.1552 0.1552 0.1436 0.0007 0.0052 0.0090 0.0171 0.0213 0.0216 0.0216 0.0216 0.0216 0.0216 1.4359 0.1897 0.1727 0.1293 0.1282 0.1191 0.0979 0.0960 0.0960 0.0960 0.0960 0.1289  
17545 4 5.2396 1.9050 0.0539 0.0604 16161178.6865 4773166.9575 519904900.3554 16071.1599 1507445.3246 67128763.9205 76393972.0200 32929100.3380 29784984.4981 29732224.4532 29732224.4532 29732224.4532 29732224.4532 29732224.4532 26.2881 0.1900 0.0513 0.0449 0.0403 0.0391 0.0391 0.0391 0.0391 0.0391 0.0391 0.0404 0.0416 0.5143 1.3000 1.5275 1.5374 1.5376 1.5376 1.5376 1.5376 1.5376 1.5376 0.1126 0.0801 0.0655 0.0574 0.0563 0.0563 0.0563 0.0563 0.0563 0.0563 0.0626  
17545 12 1.3605 1.5048 0.0093 0.0133 17977418.4386 145991.7509 2691083987.0744 688880.2472 795817566.5310 5452682814.1861 4221037901.5496 1575679838.9693 301359453.4797 121975135.5292 70415040.5392 32728280.0472 14881193.7834 9411515.1949 349.0427 0.1061 0.0044 0.0083 0.0139 0.0161 0.0171 0.0174 0.0179 0.0188 0.0196 0.0030 0.0186 0.1372 0.2786 0.3810 0.4352 0.4703 0.5138 0.5480 0.5643 0.5693 1.1640 0.1868 0.1047 0.0818 0.0741 0.0694 0.0660 0.0654 0.0645 0.0629 0.0614 0.1090  
17545 15 1.0169 1.0759 0.2381 0.2078 431968122.7014 0.0000 1575260317.8990 646731.0915 774766621.7310 13462792974.2430 11590737309.5955 4709431529.2323 1641590532.0678 467387827.2756 381221691.4586 376816313.2279 366942136.3198 352830695.7757 926.7725 0.1091 0.0008 0.0007 0.0192 0.1918 0.6236 0.7192 0.7204 0.7199 0.7191 0.1911 0.0038 0.0342 0.0808 0.1147 0.1548 0.1707 0.1721 0.1731 0.1761 0.1804 1.6453 0.2736 0.1928 0.1548 0.1340 0.1280 0.1164 0.1139 0.1139 0.1138 0.1137 0.1766  
17545 29 1.2865 0.8777 0.0467 0.0846 20411952.6127 897139.9388 232739865.3983 136904.8677 734074.0324 111205803.3760 501513158.9167 693094236.7663 520300546.0322 348709533.3698 245964845.1153 190311054.9118 161461529.4603 148797193.0404 93.8695 3.5691 0.5911 0.2629 0.0507 0.0095 0.0097 0.0238 0.0513 0.0876 0.1145 0.2591 0.0008 0.0082 0.0282 0.0621 0.1093 0.1664 0.2317 0.3016 0.3756 0.4292 2.5550 0.2233 0.1127 0.0960 0.0814 0.0696 0.0601 0.0532 0.0481 0.0444 0.0423 0.0861  
17545 30 1.4003 1.6659 0.0036 0.0086 4105732.7462 1727371.3312 170712217.5662 36785.6162 1590353.4928 49738100.5429 78557859.4449 27249191.4645 17170512.4050 21453032.3032 22357680.5522 22411947.9812 22413813.7438 22413813.7438 8.4896 0.0084 0.0369 0.1269 0.0799 0.0102 0.0053 0.0042 0.0041 0.0041 0.0041 0.1878 0.0092 0.1152 0.3963 0.8329 1.2515 1.4225 1.4449 1.4461 1.4461 1.4461 1.4461 0.1792 0.1293 0.1027 0.0764 0.0585 0.0565 0.0563 0.0563 0.0563 0.0563 0.0941  
17545 35 0.8399 0.8425 0.2218 0.2833 10602848.9306 1474.0756 91848672.9318 9811.0132 1764247.2620 25177957.9221 43972568.0398 57839918.2884 42137409.4734 21665579.6554 13572915.2432 12135884.4666 11853212.6540 11628616.2701 0.0389 0.3556 0.9450 0.6282 0.1778 0.1712 0.1121 0.0346 0.0107 0.0083 0.0081 0.0090 0.0143 0.1168 0.2527 0.3549 0.4242 0.4826 0.5057 0.5111 0.5149 0.5194 1.4702 0.1304 0.1103 0.0820 0.0749 0.0726 0.0700 0.0669 0.0660 0.0659 0.0658 0.0598  
17545 36 0.8434 0.8845 0.0621 0.1051 76675060.3831 799968.3019 242572831.0346 296114.5555 24566993526.5683 39645958677.8930 22372792969.6260 8149545698.9999 773333846.7122 205030850.7400 189589329.8317 189589329.8317 189565626.9854 189541924.1391 4598.1191 0.0991 0.1057 0.1363 0.1377 0.1393 0.1442 0.1447 0.1447 0.1447 0.1447 0.1375 0.0007 0.0052 0.0090 0.0171 0.0213 0.0216 0.0216 0.0216 0.0216 0.0216 1.4359 0.1945 0.1742 0.1340 0.1332 0.1252 0.1023 0.0999 0.0999 0.0999 0.0999 0.1338  
26305 4 1.7850 1.4222 0.0258 0.0352 15816291.4478 34662885.3279 824898902.2044 84206.3384 1730432.6850 78658501.6478 108986710.7984 60509597.1037 56654478.4078 56589120.2979 56589120.2979 56589120.2979 56589120.2979 56589120.2979 46.9345 0.1628 0.0375 0.0330 0.0310 0.0306 0.0306 0.0306 0.0306 0.0306 0.0306 0.0303 0.0416 0.5143 1.3000 1.5275 1.5374 1.5376 1.5376 1.5376 1.5376 1.5376 1.5376 0.1140 0.0789 0.0642 0.0570 0.0563 0.0563 0.0563 0.0563 0.0563 0.0563 0.0602  
26305 12 1.0165 0.9758 0.0050 0.0057 15937315.9457 201494.5884 3568876628.1899 937231.8897 89893902.3484 2124147064.9028 5346338339.9175 3022945316.5038 790332424.3522 406633200.7449 231582693.0365 98903080.5321 36072295.6730 16817138.2380 74.7091 0.1123 0.0036 0.0040 0.0055 0.0060 0.0064 0.0065 0.0067 0.0073 0.0081 0.0040 0.0186 0.1372 0.2786 0.3810 0.4352 0.4703 0.5138 0.5480 0.5643 0.5693 1.1640 0.1696 0.0918 0.0783 0.0733 0.0693 0.0661 0.0657 0.0654 0.0645 0.0631 0.0983  
26305 15 1.1565 1.2868 0.1483 0.3277 423879967.7405 0.0000 1802735995.7996 657690.9299 2050097201.0636 21304469095.9491 16846744343.2927 6546606767.7749 1923939436.6715 153589145.2577 24590624.4228 23123884.9093 23339635.1541 23647984.1366 1170.7078 0.1559 0.0014 0.0008 0.0116 0.1399 1.1785 2.6378 2.6837 2.6480 2.5959 0.1443 0.0038 0.0342 0.0808 0.1147 0.1548 0.1707 0.1721 0.1731 0.1761 0.1804 1.6453 0.2862 0.1981 0.1544 0.1344 0.1322 0.1243 0.1143 0.1138 0.1135 0.1132 0.1956  
26305 29 0.6884 0.8874 0.0243 0.0777 33244737.8401 726320.4651 198671601.6348 176122.1294 142701.5182 25580051.6456 329956272.3946 607598672.0928 502099022.2038 345931705.7724 236181270.0514 169625549.5314 131988756.4335 114653219.5400 70.1736 5.5433 1.1488 0.2450 0.0382 0.0107 0.0158 0.0421 0.0946 0.1678 0.2235 0.2244 0.0008 0.0082 0.0282 0.0621 0.1093 0.1664 0.2317 0.3016 0.3756 0.4292 2.5550 0.2835 0.1103 0.0869 0.0792 0.0691 0.0602 0.0535 0.0485 0.0447 0.0425 0.0717  
26305 30 1.0196 0.9958 0.0050 0.0298 36764364.4391 2411692.4602 189186495.4089 51512.4815 1078677.9374 33613147.1272 67731099.6382 42890259.6654 25962473.3147 22642639.4612 22439305.7091 22433773.0559 22433777.5867 22433777.5867 7.7742 0.0212 0.2110 0.5624 0.4561 0.0688 0.0133 0.0114 0.0114 0.0114 0.0114 0.6293 0.0092 0.1152 0.3963 0.8329 1.2515 1.4225 1.4449 1.4461 1.4461 1.4461 1.4461 0.1804 0.1256 0.0950 0.0747 0.0607 0.0566 0.0563 0.0563 0.0563 0.0563 0.0899  
26305 35 0.9024 0.8724 0.2080 0.2475 8792562.6323 3100.7590 80218282.4160 8240.6481 1024799.8553 13873227.0368 32842089.0418 48663415.0807 36764069.2008 19502496.2082 12657377.0194 11435102.0804 11179417.3138 10967780.7139 0.0362 0.3854 0.9978 0.5412 0.1712 0.1654 0.1063 0.0332 0.0116 0.0094 0.0092 0.0102 0.0143 0.1168 0.2527 0.3549 0.4242 0.4826 0.5057 0.5111 0.5149 0.5194 1.4702 0.1320 0.1098 0.0810 0.0746 0.0725 0.0699 0.0669 0.0660 0.0659 0.0658 0.0598  
26305 36 0.9433 0.9072 0.0595 0.1023 152251057.4829 940346.2714 222454011.9093 249729.1601 19091550063.0778 33738873454.8594 21737335040.0610 7901654575.7020 717056856.3654 163516841.4967 148476443.5794 148476443.5794 148457880.7504 148439317.9214 4471.9894 0.0990 0.1014 0.1358 0.1373 0.1388 0.1439 0.1446 0.1446 0.1446 0.1446 0.1372 0.0007 0.0052 0.0090 0.0171 0.0213 0.0216 0.0216 0.0216 0.0216 0.0216 1.4359 0.1945 0.1713 0.1341 0.1334 0.1265 0.1028 0.0999 0.0999 0.0999 0.0999 0.1338  
35065 4 1.2713 1.1518 0.0352 0.0357 34326090.7969 6751847.0594 1016244174.0767 150309.3424 1035823.9910 57060100.2067 104275062.7973 81720571.8035 79569117.4885 79532024.6896 79532024.6896 79532024.6896 79532024.6896 79532024.6896 63.0611 0.2131 0.0464 0.0384 0.0331 0.0324 0.0324 0.0324 0.0324 0.0324 0.0324 0.0332 0.0416 0.5143 1.3000 1.5275 1.5374 1.5376 1.5376 1.5376 1.5376 1.5376 1.5376 0.1132 0.0774 0.0624 0.0567 0.0563 0.0563 0.0563 0.0563 0.0563 0.0563 0.0582  
35065 12 0.9932 0.9559 0.0030 0.0031 11724932.2239 92883.5923 3916680507.7277 952730.5739 19239012.8379 650270265.1880 3984349245.0116 3411665847.8060 1481059703.0782 964784249.8265 551845498.2862 230679645.8365 78591489.9648 31982940.6111 16.0649 0.1448 0.0034 0.0026 0.0030 0.0033 0.0034 0.0034 0.0035 0.0036 0.0039 0.0109 0.0186 0.1372 0.2786 0.3810 0.4352 0.4703 0.5138 0.5480 0.5643 0.5693 1.1640 0.1772 0.0856 0.0753 0.0723 0.0679 0.0660 0.0659 0.0657 0.0654 0.0646 0.0963  
35065 15 1.5294 1.0776 0.0083 0.0487 69947519.0195 0.0000 2389143768.1552 760624.1790 1204615417.5177 18595047725.8793 21377947324.3083 10077541934.2930 2971105269.5829 204108691.3396 2493157.1593 227391.6199 642535.5687 1235836.0382 689.4556 0.0980 0.0007 0.0005 0.0012 0.0084 0.1381 2.6045 5.1939 3.8943 3.1128 0.0055 0.0038 0.0342 0.0808 0.1147 0.1548 0.1707 0.1721 0.1731 0.1761 0.1804 1.6453 0.2782 0.1871 0.1537 0.1345 0.1333 0.1330 0.1253 0.1095 0.1069 0.1052 0.2026  
35065 29 0.9005 0.9293 0.0116 0.0245 20089681.5759 575698.3179 176372050.3015 121241.2291 28833.8408 14057701.1096 272167376.7955 537022325.7598 470184274.3828 335008856.8463 226741395.2877 155473782.1879 113682832.5550 94383664.8805 64.2189 6.2127 0.6455 0.0532 0.0154 0.0086 0.0120 0.0315 0.0700 0.1214 0.1608 0.0386 0.0008 0.0082 0.0282 0.0621 0.1093 0.1664 0.2317 0.3016 0.3756 0.4292 2.5550 0.3151 0.1001 0.0840 0.0783 0.0686 0.0601 0.0537 0.0488 0.0450 0.0428 0.0676  
35065 30 1.0210 0.9670 0.0061 0.0364 51488252.0710 793368.7856 213772585.8381 52521.4881 1505162.4695 32995099.2131 43440552.9473 34423292.6737 29659432.9038 26075786.5928 25592933.0339 25568442.0261 25567827.6012 25567827.6012 5.7305 0.0320 0.4483 1.0922 0.4834 0.0757 0.0193 0.0155 0.0153 0.0153 0.0153 1.0638 0.0092 0.1152 0.3963 0.8329 1.2515 1.4225 1.4449 1.4461 1.4461 1.4461 1.4461 0.1819 0.1308 0.0961 0.0712 0.0608 0.0568 0.0563 0.0563 0.0563 0.0563 0.0851  
35065 35 0.8708 0.9018 0.1314 0.2579 8240395.6445 25180.3812 71740722.7344 7436.3929 1146561.4721 13453177.3069 25576189.5172 39734306.2207 30894379.4002 17224528.6906 11792035.8027 10812024.2363 10584485.5922 10384365.6989 0.0338 0.4219 0.8829 0.5466 0.1897 0.1835 0.1133 0.0346 0.0126 0.0105 0.0102 0.0112 0.0143 0.1168 0.2527 0.3549 0.4242 0.4826 0.5057 0.5111 0.5149 0.5194 1.4702 0.1329 0.1113 0.0810 0.0745 0.0724 0.0697 0.0668 0.0660 0.0658 0.0658 0.0598  
35065 36 0.8578 0.8876 0.0588 0.1014 139001338.7600 1019856.0442 197031050.9573 235580.6694 14744864200.5861 28003498062.8746 19679211931.1444 7145502263.5472 632015011.4485 130180952.5485 116545469.2497 116545469.2497 116530898.4964 116516327.7432 4050.9270 0.0989 0.1010 0.1356 0.1366 0.1376 0.1417 0.1423 0.1423 0.1423 0.1423 0.1365 0.0007 0.0052 0.0090 0.0171 0.0213 0.0216 0.0216 0.0216 0.0216 0.0216 1.4359 0.1945 0.1685 0.1340 0.1334 0.1275 0.1033 0.0999 0.0999 0.0999 0.0999 0.1338  
43825 4 1.1050 1.0481 0.0260 0.0258 22835252.2033 17420283.0502 1133513982.0811 191095.4756 637970.3627 36631713.1600 89213642.1422 92329508.1366 92101149.9672 92096376.0705 92096376.0705 92096376.0705 92096376.0705 92096376.0705 71.7882 0.2217 0.0339 0.0254 0.0237 0.0235 0.0235 0.0235 0.0235 0.0235 0.0235 0.0237 0.0416 0.5143 1.3000 1.5275 1.5374 1.5376 1.5376 1.5376 1.5376 1.5376 1.5376 0.1130 0.0766 0.0607 0.0565 0.0563 0.0563 0.0563 0.0563 0.0563 0.0563 0.0572  
43825 12 0.9758 0.9523 0.0027 0.0026 11435983.3012 54746.7061 3977100581.7273 946240.0167 4674274.1859 240850564.4309 2561786945.6760 2967318166.4657 2019370985.2808 1477898731.4756 847730445.4909 352424568.2316 117872669.7797 45992671.8578 6.7200 0.1687 0.0044 0.0025 0.0027 0.0029 0.0029 0.0030 0.0030 0.0031 0.0032 0.0176 0.0186 0.1372 0.2786 0.3810 0.4352 0.4703 0.5138 0.5480 0.5643 0.5693 1.1640 0.1779 0.0821 0.0737 0.0709 0.0669 0.0659 0.0659 0.0658 0.0656 0.0651 0.0899  
43825 15 1.2877 1.0549 0.0016 0.0045 10045730.2146 0.0000 2850877889.1126 1163314.3137 1012097118.0329 16742244896.1104 23072475460.6795 13589590034.1810 4051876275.9201 278349523.4472 3370650.9363 149826.9330 334109.6259 597476.1474 546.1683 0.1730 0.0008 0.0002 0.0003 0.0007 0.0096 0.7176 6.0750 3.7324 2.5653 0.0018 0.0038 0.0342 0.0808 0.1147 0.1548 0.1707 0.1721 0.1731 0.1761 0.1804 1.6453 0.2785 0.1847 0.1512 0.1341 0.1333 0.1333 0.1327 0.1051 0.1017 0.1006 0.2028  
43825 29 0.9010 0.9283 0.0114 0.0165 24869058.6823 908231.1264 150279163.4265 109177.4211 36450.2807 11750397.2358 234085882.2064 478078807.3435 439277983.6165 318275178.1258 211442060.4817 137635438.7441 92655126.1294 71770755.2965 61.0789 6.2719 0.7179 0.0252 0.0131 0.0099 0.0166 0.0454 0.1022 0.1805 0.2434 0.0139 0.0008 0.0082 0.0282 0.0621 0.1093 0.1664 0.2317 0.3016 0.3756 0.4292 2.5550 0.3272 0.1046 0.0835 0.0778 0.0682 0.0600 0.0539 0.0491 0.0453 0.0431 0.0671  
43825 30 1.1765 1.1943 0.0051 0.0308 52497716.0061 986891.0149 232540432.2476 53622.4256 2792582.7910 61020458.6776 76770472.4013 35195210.6439 28099272.7139 28745473.0188 28953997.6071 28967573.4816 28968108.4230 28968108.4230 8.8165 0.0256 0.3380 0.9274 0.4842 0.0583 0.0178 0.0151 0.0149 0.0149 0.0149 1.0407 0.0092 0.1152 0.3963 0.8329 1.2515 1.4225 1.4449 1.4461 1.4461 1.4461 1.4461 0.1828 0.1315 0.1009 0.0732 0.0600 0.0567 0.0563 0.0563 0.0563 0.0563 0.0892  
43825 35 0.8022 0.8874 0.1294 0.3245 7436114.9267 46770.6468 68039329.9455 6475.8648 959494.3417 9142804.4502 19913281.0649 32256578.3231 25795762.7709 15258099.5174 11061548.4429 10293190.8768 10089476.8004 9898384.8546 0.0314 0.4722 1.2568 0.7858 0.2107 0.1967 0.1157 0.0342 0.0130 0.0109 0.0107 0.0117 0.0143 0.1168 0.2527 0.3549 0.4242 0.4826 0.5057 0.5111 0.5149 0.5194 1.4702 0.1342 0.1121 0.0812 0.0744 0.0723 0.0694 0.0667 0.0660 0.0658 0.0658 0.0598  
43825 36 0.8468 0.8786 0.0588 0.1011 120105517.8548 1015044.7867 175618913.6594 202077.7040 10842545603.9840 22796867431.7736 17746336205.6651 6438338023.6989 557020309.6824 103891988.5415 91579901.0969 91579901.0969 91568451.5901 91557002.0833 3655.2408 0.0984 0.1010 0.1355 0.1363 0.1371 0.1406 0.1412 0.1412 0.1412 0.1412 0.1362 0.0007 0.0052 0.0090 0.0171 0.0213 0.0216 0.0216 0.0216 0.0216 0.0216 1.4359 0.1944 0.1655 0.1340 0.1335 0.1282 0.1038 0.0999 0.0999 0.0999 0.0999 0.1338  
52609 4 1.1422 1.1273 0.0209 0.0205 21140272.2011 16832508.0525 1283974090.7859 211164.4028 1404546.9850 61064381.1508 115379287.3333 106257922.7160 105235875.2783 105218082.3124 105218082.3124 105218082.3124 105218082.3124 105218082.3124 82.9545 0.2380 0.0322 0.0210 0.0187 0.0185 0.0185 0.0185 0.0185 0.0185 0.0185 0.0188 0.0416 0.5143 1.3000 1.5275 1.5374 1.5376 1.5376 1.5376 1.5376 1.5376 1.5376 0.1139 0.0789 0.0617 0.0565 0.0563 0.0563 0.0563 0.0563 0.0563 0.0563 0.0577  
52609 12 0.9759 0.9550 0.0026 0.0025 11252058.3153 65080.7909 3893532440.1050 923327.3997 7412243.1958 141242754.8458 1664291909.7888 2519452032.0186 2273400002.8041 1744232379.2391 1001634074.0808 415665387.8232 138180267.7539 53143165.5296 5.6468 0.1742 0.0083 0.0024 0.0027 0.0028 0.0028 0.0028 0.0029 0.0029 0.0030 0.0304 0.0186 0.1372 0.2786 0.3810 0.4352 0.4703 0.5138 0.5480 0.5643 0.5693 1.1640 0.1876 0.0834 0.0730 0.0697 0.0664 0.0659 0.0659 0.0658 0.0657 0.0653 0.0919  
52609 15 1.2007 1.0347 0.0010 0.0021 8801476.5059 0.0000 3260467634.4532 1498016.7229 839332747.0761 14908857238.4302 23342088919.1886 17096918448.2428 5142892977.7659 353272367.2541 4240754.2676 99196.9151 177076.2081 288376.9563 537.9605 0.2563 0.0010 0.0002 0.0002 0.0005 0.0070 0.5385 7.3439 5.1840 3.7800 0.0015 0.0038 0.0342 0.0808 0.1147 0.1548 0.1707 0.1721 0.1731 0.1761 0.1804 1.6453 0.2776 0.1853 0.1486 0.1339 0.1333 0.1333 0.1329 0.1078 0.1035 0.1017 0.2028  
52609 29 0.9226 0.9252 0.0125 0.0165 24663430.6093 963393.7648 125427865.7935 98373.3080 23696.6200 10069983.8170 202645828.8468 427357228.3101 409455378.4567 299332635.8417 193769393.7547 118662302.3938 72470902.2876 51413893.2871 57.9678 6.3833 0.6245 0.0221 0.0131 0.0109 0.0200 0.0561 0.1267 0.2239 0.3060 0.0116 0.0008 0.0082 0.0282 0.0621 0.1093 0.1664 0.2317 0.3016 0.3756 0.4292 2.5550 0.3267 0.1021 0.0834 0.0774 0.0679 0.0600 0.0541 0.0495 0.0458 0.0435 0.0671  
52609 30 1.1019 1.0499 0.0047 0.0315 53598937.9484 1403877.3732 254771126.0261 63085.1119 2085521.0826 56501657.3136 82918327.0990 43947587.4995 31469572.7575 31125779.4813 31370022.4516 31389930.5403 31390851.3748 31390851.3748 9.5989 0.0220 0.2703 0.7780 0.4772 0.0642 0.0164 0.0140 0.0139 0.0139 0.0139 0.8859 0.0092 0.1152 0.3963 0.8329 1.2515 1.4225 1.4449 1.4461 1.4461 1.4461 1.4461 0.1792 0.1288 0.0981 0.0742 0.0601 0.0566 0.0563 0.0563 0.0563 0.0563 0.0897  
52609 35 0.6786 0.9395 0.1389 0.3962 6475595.8288 46874.9190 62495151.4931 5194.6525 1357171.8584 10383028.2332 18732685.5905 27335241.8858 21818796.6389 13623139.9426 10362983.7130 9755854.4028 9572237.8647 9390655.3281 0.0293 0.5780 1.4561 1.0720 0.2211 0.1941 0.1094 0.0320 0.0133 0.0115 0.0113 0.0121 0.0143 0.1168 0.2527 0.3549 0.4242 0.4826 0.5057 0.5111 0.5149 0.5194 1.4702 0.1362 0.1140 0.0822 0.0746 0.0721 0.0691 0.0666 0.0659 0.0659 0.0658 0.0598  
52609 36 0.8837 0.9166 0.0590 0.1011 109008948.8034 740342.9914 155923389.0267 171117.5069 8923982182.9101 19924987712.7295 16331756465.4156 5918626402.2635 500665658.6777 83236848.0313 71894760.7328 71894760.7328 71885772.3025 71876783.8723 3364.9614 0.0984 0.1010 0.1349 0.1361 0.1369 0.1413 0.1421 0.1421 0.1421 0.1421 0.1360 0.0007 0.0052 0.0090 0.0171 0.0213 0.0216 0.0216 0.0216 0.0216 0.0216 1.4359 0.1944 0.1643 0.1340 0.1335 0.1288 0.1043 0.0999 0.0999 0.0999 0.0999 0.1338  
61369 4 1.0215 1.0087 0.0197 0.0190 21830108.7085 16192095.6180 1332160316.3470 241185.8711 530923.8070 27603740.0385 91605483.8111 114273665.2005 115462782.8374 115481841.1402 115481841.1402 115481841.1402 115481841.1402 115481841.1402 89.1053 0.2738 0.0296 0.0194 0.0182 0.0181 0.0181 0.0181 0.0181 0.0181 0.0181 0.0182 0.0416 0.5143 1.3000 1.5275 1.5374 1.5376 1.5376 1.5376 1.5376 1.5376 1.5376 0.1141 0.0757 0.0596 0.0564 0.0563 0.0563 0.0563 0.0563 0.0563 0.0563 0.0569  
61369 12 0.9577 0.9577 0.0027 0.0026 11241525.9250 74829.3712 3726304956.5271 901073.4537 11567712.1474 125531116.2757 1191844387.6873 2210904248.4782 2324855597.3760 1819727863.7842 1045481278.5902 433558130.6711 143782337.8563 54978707.8447 6.6885 0.1707 0.0115 0.0024 0.0028 0.0029 0.0029 0.0029 0.0029 0.0030 0.0031 0.0287 0.0186 0.1372 0.2786 0.3810 0.4352 0.4703 0.5138 0.5480 0.5643 0.5693 1.1640 0.1872 0.0896 0.0726 0.0687 0.0662 0.0659 0.0659 0.0658 0.0657 0.0654 0.0974  
61369 15 1.0934 0.9694 0.0008 0.0018 9012994.1058 0.0000 3396013923.3744 1798672.1923 741356499.9995 10631384089.5097 21857696090.3061 19470586624.1823 5894209622.1798 404869935.1088 4844516.4668 77944.2428 108918.1714 153184.4033 337.1235 0.2740 0.0010 0.0002 0.0002 0.0005 0.0061 0.4720 8.3097 6.8245 5.5137 0.0027 0.0038 0.0342 0.0808 0.1147 0.1548 0.1707 0.1721 0.1731 0.1761 0.1804 1.6453 0.2808 0.1811 0.1458 0.1337 0.1333 0.1333 0.1330 0.1106 0.1065 0.1040 0.2028  
61369 29 0.8987 0.9198 0.0177 0.0229 24846627.3197 862061.5195 101669751.1760 90754.9013 39773.3815 8758503.0483 175715318.4021 381151707.3606 379059106.1330 279725182.9674 174856401.4686 98309467.4534 52984838.0175 33521112.4280 54.3238 6.3465 0.9248 0.0372 0.0166 0.0132 0.0256 0.0740 0.1685 0.2941 0.4038 0.0173 0.0008 0.0082 0.0282 0.0621 0.1093 0.1664 0.2317 0.3016 0.3756 0.4292 2.5550 0.3322 0.1101 0.0834 0.0770 0.0677 0.0601 0.0544 0.0499 0.0464 0.0441 0.0671  
61369 30 0.9900 0.9290 0.0063 0.0345 63051981.4318 373692.0043 281281772.2080 69515.8985 1824324.7732 37616342.3819 47816068.0498 40258993.9949 36584780.1979 34522851.6468 34414873.5987 34415420.3714 34415842.5443 34415842.5443 6.4690 0.0325 0.4757 1.1538 0.5301 0.0711 0.0180 0.0151 0.0150 0.0150 0.0150 1.1351 0.0092 0.1152 0.3963 0.8329 1.2515 1.4225 1.4449 1.4461 1.4461 1.4461 1.4461 0.1817 0.1301 0.0963 0.0716 0.0604 0.0567 0.0563 0.0563 0.0563 0.0563 0.0858  
61369 35 1.1916 0.9413 0.1366 0.3988 5194398.1772 72890.5137 62025227.6441 3525.3277 935864.2093 9828172.1677 17457060.7799 24327124.2433 19443993.6762 12498625.4615 9736953.0265 9216997.0097 9047423.9577 8875273.8344 0.0272 0.4767 1.4720 1.1212 0.2052 0.1740 0.0954 0.0280 0.0124 0.0109 0.0108 0.0116 0.0143 0.1168 0.2527 0.3549 0.4242 0.4826 0.5057 0.5111 0.5149 0.5194 1.4702 0.1356 0.1127 0.0826 0.0747 0.0720 0.0689 0.0665 0.0659 0.0659 0.0658 0.0598  
61369 36 0.8279 0.8654 0.0589 0.1011 92356290.2377 585067.5898 132243474.9266 151221.7600 6435966636.1957 15925578127.5804 14089701961.4380 5104226618.2652 426605176.3077 66216083.6797 56423839.2417 56423839.2417 56416785.0177 56409730.7938 2904.1122 0.0981 0.1011 0.1360 0.1365 0.1373 0.1416 0.1424 0.1424 0.1424 0.1424 0.1365 0.0007 0.0052 0.0090 0.0171 0.0213 0.0216 0.0216 0.0216 0.0216 0.0216 1.4359 0.1943 0.1607 0.1339 0.1336 0.1293 0.1048 0.0999 0.0999 0.0999 0.0999 0.1338  
70129 4 1.0001 0.9993 0.0179 0.0167 19520581.5966 13531095.6461 1340865200.6222 246380.6141 360561.8798 21291002.4421 86358919.3494 115397397.4073 117058642.4591 117085595.5087 117085595.5087 117085595.5087 117085595.5087 117085595.5087 90.0950 0.2733 0.0281 0.0170 0.0160 0.0159 0.0159 0.0159 0.0159 0.0159 0.0159 0.0160 0.0416 0.5143 1.3000 1.5275 1.5374 1.5376 1.5376 1.5376 1.5376 1.5376 1.5376 0.1145 0.0760 0.0587 0.0564 0.0563 0.0563 0.0563 0.0563 0.0563 0.0563 0.0567  
70129 12 0.9431 0.9582 0.0028 0.0026 11027586.8724 73398.2954 3549365401.9881 862940.7525 12165870.8623 113099612.8980 939282031.6911 2000882995.1646 2280484933.0992 1801563824.4563 1035264396.6736 429179413.8518 142168302.1410 54211939.2940 6.6299 0.1776 0.0124 0.0024 0.0028 0.0029 0.0030 0.0030 0.0030 0.0030 0.0031 0.0277 0.0186 0.1372 0.2786 0.3810 0.4352 0.4703 0.5138 0.5480 0.5643 0.5693 1.1640 0.1860 0.0925 0.0724 0.0682 0.0661 0.0659 0.0659 0.0658 0.0657 0.0654 0.0987  
70129 15 1.0022 1.0129 0.0008 0.0014 7331873.7430 0.0000 3360420044.5739 1966689.7000 1055532186.6683 12207589181.5832 20925083460.6720 19566304289.9862 5932096775.6708 407471575.4622 4873621.5710 69794.1716 81661.1588 98620.8218 593.8147 0.2431 0.0012 0.0001 0.0002 0.0004 0.0047 0.3704 8.6878 7.6853 6.6356 0.0015 0.0038 0.0342 0.0808 0.1147 0.1548 0.1707 0.1721 0.1731 0.1761 0.1804 1.6453 0.2808 0.1903 0.1440 0.1336 0.1333 0.1333 0.1331 0.1119 0.1087 0.1061 0.2028  
70129 29 0.8712 0.9122 0.0207 0.0276 24070884.3147 786518.2015 80274383.8120 81559.9880 19903.1647 7396130.4834 150538551.8730 337106755.9720 348665132.2734 259642198.2045 154497949.1433 76845807.7189 35215625.3457 19360175.9018 50.4485 6.3432 0.6352 0.0383 0.0229 0.0170 0.0329 0.0987 0.2321 0.3978 0.5352 0.0156 0.0008 0.0082 0.0282 0.0621 0.1093 0.1664 0.2317 0.3016 0.3756 0.4292 2.5550 0.3369 0.1031 0.0832 0.0766 0.0674 0.0601 0.0548 0.0506 0.0471 0.0449 0.0671  
70129 30 1.1788 1.0388 0.0174 0.0356 69484999.7745 98890.9899 299181304.8131 68817.4009 2612721.7154 46795836.3276 50118188.6764 30428449.0128 34047792.2815 37726725.3005 38316753.1292 38350642.7326 38351794.3014 38351794.3014 5.7067 0.0388 0.5539 1.3552 0.6187 0.0659 0.0220 0.0190 0.0189 0.0188 0.0188 1.4895 0.0092 0.1152 0.3963 0.8329 1.2515 1.4225 1.4449 1.4461 1.4461 1.4461 1.4461 0.1860 0.1317 0.1007 0.0716 0.0595 0.0566 0.0563 0.0563 0.0563 0.0563 0.0885  
70129 35 1.0559 1.0072 0.1287 0.3877 3525218.6390 207156.3159 50196929.6602 4200.8028 1431594.0449 12540698.5403 20046001.1200 23676632.8592 18145985.2908 11758018.6833 9232269.5585 8754597.2577 8594089.5398 8429558.1099 0.0254 0.4532 1.4806 1.2255 0.1390 0.1187 0.0656 0.0205 0.0104 0.0094 0.0093 0.0098 0.0143 0.1168 0.2527 0.3549 0.4242 0.4826 0.5057 0.5111 0.5149 0.5194 1.4702 0.1376 0.1133 0.0836 0.0751 0.0719 0.0688 0.0665 0.0659 0.0659 0.0658 0.0598  
70129 36 0.8555 0.8901 0.0565 0.0977 79253405.2383 447181.4225 116044260.2373 125198.8919 5110420583.7974 13375375748.9297 12271813926.2702 4443379514.3321 367116835.8627 53059653.8056 44526307.3736 44526307.3736 44520740.6035 44515173.8333 2529.8996 0.0935 0.0965 0.1307 0.1314 0.1320 0.1361 0.1370 0.1370 0.1370 0.1370 0.1313 0.0007 0.0052 0.0090 0.0171 0.0213 0.0216 0.0216 0.0216 0.0216 0.0216 1.4359 0.1943 0.1599 0.1339 0.1336 0.1297 0.1052 0.0999 0.0999 0.0999 0.0999 0.1338  
78889 4 1.0107 1.0121 0.0177 0.0165 19524999.0238 13967674.2861 1363692438.7552 246394.7673 433086.0246 24330158.7693 89730250.1405 116845600.6803 118419962.8805 118445617.7745 118445617.7745 118445617.7745 118445617.7745 118445617.7745 91.2347 0.3071 0.0303 0.0171 0.0158 0.0157 0.0157 0.0157 0.0157 0.0157 0.0157 0.0159 0.0416 0.5143 1.3000 1.5275 1.5374 1.5376 1.5376 1.5376 1.5376 1.5376 1.5376 0.1153 0.0768 0.0590 0.0564 0.0563 0.0563 0.0563 0.0563 0.0563 0.0563 0.0567  
78889 12 0.9481 0.9600 0.0029 0.0027 10907512.9144 81849.8661 3374455751.0864 813812.3129 14357921.3382 111647726.1546 760105142.0762 1830100748.5066 2212632556.2781 1758941126.1254 1010910817.5051 418984369.8704 138678037.7460 52776405.9780 7.2089 0.1819 0.0136 0.0025 0.0030 0.0031 0.0031 0.0031 0.0031 0.0031 0.0033 0.0266 0.0186 0.1372 0.2786 0.3810 0.4352 0.4703 0.5138 0.5480 0.5643 0.5693 1.1640 0.1868 0.0959 0.0722 0.0678 0.0661 0.0659 0.0659 0.0659 0.0657 0.0654 0.1011  
78889 15 1.0041 1.0029 0.0012 0.0020 9011806.5294 0.0000 3371135601.3282 1971044.2012 995503488.4691 12695076182.8986 20751539578.3003 19562130354.1483 5932382862.2389 407525679.6370 4910244.3222 102955.2990 105309.5246 108674.0996 670.0472 0.2761 0.0010 0.0001 0.0002 0.0005 0.0073 0.5646 9.0726 8.7247 8.2632 0.0020 0.0038 0.0342 0.0808 0.1147 0.1548 0.1707 0.1721 0.1731 0.1761 0.1804 1.6453 0.2788 0.1904 0.1440 0.1336 0.1333 0.1333 0.1330 0.1133 0.1120 0.1105 0.2028  
78889 29 0.8313 0.9078 0.0248 0.0301 22103328.6929 711623.9343 61742944.3202 71054.9080 12341.5427 6229138.9137 128388791.5844 297673369.6123 320082697.2283 239202808.4743 133199879.3061 55607964.0609 20182284.4144 9356789.2908 46.8191 6.4077 0.4874 0.0352 0.0236 0.0205 0.0417 0.1240 0.3117 0.5529 0.7228 0.0154 0.0008 0.0082 0.0282 0.0621 0.1093 0.1664 0.2317 0.3016 0.3756 0.4292 2.5550 0.3385 0.0991 0.0830 0.0762 0.0672 0.0602 0.0554 0.0516 0.0481 0.0460 0.0671  
78889 30 1.0351 1.0074 0.0133 0.0341 68783485.5577 352484.5353 305567497.3768 81121.4673 2579120.7458 47116482.7840 49819697.0348 27789407.2931 32397853.8056 38847842.3745 40019260.9366 40089671.2677 40092221.8877 40092221.8877 5.5650 0.0360 0.5229 1.3789 0.7214 0.0644 0.0198 0.0177 0.0176 0.0176 0.0176 1.5642 0.0092 0.1152 0.3963 0.8329 1.2515 1.4225 1.4449 1.4461 1.4461 1.4461 1.4461 0.1839 0.1322 0.1010 0.0727 0.0588 0.0565 0.0563 0.0563 0.0563 0.0563 0.0898  
78889 35 0.6269 0.8684 0.0657 0.2982 4200679.5363 194728.2566 45919129.5030 4435.4802 485127.9739 5039149.0596 15129644.3873 19778657.7154 15821257.6285 10734738.0960 8714501.4576 8324469.6492 8176436.5040 8019167.4943 0.0236 0.4954 1.4288 0.7372 0.1759 0.1743 0.0904 0.0271 0.0132 0.0119 0.0118 0.0124 0.0143 0.1168 0.2527 0.3549 0.4242 0.4826 0.5057 0.5111 0.5149 0.5194 1.4702 0.1369 0.1103 0.0816 0.0749 0.0718 0.0686 0.0664 0.0659 0.0659 0.0658 0.0598  
78889 36 0.8720 0.9152 0.0568 0.0970 70924698.3474 533020.6453 103562695.0291 107110.7855 4306075764.2380 11726342524.1602 11017629801.5124 3986548713.0464 324915807.8985 42803931.5694 35138580.2597 35138580.2597 35134187.1625 35129794.0652 2271.6657 0.0932 0.0968 0.1292 0.1301 0.1308 0.1357 0.1369 0.1369 0.1369 0.1369 0.1300 0.0007 0.0052 0.0090 0.0171 0.0213 0.0216 0.0216 0.0216 0.0216 0.0216 1.4359 0.1943 0.1592 0.1339 0.1336 0.1301 0.1057 0.0998 0.0998 0.0998 0.0998 0.1338  
87673 4 1.0342 1.0168 0.0165 0.0157 19145743.8995 14461385.0093 1385157770.0379 249035.9892 583757.8127 26783434.8702 93150186.0277 119315492.1674 120789932.8951 120813857.1135 120813857.1135 120813857.1135 120813857.1135 120813857.1135 93.1163 0.2929 0.0283 0.0160 0.0153 0.0152 0.0152 0.0152 0.0152 0.0152 0.0152 0.0153 0.0416 0.5143 1.3000 1.5275 1.5374 1.5376 1.5376 1.5376 1.5376 1.5376 1.5376 0.1157 0.0773 0.0592 0.0564 0.0563 0.0563 0.0563 0.0563 0.0563 0.0563 0.0568  
87673 12 0.9480 0.9614 0.0031 0.0029 10951342.6053 84777.6477 3206075716.4517 771546.0212 16091051.3258 108120023.9633 629528801.5866 1688047819.2436 2135559775.9312 1705416936.3390 980240907.1818 406195282.4058 134356412.7538 51049695.0780 7.1085 0.2049 0.0149 0.0027 0.0032 0.0032 0.0032 0.0032 0.0033 0.0033 0.0034 0.0273 0.0186 0.1372 0.2786 0.3810 0.4352 0.4703 0.5138 0.5480 0.5643 0.5693 1.1640 0.1885 0.0982 0.0721 0.0674 0.0660 0.0659 0.0659 0.0659 0.0657 0.0655 0.1026  
87673 15 1.0372 0.9985 0.0016 0.0029 12824987.2088 0.0000 3484887591.7077 1979051.4617 961101834.4890 11852794298.2757 20374045243.5184 20401892797.4735 6197171118.2835 425749671.2845 5165951.5862 142456.2544 140054.3016 136621.6328 662.6885 0.2382 0.0009 0.0002 0.0002 0.0007 0.0108 0.8049 9.1646 9.0723 8.9354 0.0029 0.0038 0.0342 0.0808 0.1147 0.1548 0.1707 0.1721 0.1731 0.1761 0.1804 1.6453 0.2780 0.1914 0.1432 0.1336 0.1333 0.1333 0.1327 0.1138 0.1134 0.1130 0.2028  
87673 29 0.7445 0.9079 0.0289 0.0359 18290657.6022 587770.4371 47813596.4648 59070.6316 20114.1905 5328558.7044 109751358.1418 262792911.4653 292237376.4791 218454916.9944 113828257.7181 38474788.0406 9616131.8180 3421156.3102 43.2036 6.3840 0.8348 0.0426 0.0261 0.0258 0.0500 0.1326 0.3588 0.7480 1.0177 0.0225 0.0008 0.0082 0.0282 0.0621 0.1093 0.1664 0.2317 0.3016 0.3756 0.4292 2.5550 0.3341 0.1076 0.0830 0.0758 0.0669 0.0603 0.0562 0.0532 0.0497 0.0473 0.0671  
87673 30 0.9371 0.9494 0.0226 0.0367 72999707.5081 51083.5689 310982719.1219 83969.4024 2377414.3380 35895314.8556 33745570.6811 25592347.5725 33442878.6810 39562423.5876 40595498.3283 40656270.2092 40658401.7967 40658401.7967 3.7911 0.0456 0.6916 1.6646 0.7976 0.0694 0.0216 0.0195 0.0194 0.0194 0.0194 1.8232 0.0092 0.1152 0.3963 0.8329 1.2515 1.4225 1.4449 1.4461 1.4461 1.4461 1.4461 0.1834 0.1326 0.1002 0.0722 0.0588 0.0565 0.0563 0.0563 0.0563 0.0563 0.0896  
87673 35 1.3518 0.9236 0.1056 0.3700 4435185.8931 98119.2479 49200748.2822 2780.4724 618771.9908 5910157.0550 11861639.7338 15964350.7894 13365695.3749 9760757.4751 8321765.5741 8031213.8374 7894273.2549 7741105.3173 0.0220 0.4548 1.3652 0.9369 0.2406 0.2102 0.1042 0.0300 0.0143 0.0128 0.0127 0.0135 0.0143 0.1168 0.2527 0.3549 0.4242 0.4826 0.5057 0.5111 0.5149 0.5194 1.4702 0.1363 0.1124 0.0821 0.0747 0.0717 0.0684 0.0664 0.0659 0.0659 0.0658 0.0598  
87673 36 0.8912 0.9341 0.0566 0.0969 63121621.3281 480545.3962 91127476.5429 93398.9238 4198093027.8134 10748638669.5860 9725199950.7224 3516254174.5156 283548037.3014 34482984.0719 27715557.9188 27715557.9188 27712092.8630 27708627.8071 2004.9502 0.0930 0.0969 0.1294 0.1305 0.1312 0.1361 0.1375 0.1375 0.1375 0.1375 0.1305 0.0007 0.0052 0.0090 0.0171 0.0213 0.0216 0.0216 0.0216 0.0216 0.0216 1.4359 0.1943 0.1603 0.1339 0.1336 0.1305 0.1063 0.0999 0.0999 0.0999 0.0999 0.1338  
96433 4 0.9886 0.9913 0.0163 0.0157 19348167.4089 13824957.7497 1385245917.5604 257564.7476 393629.0386 18242313.2416 86796304.8575 119423773.3262 121286041.4800 121316316.3862 121316316.3862 121316316.3862 121316316.3862 121316316.3862 92.9920 0.3995 0.0301 0.0159 0.0155 0.0154 0.0154 0.0154 0.0154 0.0154 0.0154 0.0155 0.0416 0.5143 1.3000 1.5275 1.5374 1.5376 1.5376 1.5376 1.5376 1.5376 1.5376 0.1185 0.0753 0.0584 0.0563 0.0563 0.0563 0.0563 0.0563 0.0563 0.0563 0.0566  
96433 12 0.9364 0.9683 0.0032 0.0030 10967056.5499 98867.5904 3049143797.3386 731451.9056 27411591.7615 154300725.2503 569097244.2590 1576720360.3446 2038498918.7156 1631387409.8063 937724181.9943 388532486.0494 128463182.4238 48763325.8070 10.9117 0.1825 0.0128 0.0028 0.0033 0.0034 0.0034 0.0034 0.0034 0.0035 0.0036 0.0195 0.0186 0.1372 0.2786 0.3810 0.4352 0.4703 0.5138 0.5480 0.5643 0.5693 1.1640 0.1901 0.1030 0.0722 0.0672 0.0660 0.0659 0.0659 0.0659 0.0657 0.0655 0.1076  
96433 15 1.0379 1.0777 0.0027 0.0042 29736093.8453 0.0000 3648722308.9796 2052673.1149 1796185129.0015 15039964477.5165 22420122039.6260 20960459310.9597 6355253476.5243 436669249.2376 5361064.6487 208362.5951 202645.6198 194475.3386 821.6376 0.4598 0.0038 0.0002 0.0002 0.0010 0.0155 1.1040 9.1532 9.1290 9.0919 0.0036 0.0038 0.0342 0.0808 0.1147 0.1548 0.1707 0.1721 0.1731 0.1761 0.1804 1.6453 0.2859 0.1980 0.1434 0.1336 0.1333 0.1333 0.1322 0.1139 0.1138 0.1137 0.2028  
96433 29 0.7362 0.9146 0.0303 0.0399 12636678.4269 426742.7045 39454077.0348 43980.5162 19624.3800 4539779.3781 94264118.1390 231908563.9242 264690573.0288 198255530.6549 99416520.9600 28892991.0250 4684083.9982 1025253.0397 39.4410 6.4024 0.8254 0.0446 0.0299 0.0321 0.0535 0.1086 0.2788 0.7517 1.2732 0.0282 0.0008 0.0082 0.0282 0.0621 0.1093 0.1664 0.2317 0.3016 0.3756 0.4292 2.5550 0.3398 0.1080 0.0829 0.0755 0.0668 0.0604 0.0567 0.0548 0.0524 0.0499 0.0671  
96433 30 1.0921 1.2553 0.0307 0.0358 81396307.2348 58145.1452 320222040.0159 78691.1816 5258950.8062 84503141.5376 90153825.6000 40438820.2097 34476396.0139 40259911.4469 41437936.1165 41509271.2195 41511736.6253 41511736.6253 9.0179 0.0320 0.3971 1.0935 0.7523 0.0668 0.0213 0.0193 0.0192 0.0192 0.0192 1.3574 0.0092 0.1152 0.3963 0.8329 1.2515 1.4225 1.4449 1.4461 1.4461 1.4461 1.4461 0.1832 0.1330 0.1022 0.0756 0.0590 0.0565 0.0563 0.0563 0.0563 0.0563 0.0920  
96433 35 0.8156 1.0308 0.1442 0.4222 2780365.1256 235084.6194 45332947.4110 3758.6383 1143580.5782 9465696.5770 14538182.7086 15873790.9680 12569121.4355 9257900.9964 7948597.6991 7681679.6074 7550642.8822 7402863.6411 0.0205 0.4974 1.5683 1.3596 0.1451 0.1284 0.0642 0.0207 0.0120 0.0112 0.0111 0.0115 0.0143 0.1168 0.2527 0.3549 0.4242 0.4826 0.5057 0.5111 0.5149 0.5194 1.4702 0.1361 0.1139 0.0841 0.0754 0.0715 0.0682 0.0663 0.0659 0.0659 0.0658 0.0598  
96433 36 0.8723 0.9072 0.0568 0.0968 56052199.2754 385444.3771 81737987.4695 83237.9678 3483278947.5149 9298825180.3493 8634151238.4597 3120360523.2196 249111917.6757 27895495.0442 21884752.4696 21884752.4696 21882016.3930 21879280.3164 1780.2668 0.0932 0.0967 0.1291 0.1300 0.1305 0.1350 0.1364 0.1364 0.1364 0.1364 0.1299 0.0007 0.0052 0.0090 0.0171 0.0213 0.0216 0.0216 0.0216 0.0216 0.0216 1.4359 0.1943 0.1594 0.1339 0.1336 0.1308 0.1070 0.0998 0.0998 0.0998 0.0998 0.1338  
