8761 4 0.8215 0.7949 0.1738 0.2052 24515111.4300 23096340.1614 244805142.2642 28998.6685 612130.4358 30428999.2614 34273824.2902 12332928.1826 10731618.5255 10704785.7527 10704785.7527 10704785.7527 10704785.7527 10704785.7527 9.6457 0.5010 0.2594 0.2466 0.2152 0.2042 0.2040 0.2040 0.2040 0.2040 0.2040 0.2194 0.0416 0.5143 1.3000 1.5275 1.5374 1.5376 1.5376 1.5376 1.5376 1.5376 1.5376 0.1122 0.0801 0.0662 0.0578 0.0563 0.0563 0.0563 0.0563 0.0563 0.0563 0.0644  
8761 12 1.6235 0.6933 0.0178 0.0307 16639572.7410 4649342.2611 1319096177.6691 42867.4129 768356065.8400 4101970011.9914 1556464964.7608 354959093.1041 96560624.8231 56138301.9384 34702723.1106 18314828.9669 10553748.1489 8174955.1397 296.8723 0.5648 0.0191 0.0271 0.0418 0.0466 0.0478 0.0487 0.0506 0.0535 0.0553 0.0148 0.0186 0.1372 0.2786 0.3810 0.4352 0.4703 0.5138 0.5480 0.5643 0.5693 1.1640 0.1869 0.1137 0.0852 0.0730 0.0674 0.0657 0.0651 0.0639 0.0620 0.0608 0.1158  
8761 15 0.7813 0.6261 0.2050 0.1819 591801603.3112 22902.5774 1686327692.4799 469229.4268 887939903.5571 11828870685.5248 8891535425.4892 3241367706.6123 1554264458.8191 927767198.8878 880699021.2756 872156818.6158 848819041.6663 815466414.8459 1178.3269 1.1328 0.0096 0.0035 0.0387 0.2539 0.4619 0.4844 0.4849 0.4857 0.4868 0.2238 0.0038 0.0342 0.0808 0.1147 0.1548 0.1707 0.1721 0.1731 0.1761 0.1804 1.6453 0.2760 0.1997 0.1549 0.1330 0.1231 0.1148 0.1139 0.1139 0.1138 0.1137 0.1619  
8761 29 0.7533 0.6639 0.0594 0.1149 72984011.6799 110478001.8542 257587133.6323 96414.2625 2155533.9201 293554078.4844 799978600.8058 766526435.7859 513669551.6756 345380854.6617 254703382.0381 206652586.0789 182990953.2777 173318890.3751 140.4898 4.9542 1.3323 0.2711 0.0754 0.0510 0.0812 0.1932 0.3230 0.3995 0.4331 0.1551 0.0008 0.0082 0.0282 0.0621 0.1093 0.1664 0.2317 0.3016 0.3756 0.4292 2.5550 0.1641 0.1190 0.1029 0.0842 0.0697 0.0596 0.0526 0.0477 0.0442 0.0421 0.0965  
8761 30 0.1374 0.8849 0.0201 0.0406 22052688.2346 29383.2922 165417817.6671 4298.7880 24.6164 3201.5945 1140473.8794 11788937.5990 21646299.2271 21048375.7304 20484761.1333 20442195.7375 20440352.9846 20440352.9846 0.5548 1.1445 3.6632 0.8844 0.2179 0.0715 0.0329 0.0256 0.0251 0.0251 0.0251 0.2986 0.0092 0.1152 0.3963 0.8329 1.2515 1.4225 1.4449 1.4461 1.4461 1.4461 1.4461 0.1304 0.0897 0.0684 0.0637 0.0597 0.0569 0.0563 0.0563 0.0563 0.0563 0.0663  
8761 35 0.9341 0.4505 0.2736 0.5621 12213925.5638 2085177.0395 106201401.9605 11727.0520 3001213.8799 37122479.5510 64477112.9228 64283166.1685 42947252.1395 22349615.1330 14285663.2157 12850206.1796 12559083.6836 12322902.0682 0.0416 0.5644 1.9379 1.7689 0.2499 0.1903 0.1328 0.0656 0.0463 0.0444 0.0442 0.0470 0.0143 0.1168 0.2527 0.3549 0.4242 0.4826 0.5057 0.5111 0.5149 0.5194 1.4702 0.1356 0.1119 0.0838 0.0759 0.0726 0.0698 0.0668 0.0660 0.0658 0.0658 0.0598  
8761 36 0.4664 0.5412 0.0464 0.1039 166863664.8287 1951184.1991 263044278.7140 82282.3433 32605013426.2913 48337156980.4658 23333646238.0078 8517351705.3951 847278798.2702 256335169.1760 240278480.5500 240278480.5500 240248440.4424 240218400.3347 4789.2698 1.3348 0.1385 0.1454 0.1459 0.1506 0.1619 0.1629 0.1629 0.1629 0.1629 0.1455 0.0007 0.0052 0.0090 0.0171 0.0213 0.0216 0.0216 0.0216 0.0216 0.0216 1.4359 0.1897 0.1727 0.1293 0.1282 0.1191 0.0979 0.0960 0.0960 0.0960 0.0960 0.1289  
17545 4 5.3889 1.9990 0.0541 0.0591 16379647.1558 4762133.1643 578162669.7645 15814.9545 1506298.5884 71016824.8567 83469891.9703 35392398.7613 31771583.2626 31710851.1778 31710851.1778 31710851.1778 31710851.1778 31710851.1778 27.1583 0.2028 0.0499 0.0430 0.0385 0.0374 0.0374 0.0374 0.0374 0.0374 0.0374 0.0386 0.0416 0.5143 1.3000 1.5275 1.5374 1.5376 1.5376 1.5376 1.5376 1.5376 1.5376 0.1134 0.0799 0.0654 0.0575 0.0563 0.0563 0.0563 0.0563 0.0563 0.0563 0.0625  
17545 12 2.1401 2.0979 0.0078 0.0122 18081821.5101 152804.1829 3857214476.5456 680361.5575 1916334506.5406 10129021367.7162 5564232152.1966 1939734058.9557 359807023.8871 140057969.6939 80254870.0844 36789019.5717 16205252.2061 9896902.1627 725.0588 0.1057 0.0031 0.0073 0.0124 0.0143 0.0153 0.0155 0.0158 0.0165 0.0172 0.0021 0.0186 0.1372 0.2786 0.3810 0.4352 0.4703 0.5138 0.5480 0.5643 0.5693 1.1640 0.1881 0.1103 0.0823 0.0738 0.0696 0.0660 0.0655 0.0646 0.0630 0.0616 0.1136  
17545 15 1.1025 1.3935 0.2395 0.2097 438196806.7897 0.0000 1806144021.8669 671279.9812 3205811077.7392 23455357504.8119 14174609393.4902 4924001435.9328 1689248004.0800 470379976.9405 380960202.4570 376523190.4032 366670132.7661 352588874.5572 1701.5882 0.2112 0.0017 0.0007 0.0195 0.1940 0.6292 0.7267 0.7278 0.7273 0.7265 0.1379 0.0038 0.0342 0.0808 0.1147 0.1548 0.1707 0.1721 0.1731 0.1761 0.1804 1.6453 0.2889 0.2037 0.1560 0.1343 0.1280 0.1164 0.1139 0.1139 0.1138 0.1137 0.1823  
17545 29 1.3190 0.8721 0.0510 0.0950 20689886.4562 760749.1476 234711921.5943 138569.4040 417381.2310 70842663.3089 466607709.8346 724145502.1694 539425458.9867 357297091.8578 250121341.1762 191638645.2948 161501619.9938 148438373.8844 83.6567 3.9578 0.8634 0.3045 0.0530 0.0096 0.0097 0.0238 0.0516 0.0885 0.1160 0.3142 0.0008 0.0082 0.0282 0.0621 0.1093 0.1664 0.2317 0.3016 0.3756 0.4292 2.5550 0.2310 0.1112 0.0931 0.0810 0.0698 0.0602 0.0532 0.0482 0.0444 0.0423 0.0823  
17545 30 1.5183 1.8114 0.0036 0.0085 4286096.8830 1605153.3723 173934538.7124 35671.6249 2497049.6688 60362823.4855 95467860.0799 33306986.4171 17599342.5071 21583044.9431 22534194.1059 22592621.0480 22594685.0444 22594685.0444 10.4261 0.0059 0.0301 0.1097 0.0772 0.0101 0.0051 0.0040 0.0039 0.0039 0.0039 0.1741 0.0092 0.1152 0.3963 0.8329 1.2515 1.4225 1.4449 1.4461 1.4461 1.4461 1.4461 0.1839 0.1299 0.1023 0.0777 0.0587 0.0565 0.0563 0.0563 0.0563 0.0563 0.0936  
17545 35 0.8677 0.8471 0.1935 0.2624 9651194.1625 1576.3654 88311737.8811 9904.8289 715469.2894 11432302.4732 44782501.2128 57319543.9047 41217738.5579 21337749.5483 13490791.0049 12095712.4081 11817356.1521 11593999.8769 0.0388 0.4591 1.3834 0.5745 0.1640 0.1583 0.1026 0.0314 0.0099 0.0078 0.0076 0.0085 0.0143 0.1168 0.2527 0.3549 0.4242 0.4826 0.5057 0.5111 0.5149 0.5194 1.4702 0.1387 0.1069 0.0813 0.0751 0.0726 0.0700 0.0669 0.0660 0.0658 0.0658 0.0598  
17545 36 0.9052 0.8769 0.0615 0.1048 79448287.8579 1115037.7151 235012559.3064 276178.2224 24035071929.7705 39052146873.4539 22281705517.5484 8116668679.7787 769800905.4809 203758734.9362 188378643.4756 188378643.4756 188355091.9918 188331540.5080 4579.7426 0.0990 0.1051 0.1358 0.1370 0.1385 0.1430 0.1435 0.1435 0.1435 0.1435 0.1368 0.0007 0.0052 0.0090 0.0171 0.0213 0.0216 0.0216 0.0216 0.0216 0.0216 1.4359 0.1945 0.1736 0.1340 0.1332 0.1253 0.1023 0.0999 0.0999 0.0999 0.0999 0.1338  
26305 4 2.2350 1.5321 0.0237 0.0315 15521121.6003 38128266.0978 965371089.5587 85225.3607 2169027.0654 103160733.7107 137924417.2953 70194962.6827 64858294.6734 64768360.0000 64768360.0000 64768360.0000 64768360.0000 64768360.0000 53.3818 0.1736 0.0342 0.0290 0.0271 0.0267 0.0267 0.0267 0.0267 0.0267 0.0267 0.0270 0.0416 0.5143 1.3000 1.5275 1.5374 1.5376 1.5376 1.5376 1.5376 1.5376 1.5376 0.1140 0.0792 0.0645 0.0571 0.0563 0.0563 0.0563 0.0563 0.0563 0.0563 0.0604  
26305 12 0.9912 0.9440 0.0049 0.0060 24841951.1158 216259.7308 5542407704.2262 1456064.0576 34534079.4498 2827509379.6546 8577107008.3798 5069843595.8700 1123176782.7045 500200208.1227 282015943.2661 119691594.8422 42822584.8628 19265335.9251 99.9669 0.0443 0.0030 0.0046 0.0059 0.0065 0.0069 0.0070 0.0072 0.0077 0.0086 0.0029 0.0186 0.1372 0.2786 0.3810 0.4352 0.4703 0.5138 0.5480 0.5643 0.5693 1.1640 0.1239 0.0909 0.0785 0.0735 0.0698 0.0661 0.0658 0.0655 0.0646 0.0633 0.0964  
26305 15 1.2438 1.0315 0.1161 0.3145 455246625.0277 0.0000 2052480910.0385 740083.9103 2467414231.9499 19967792288.1480 18346236793.5251 8170001111.5317 2415457713.9333 184725565.2892 22183224.8664 20348704.4213 20660390.4485 21105844.1451 948.5103 0.1401 0.0011 0.0008 0.0108 0.1307 1.1332 2.7692 2.8355 2.7935 2.7326 0.1302 0.0038 0.0342 0.0808 0.1147 0.1548 0.1707 0.1721 0.1731 0.1761 0.1804 1.6453 0.2803 0.1916 0.1548 0.1346 0.1323 0.1251 0.1145 0.1138 0.1135 0.1131 0.1978  
26305 29 0.6644 0.9069 0.0183 0.0505 33959798.6589 823199.1766 202670888.7468 182766.7292 86941.6892 20365545.0709 317815946.7732 619842075.3775 539635215.2855 370893071.9427 245704565.0569 171737819.3995 131615783.3062 113711840.1948 76.6394 5.6165 0.9495 0.1437 0.0252 0.0100 0.0157 0.0423 0.0961 0.1716 0.2290 0.1232 0.0008 0.0082 0.0282 0.0621 0.1093 0.1664 0.2317 0.3016 0.3756 0.4292 2.5550 0.2819 0.1071 0.0854 0.0787 0.0690 0.0603 0.0536 0.0485 0.0447 0.0425 0.0695  
26305 30 1.1943 1.0995 0.0048 0.0250 35650055.2481 3294972.2861 211641269.2193 54158.9031 2181789.0411 54688677.7210 100147462.4579 60876275.0789 30889641.8118 24314902.9235 23681942.9613 23652038.3657 23651216.2728 23651216.2728 10.4562 0.0106 0.1150 0.3634 0.3548 0.0626 0.0089 0.0069 0.0069 0.0069 0.0069 0.4096 0.0092 0.1152 0.3963 0.8329 1.2515 1.4225 1.4449 1.4461 1.4461 1.4461 1.4461 0.1815 0.1280 0.0946 0.0760 0.0613 0.0567 0.0563 0.0563 0.0563 0.0563 0.0894  
26305 35 0.9418 0.8834 0.1963 0.2269 9071835.5030 3199.3224 82835317.3685 8594.0130 440264.1459 7681120.9787 31867144.2211 47891444.7222 36205905.7070 19255258.0156 12533343.6060 11332716.1482 11080761.5784 10871795.2271 0.0362 0.3845 1.1442 0.4399 0.1766 0.1739 0.1111 0.0345 0.0119 0.0096 0.0094 0.0104 0.0143 0.1168 0.2527 0.3549 0.4242 0.4826 0.5057 0.5111 0.5149 0.5194 1.4702 0.1370 0.1065 0.0804 0.0746 0.0725 0.0699 0.0669 0.0660 0.0658 0.0658 0.0598  
26305 36 0.8761 0.8666 0.0596 0.1021 145462977.4514 854670.1639 210020128.7764 249987.6652 17490731467.4865 31111017398.4537 20214630663.9335 7354593830.9315 676123074.6558 161577801.0499 147596942.2948 147596942.2948 147578489.4228 147560036.5508 4158.7243 0.0988 0.1012 0.1369 0.1378 0.1391 0.1436 0.1441 0.1441 0.1441 0.1441 0.1377 0.0007 0.0052 0.0090 0.0171 0.0213 0.0216 0.0216 0.0216 0.0216 0.0216 1.4359 0.1945 0.1704 0.1341 0.1334 0.1263 0.1027 0.0999 0.0999 0.0999 0.0999 0.1338  
35065 4 1.1926 1.1302 0.0355 0.0353 40087510.6221 9496722.3027 1181182237.8208 190478.9541 1063421.9050 64372097.8900 117548971.1348 95274352.6612 93038755.2194 93000113.3919 93000113.3919 93000113.3919 93000113.3919 93000113.3919 73.4815 0.2008 0.0448 0.0378 0.0336 0.0331 0.0331 0.0331 0.0331 0.0331 0.0331 0.0336 0.0416 0.5143 1.3000 1.5275 1.5374 1.5376 1.5376 1.5376 1.5376 1.5376 1.5376 0.1118 0.0771 0.0621 0.0567 0.0563 0.0563 0.0563 0.0563 0.0563 0.0563 0.0580  
35065 12 0.9782 0.9492 0.0021 0.0023 11429323.0393 26182.6296 5959564352.0592 1443302.6529 903249.9084 617177687.3481 6342914767.3308 5589246525.7854 2149318702.8118 1334377864.6158 760836328.4419 316823674.9503 106561580.7019 42125307.2859 7.8676 0.0528 0.0014 0.0017 0.0019 0.0020 0.0021 0.0021 0.0022 0.0022 0.0024 0.0046 0.0186 0.1372 0.2786 0.3810 0.4352 0.4703 0.5138 0.5480 0.5643 0.5693 1.1640 0.1087 0.0808 0.0745 0.0725 0.0684 0.0660 0.0659 0.0658 0.0655 0.0648 0.0891  
35065 15 1.3846 1.0497 0.0087 0.0415 71442257.2898 0.0000 2421666007.6225 920550.2947 3621275218.6185 17705758128.9568 18361589191.0287 11855714592.8234 3549958246.6680 243979041.4193 3086393.0895 353981.8534 776166.2956 1379528.7013 832.0606 0.1298 0.0008 0.0003 0.0008 0.0065 0.1129 2.7493 5.5213 4.3756 3.5222 0.0077 0.0038 0.0342 0.0808 0.1147 0.1548 0.1707 0.1721 0.1731 0.1761 0.1804 1.6453 0.2842 0.1941 0.1510 0.1341 0.1333 0.1331 0.1253 0.1111 0.1081 0.1060 0.2026  
35065 29 0.9576 0.9338 0.0100 0.0201 19551917.5099 802526.3897 183945034.8779 121437.3905 54441.1888 12246730.3528 243768897.6523 528591798.2314 520480588.2903 377720112.8086 245334714.8218 159775243.4769 113644567.2760 93823940.6063 75.5572 5.9687 1.1553 0.0421 0.0136 0.0082 0.0113 0.0294 0.0672 0.1183 0.1571 0.0226 0.0008 0.0082 0.0282 0.0621 0.1093 0.1664 0.2317 0.3016 0.3756 0.4292 2.5550 0.2766 0.1104 0.0836 0.0773 0.0680 0.0602 0.0540 0.0490 0.0450 0.0428 0.0673  
35065 30 0.9985 1.0345 0.0042 0.0319 54136036.6132 1573889.3896 265735599.5320 64683.5843 2184147.1063 53393999.9238 84686351.6250 54175450.4806 38679571.3050 31574222.9975 30380403.2586 30309432.3477 30306915.5248 30306915.5248 9.7776 0.0169 0.2186 0.6654 0.3978 0.0711 0.0150 0.0110 0.0108 0.0108 0.0108 0.6664 0.0092 0.1152 0.3963 0.8329 1.2515 1.4225 1.4449 1.4461 1.4461 1.4461 1.4461 0.1886 0.1282 0.0954 0.0727 0.0613 0.0569 0.0563 0.0563 0.0563 0.0563 0.0869  
35065 35 0.9137 0.9256 0.1490 0.3195 8593631.1398 25214.4280 69560911.2461 8093.7791 771638.4352 11168732.2648 26085372.4368 40341389.9499 31155530.3625 17150994.7203 11588413.7721 10588107.8730 10362958.1446 10168284.1538 0.0337 0.4055 1.3029 0.7866 0.2009 0.1886 0.1175 0.0360 0.0131 0.0109 0.0106 0.0116 0.0143 0.1168 0.2527 0.3549 0.4242 0.4826 0.5057 0.5111 0.5149 0.5194 1.4702 0.1350 0.1107 0.0813 0.0746 0.0724 0.0697 0.0668 0.0660 0.0658 0.0658 0.0598  
35065 36 0.8888 0.9180 0.0584 0.1011 130226912.1637 1000692.6388 184533172.9717 219018.3584 15041355524.6487 27411452036.2881 18358796464.0482 6668881963.2408 596413807.7793 128558230.2124 115845987.6101 115845987.6101 115831504.3075 115817021.0049 3777.9726 0.0988 0.1008 0.1343 0.1357 0.1369 0.1417 0.1423 0.1423 0.1423 0.1423 0.1356 0.0007 0.0052 0.0090 0.0171 0.0213 0.0216 0.0216 0.0216 0.0216 0.0216 1.4359 0.1945 0.1697 0.1340 0.1334 0.1271 0.1031 0.0999 0.0999 0.0999 0.0999 0.1338  
43825 4 1.0633 1.0585 0.0235 0.0223 22317077.2152 16880131.1380 1298378709.2922 227174.0638 599347.7866 43941607.2179 105850408.2291 108448766.4990 108039723.8218 108031648.2412 108031648.2412 108031648.2412 108031648.2412 108031648.2412 84.2434 0.1935 0.0298 0.0218 0.0196 0.0194 0.0194 0.0194 0.0194 0.0194 0.0194 0.0196 0.0416 0.5143 1.3000 1.5275 1.5374 1.5376 1.5376 1.5376 1.5376 1.5376 1.5376 0.1105 0.0767 0.0608 0.0565 0.0563 0.0563 0.0563 0.0563 0.0563 0.0563 0.0573  
43825 12 0.9905 0.9509 0.0018 0.0018 11250259.7517 17991.2742 5935918646.9832 1411813.0870 177778.9163 290482263.9051 4212053082.2084 4682293676.5063 2894912471.4843 2075518254.5505 1188763510.4529 492993980.0744 163512786.9054 62541183.4877 3.0138 0.1646 0.0015 0.0016 0.0017 0.0019 0.0019 0.0019 0.0019 0.0020 0.0021 0.0121 0.0186 0.1372 0.2786 0.3810 0.4352 0.4703 0.5138 0.5480 0.5643 0.5693 1.1640 0.1447 0.0764 0.0734 0.0712 0.0671 0.0659 0.0659 0.0658 0.0657 0.0653 0.0740  
43825 15 1.1802 1.0182 0.0020 0.0058 13140914.4341 0.0000 2661776518.4620 1274573.0551 3582129841.9776 16408512796.9368 18019861772.8310 14194894692.2012 4281821066.6287 294176759.9903 3594395.3656 187229.3619 371503.9853 634858.9919 862.2699 0.1541 0.0010 0.0002 0.0003 0.0011 0.0157 1.1097 7.0870 4.8310 3.4504 0.0024 0.0038 0.0342 0.0808 0.1147 0.1548 0.1707 0.1721 0.1731 0.1761 0.1804 1.6453 0.2824 0.1970 0.1480 0.1338 0.1333 0.1333 0.1324 0.1075 0.1032 0.1015 0.2028  
43825 29 0.9319 0.9293 0.0106 0.0158 26181797.4559 944664.4816 160736415.4568 116282.6660 33144.0165 9197196.3239 189088953.3413 444641185.7661 488937495.7790 382244322.2719 246152719.7596 145315453.2762 91558884.4772 69950253.2557 71.1675 6.0300 1.0226 0.0256 0.0120 0.0093 0.0157 0.0429 0.1029 0.1906 0.2594 0.0089 0.0008 0.0082 0.0282 0.0621 0.1093 0.1664 0.2317 0.3016 0.3756 0.4292 2.5550 0.2793 0.1082 0.0831 0.0762 0.0672 0.0599 0.0543 0.0495 0.0455 0.0431 0.0671  
43825 30 1.1424 0.9489 0.0090 0.0362 64652282.0447 453000.7907 302530998.6979 64586.7537 2023871.1995 41614847.2482 52940807.5909 37858780.0201 37449847.5075 37286973.6350 37238613.1111 37235670.4654 37235601.1215 37235601.1215 6.4892 0.0299 0.4359 1.0800 0.5551 0.0755 0.0188 0.0152 0.0151 0.0151 0.0151 1.1086 0.0092 0.1152 0.3963 0.8329 1.2515 1.4225 1.4449 1.4461 1.4461 1.4461 1.4461 0.1895 0.1286 0.0968 0.0720 0.0601 0.0567 0.0563 0.0563 0.0563 0.0563 0.0878  
43825 35 0.8642 0.8645 0.1371 0.3312 8093415.4300 24835.7002 64001877.0685 7395.6077 390425.2409 5453053.8040 16947911.0491 32850990.6085 26809936.7930 15313554.6013 10723488.3315 9891539.0589 9689789.8989 9508306.5959 0.0314 0.3936 1.4319 0.7587 0.2255 0.2140 0.1285 0.0384 0.0142 0.0119 0.0116 0.0126 0.0143 0.1168 0.2527 0.3549 0.4242 0.4826 0.5057 0.5111 0.5149 0.5194 1.4702 0.1361 0.1100 0.0802 0.0742 0.0723 0.0695 0.0667 0.0660 0.0658 0.0658 0.0598  
43825 36 0.8265 0.8730 0.0587 0.1013 107758448.0911 709517.1190 156140988.0526 194670.6822 11689621345.6068 22342999340.9670 15812338884.7291 5739855763.3282 505102022.6727 101788464.8185 90829911.0380 90829911.0380 90818555.2966 90807199.5551 3255.1219 0.0987 0.1014 0.1368 0.1376 0.1386 0.1428 0.1434 0.1434 0.1434 0.1434 0.1375 0.0007 0.0052 0.0090 0.0171 0.0213 0.0216 0.0216 0.0216 0.0216 0.0216 1.4359 0.1945 0.1676 0.1340 0.1335 0.1277 0.1035 0.0999 0.0999 0.0999 0.0999 0.1338  
52609 4 1.0512 1.0317 0.0188 0.0180 20441274.4633 15751623.7389 1360623048.5908 241548.5134 512303.1997 34293915.3210 100163925.2074 115664866.9900 116283729.9004 116293129.0656 116293129.0656 116293129.0656 116293129.0656 116293129.0656 90.0558 0.2154 0.0261 0.0178 0.0170 0.0169 0.0169 0.0169 0.0169 0.0169 0.0169 0.0170 0.0416 0.5143 1.3000 1.5275 1.5374 1.5376 1.5376 1.5376 1.5376 1.5376 1.5376 0.1120 0.0765 0.0599 0.0564 0.0563 0.0563 0.0563 0.0563 0.0563 0.0563 0.0570  
52609 12 0.9559 0.9517 0.0018 0.0017 11395290.9070 16634.9231 5750483752.3442 1398437.9752 87596.0422 172620778.1579 2975124417.8418 4013578437.0914 3193814150.9645 2403022117.8628 1378252442.3717 570904181.2898 188585059.5214 71420999.6191 2.1947 0.2783 0.0017 0.0017 0.0018 0.0019 0.0019 0.0019 0.0019 0.0020 0.0021 0.0174 0.0186 0.1372 0.2786 0.3810 0.4352 0.4703 0.5138 0.5480 0.5643 0.5693 1.1640 0.1758 0.0745 0.0729 0.0701 0.0666 0.0659 0.0659 0.0659 0.0657 0.0655 0.0639  
52609 15 1.0948 1.0393 0.0017 0.0042 13764865.4410 0.0000 2851808157.0730 1504269.6461 3995575601.3567 17039481216.8352 17904096395.1637 15908711926.1426 4817302311.5906 330957754.2924 4027040.6822 150079.1177 229898.8070 343972.6843 1027.3066 0.1525 0.0010 0.0002 0.0003 0.0010 0.0151 1.0753 8.1102 6.4813 5.1172 0.0022 0.0038 0.0342 0.0808 0.1147 0.1548 0.1707 0.1721 0.1731 0.1761 0.1804 1.6453 0.2827 0.2010 0.1460 0.1337 0.1333 0.1333 0.1324 0.1106 0.1066 0.1041 0.2028  
52609 29 0.9702 0.9254 0.0144 0.0216 25326493.4404 887359.3541 138264338.9836 108360.9261 34843.5991 6771633.8058 142792073.4007 373347326.8267 459744062.2621 379388571.7039 240027199.5083 128597041.7545 70692249.7657 48974940.0528 67.6005 6.0156 1.2205 0.0381 0.0192 0.0118 0.0182 0.0488 0.1206 0.2316 0.3221 0.0086 0.0008 0.0082 0.0282 0.0621 0.1093 0.1664 0.2317 0.3016 0.3756 0.4292 2.5550 0.2786 0.1120 0.0828 0.0752 0.0664 0.0596 0.0546 0.0502 0.0460 0.0436 0.0671  
52609 30 1.0883 1.0573 0.0061 0.0296 64550773.6534 438966.8558 316928468.5900 73786.5527 2653713.7254 58272215.5839 61331158.2286 24827005.1687 31997268.3876 40607903.1148 41961133.8506 42037376.6635 42039910.2459 42039910.2459 6.7740 0.0307 0.4526 1.2064 0.6512 0.0553 0.0171 0.0149 0.0148 0.0148 0.0148 1.3914 0.0092 0.1152 0.3963 0.8329 1.2515 1.4225 1.4449 1.4461 1.4461 1.4461 1.4461 0.1867 0.1308 0.1022 0.0727 0.0587 0.0565 0.0563 0.0563 0.0563 0.0563 0.0915  
52609 35 0.8408 0.9046 0.1737 0.4558 7395299.6346 47662.4185 56051885.8844 6391.4952 550302.4500 5355797.2263 12272393.5415 27292879.4788 23089633.7090 13670253.6940 9896740.3580 9206810.2935 9026244.5121 8857837.9612 0.0292 0.4603 1.7402 1.2313 0.2527 0.2274 0.1328 0.0388 0.0146 0.0123 0.0121 0.0130 0.0143 0.1168 0.2527 0.3549 0.4242 0.4826 0.5057 0.5111 0.5149 0.5194 1.4702 0.1399 0.1126 0.0807 0.0740 0.0722 0.0694 0.0667 0.0660 0.0658 0.0658 0.0598  
52609 36 0.8317 0.8783 0.0582 0.1007 88222500.6377 728293.8756 130062268.6201 160896.5497 9445565353.6015 18479059483.6470 13408277233.5103 4864191853.7156 422843142.2025 80657771.0594 71360148.6284 71360148.6284 71351227.0365 71342305.4446 2760.7064 0.0981 0.1005 0.1353 0.1361 0.1369 0.1408 0.1414 0.1414 0.1414 0.1414 0.1360 0.0007 0.0052 0.0090 0.0171 0.0213 0.0216 0.0216 0.0216 0.0216 0.0216 1.4359 0.1944 0.1667 0.1340 0.1335 0.1281 0.1037 0.0999 0.0999 0.0999 0.0999 0.1338  
61369 4 1.0033 1.0125 0.0184 0.0171 20238942.3139 14791860.0857 1404929855.9251 253919.9180 431829.5531 28422961.7675 96647721.0262 119024338.8199 120132408.9387 120149966.8635 120149966.8635 120149966.8635 120149966.8635 120149966.8635 92.7574 0.2319 0.0282 0.0178 0.0161 0.0160 0.0160 0.0160 0.0160 0.0160 0.0160 0.0161 0.0416 0.5143 1.3000 1.5275 1.5374 1.5376 1.5376 1.5376 1.5376 1.5376 1.5376 0.1122 0.0762 0.0593 0.0564 0.0563 0.0563 0.0563 0.0563 0.0563 0.0563 0.0569  
61369 12 0.9472 0.9523 0.0018 0.0017 11011015.4579 20328.3686 5497343836.8233 1336764.9899 70421.6132 115808307.2119 2150056303.0098 3493093020.2985 3303283131.1213 2550235925.7206 1463739095.4877 605961561.3900 199761752.4908 75279340.8950 1.9344 0.3290 0.0019 0.0017 0.0018 0.0019 0.0019 0.0019 0.0019 0.0020 0.0020 0.0171 0.0186 0.1372 0.2786 0.3810 0.4352 0.4703 0.5138 0.5480 0.5643 0.5693 1.1640 0.1849 0.0737 0.0726 0.0693 0.0663 0.0659 0.0659 0.0659 0.0658 0.0655 0.0608  
61369 15 1.0338 0.9946 0.0011 0.0026 9809337.9168 0.0000 2950939283.0519 1646816.3809 3556284401.9119 14959972175.0426 19296778881.0234 16417020675.8788 4963845581.9243 340991897.2524 4110490.0450 98895.0717 132506.7359 180542.6809 714.3725 0.1371 0.0007 0.0001 0.0002 0.0006 0.0092 0.7003 8.4279 7.1289 5.8954 0.0016 0.0038 0.0342 0.0808 0.1147 0.1548 0.1707 0.1721 0.1731 0.1761 0.1804 1.6453 0.2804 0.1982 0.1455 0.1337 0.1333 0.1333 0.1329 0.1112 0.1075 0.1048 0.2028  
61369 29 0.9386 0.9209 0.0201 0.0287 25838974.3268 911198.5810 117148185.2524 105126.8891 46902.2538 4386237.6163 96459554.4528 305086791.9843 436213919.3510 378847503.8755 232739117.3458 110197793.0390 50421127.6525 30487812.5736 65.2804 5.7852 1.8313 0.0594 0.0206 0.0134 0.0227 0.0621 0.1588 0.3123 0.4399 0.0096 0.0008 0.0082 0.0282 0.0621 0.1093 0.1664 0.2317 0.3016 0.3756 0.4292 2.5550 0.2640 0.1229 0.0822 0.0735 0.0656 0.0595 0.0550 0.0509 0.0468 0.0442 0.0671  
61369 30 1.0936 1.0052 0.0139 0.0345 73748217.3458 183120.8433 316327953.6011 80305.1963 2475645.5377 58689297.5584 63936721.3554 25258202.6889 30686163.8961 40470961.3289 42202859.9798 42305254.9058 42308859.7036 42308859.7036 6.9352 0.0370 0.4712 1.2104 0.8603 0.0661 0.0198 0.0184 0.0184 0.0184 0.0184 1.4693 0.0092 0.1152 0.3963 0.8329 1.2515 1.4225 1.4449 1.4461 1.4461 1.4461 1.4461 0.1872 0.1289 0.1017 0.0756 0.0582 0.0564 0.0563 0.0563 0.0563 0.0563 0.0935  
61369 35 0.7602 0.8972 0.1558 0.4911 6391104.9793 74520.1448 50373921.7955 5374.2828 555212.2158 4295312.8413 9481493.0939 22228044.6849 19302955.6934 12010745.6946 9082143.4387 8539032.1672 8379977.2860 8224564.8925 0.0271 0.4793 1.8097 1.3440 0.2618 0.2334 0.1311 0.0382 0.0155 0.0133 0.0131 0.0139 0.0143 0.1168 0.2527 0.3549 0.4242 0.4826 0.5057 0.5111 0.5149 0.5194 1.4702 0.1416 0.1135 0.0805 0.0738 0.0721 0.0691 0.0666 0.0659 0.0658 0.0658 0.0598  
61369 36 0.8209 0.8659 0.0562 0.0971 74183221.0819 525110.5372 108320201.8514 133821.1425 7373420899.3079 14936477221.7493 11226343389.0550 4071154785.4078 350728445.2432 64086807.4728 56298380.0666 56298380.0666 56291341.5278 56284302.9890 2311.9445 0.0931 0.0958 0.1311 0.1317 0.1325 0.1365 0.1372 0.1372 0.1372 0.1372 0.1316 0.0007 0.0052 0.0090 0.0171 0.0213 0.0216 0.0216 0.0216 0.0216 0.0216 1.4359 0.1944 0.1654 0.1340 0.1335 0.1284 0.1039 0.0999 0.0999 0.0999 0.0999 0.1338  
70129 4 1.0734 1.0495 0.0174 0.0158 20026781.1266 15302071.8031 1475347537.9849 254768.0330 649403.2982 40126904.4712 112597524.0357 125566601.8296 125895317.3608 125899553.5122 125899553.5122 125899553.5122 125899553.5122 125899553.5122 97.7702 0.2069 0.0256 0.0162 0.0152 0.0151 0.0151 0.0151 0.0151 0.0151 0.0151 0.0152 0.0416 0.5143 1.3000 1.5275 1.5374 1.5376 1.5376 1.5376 1.5376 1.5376 1.5376 0.1123 0.0775 0.0600 0.0564 0.0563 0.0563 0.0563 0.0563 0.0563 0.0563 0.0571  
70129 12 0.9358 0.9526 0.0019 0.0018 10924553.3565 22404.7804 5215539293.8646 1266150.6913 134372.8532 85957667.9597 1661203212.3997 3118328108.5025 3260820820.6919 2549986544.6703 1464115190.7639 605951349.5331 199568630.8994 75030180.8084 1.8185 0.2879 0.0023 0.0018 0.0019 0.0020 0.0020 0.0020 0.0020 0.0020 0.0021 0.0155 0.0186 0.1372 0.2786 0.3810 0.4352 0.4703 0.5138 0.5480 0.5643 0.5693 1.1640 0.1880 0.0737 0.0723 0.0687 0.0662 0.0659 0.0659 0.0659 0.0658 0.0656 0.0612  
70129 15 1.0219 0.9593 0.0009 0.0021 9072226.4527 0.0000 2935932178.8486 1702435.3987 3266380436.3545 11651013412.2144 18726962217.0411 16968232816.5399 5139597856.3725 353042661.9176 4230469.4281 69131.6999 81501.7506 99180.3632 437.6647 0.1185 0.0007 0.0002 0.0002 0.0006 0.0074 0.5715 8.7990 7.9927 7.0776 0.0023 0.0038 0.0342 0.0808 0.1147 0.1548 0.1707 0.1721 0.1731 0.1761 0.1804 1.6453 0.2800 0.1943 0.1451 0.1337 0.1333 0.1333 0.1330 0.1124 0.1096 0.1071 0.2028  
70129 29 0.8851 0.9152 0.0278 0.0372 24486148.1885 822653.4221 97560302.7850 98674.8789 15727.9298 2322716.7420 58951530.1505 246782820.2243 410232732.6397 371541706.5894 220324736.2370 90242711.2078 32456614.2069 16339317.0527 62.2055 6.1489 1.5360 0.0756 0.0298 0.0168 0.0279 0.0761 0.2041 0.4190 0.5933 0.0100 0.0008 0.0082 0.0282 0.0621 0.1093 0.1664 0.2317 0.3016 0.3756 0.4292 2.5550 0.2862 0.1161 0.0807 0.0715 0.0649 0.0593 0.0554 0.0519 0.0479 0.0452 0.0671  
70129 30 1.0149 1.5203 0.0069 0.0289 80267548.1947 586401.3815 326949873.2688 87821.9031 7221415.5459 177759127.7765 220044240.4851 61453832.6551 34319711.6323 40670036.4217 42234785.7774 42332470.5604 42335955.5463 42335955.5463 25.0681 0.0228 0.2329 0.6314 0.5784 0.0553 0.0157 0.0147 0.0146 0.0146 0.0146 0.8044 0.0092 0.1152 0.3963 0.8329 1.2515 1.4225 1.4449 1.4461 1.4461 1.4461 1.4461 0.1906 0.1290 0.1029 0.0805 0.0592 0.0564 0.0563 0.0563 0.0563 0.0563 0.0950  
70129 35 0.8840 0.9417 0.1487 0.5019 5374028.7337 79820.0690 40791384.0389 4085.5529 842985.0131 7375994.5920 9084499.8912 18283486.9570 15958477.0680 10513767.5235 8326396.8196 7912356.8409 7772771.7030 7629537.8054 0.0252 0.4674 1.4250 1.3892 0.2656 0.2307 0.1237 0.0356 0.0153 0.0134 0.0132 0.0140 0.0143 0.1168 0.2527 0.3549 0.4242 0.4826 0.5057 0.5111 0.5149 0.5194 1.4702 0.1391 0.1143 0.0819 0.0740 0.0719 0.0688 0.0665 0.0659 0.0658 0.0658 0.0598  
70129 36 0.8293 0.8842 0.0559 0.0964 61757924.1950 501601.4975 91237147.1711 109854.3927 6288748781.1636 12570464150.9822 9323824395.6750 3379517858.4260 289025322.7786 50917170.3115 44447460.6512 44447460.6512 44441903.7387 44436346.8261 1920.0633 0.0932 0.0962 0.1295 0.1303 0.1312 0.1357 0.1365 0.1365 0.1365 0.1365 0.1303 0.0007 0.0052 0.0090 0.0171 0.0213 0.0216 0.0216 0.0216 0.0216 0.0216 1.4359 0.1944 0.1657 0.1340 0.1335 0.1286 0.1041 0.0998 0.0998 0.0998 0.0998 0.1338  
78889 4 0.9985 0.9989 0.0170 0.0159 20542457.4189 14264245.9342 1478773277.8757 273474.5270 280925.2528 23940667.4881 100854445.5914 128544058.5386 129841657.3960 129861914.7885 129861914.7885 129861914.7885 129861914.7885 129861914.7885 99.8836 0.2285 0.0256 0.0166 0.0152 0.0151 0.0151 0.0151 0.0151 0.0151 0.0151 0.0152 0.0416 0.5143 1.3000 1.5275 1.5374 1.5376 1.5376 1.5376 1.5376 1.5376 1.5376 0.1118 0.0745 0.0589 0.0564 0.0563 0.0563 0.0563 0.0563 0.0563 0.0563 0.0567  
78889 12 0.9399 0.9528 0.0020 0.0019 10784698.9383 18501.8374 4928582764.6297 1184859.3375 147945.9229 62422371.6897 1263535864.5232 2792651727.0377 3192088982.8643 2521880806.5513 1448382374.6477 599311652.4726 197234992.0881 74016171.5215 1.7219 0.2908 0.0028 0.0018 0.0020 0.0021 0.0021 0.0021 0.0021 0.0021 0.0022 0.0152 0.0186 0.1372 0.2786 0.3810 0.4352 0.4703 0.5138 0.5480 0.5643 0.5693 1.1640 0.1877 0.0740 0.0720 0.0681 0.0661 0.0659 0.0659 0.0659 0.0658 0.0656 0.0620  
78889 15 1.0069 0.9798 0.0011 0.0025 9345950.0553 0.0000 2931529176.7639 1739680.1225 4068790937.5081 10327568891.5823 17244025000.3262 17249973402.0962 5239231873.5237 359908179.4176 4335040.7846 89673.0533 92422.4108 96351.6798 392.2027 0.1117 0.0008 0.0001 0.0002 0.0006 0.0090 0.6814 9.0920 8.7769 8.3504 0.0035 0.0038 0.0342 0.0808 0.1147 0.1548 0.1707 0.1721 0.1731 0.1761 0.1804 1.6453 0.2825 0.2005 0.1435 0.1336 0.1333 0.1333 0.1329 0.1134 0.1122 0.1108 0.2028  
78889 29 0.8282 0.9118 0.0368 0.0549 21784936.3602 494325.3794 82186413.8532 87338.1098 12253.1691 1163274.7404 35622802.5542 198369396.5275 372769477.0523 356878226.1415 207090589.7093 72317780.0523 18628853.0565 7241278.8752 55.4686 6.3636 1.9814 0.1283 0.0397 0.0210 0.0336 0.0860 0.2420 0.5536 0.7993 0.0116 0.0008 0.0082 0.0282 0.0621 0.1093 0.1664 0.2317 0.3016 0.3756 0.4292 2.5550 0.2958 0.1237 0.0787 0.0695 0.0642 0.0592 0.0559 0.0532 0.0494 0.0466 0.0671  
78889 30 1.0539 1.0001 0.0099 0.0348 87781121.4668 766803.8660 376883154.5728 89130.1110 3852920.4484 113887742.6700 210417592.2323 111960643.9603 52075818.0368 43795262.7179 43703662.5843 43719857.5894 43720770.7316 43720770.7316 22.6422 0.0251 0.2189 0.5018 0.3987 0.0745 0.0167 0.0145 0.0144 0.0144 0.0144 0.5583 0.0092 0.1152 0.3963 0.8329 1.2515 1.4225 1.4449 1.4461 1.4461 1.4461 1.4461 0.1912 0.1220 0.0956 0.0778 0.0615 0.0566 0.0563 0.0563 0.0563 0.0563 0.0929  
78889 35 0.8353 0.8816 0.1092 0.4129 4085418.0713 155923.5112 38658325.5775 3611.7984 549817.8769 4902003.6476 6511342.7008 14574164.9287 13249292.0785 9249847.6275 7634907.5371 7321131.0290 7198100.0704 7066257.7316 0.0234 0.4476 1.2048 1.0732 0.2339 0.2188 0.1109 0.0324 0.0154 0.0138 0.0136 0.0142 0.0143 0.1168 0.2527 0.3549 0.4242 0.4826 0.5057 0.5111 0.5149 0.5194 1.4702 0.1391 0.1137 0.0809 0.0738 0.0717 0.0686 0.0664 0.0659 0.0658 0.0658 0.0598  
78889 36 0.8658 0.9261 0.0553 0.0953 51963430.2052 432771.7868 76928620.8463 91102.7725 6134851814.7291 11449556275.3396 7886765215.8442 2855929805.0105 241950494.5452 40555481.5163 35083315.4057 35083315.4057 35078929.2177 35074543.0298 1623.5511 0.0921 0.0949 0.1279 0.1292 0.1303 0.1357 0.1367 0.1367 0.1367 0.1367 0.1292 0.0007 0.0052 0.0090 0.0171 0.0213 0.0216 0.0216 0.0216 0.0216 0.0216 1.4359 0.1944 0.1680 0.1340 0.1335 0.1289 0.1044 0.0999 0.0999 0.0999 0.0999 0.1338  
87673 4 0.9744 0.9718 0.0158 0.0150 19326424.7406 13257550.4589 1441997849.6904 273053.8620 106948.6752 13319212.9196 87609115.2634 125370476.1261 127477917.3672 127511943.8146 127511943.8146 127511943.8146 127511943.8146 127511943.8146 97.5682 0.2264 0.0223 0.0151 0.0147 0.0147 0.0147 0.0147 0.0147 0.0147 0.0147 0.0147 0.0416 0.5143 1.3000 1.5275 1.5374 1.5376 1.5376 1.5376 1.5376 1.5376 1.5376 0.1111 0.0716 0.0577 0.0563 0.0563 0.0563 0.0563 0.0563 0.0563 0.0563 0.0565  
87673 12 0.9350 0.9532 0.0021 0.0020 10858480.7643 25947.8039 4642208545.9592 1113592.8805 570296.5544 51660703.4349 1015591618.5745 2539029498.6353 3064913154.2447 2435455145.8673 1398968068.2525 578799362.6642 190409235.8340 71384742.1779 1.9354 0.2773 0.0060 0.0020 0.0021 0.0022 0.0022 0.0022 0.0022 0.0022 0.0023 0.0198 0.0186 0.1372 0.2786 0.3810 0.4352 0.4703 0.5138 0.5480 0.5643 0.5693 1.1640 0.1894 0.0760 0.0717 0.0678 0.0661 0.0659 0.0659 0.0659 0.0658 0.0656 0.0683  
87673 15 1.0255 1.1253 0.0011 0.0023 22578725.3297 0.0000 2998730630.5248 1751693.0909 7984144372.6574 16393268550.4824 16838330528.5874 17574858033.8026 5344905519.1545 367164987.5462 4419673.1128 87534.9478 87011.1961 86262.7208 909.6006 0.2546 0.0037 0.0002 0.0002 0.0006 0.0082 0.6235 9.1360 9.0003 8.8017 0.0017 0.0038 0.0342 0.0808 0.1147 0.1548 0.1707 0.1721 0.1731 0.1761 0.1804 1.6453 0.2873 0.2172 0.1422 0.1335 0.1333 0.1333 0.1329 0.1137 0.1131 0.1124 0.2028  
87673 29 0.4945 0.9115 0.0758 0.1100 16700033.1681 304307.0222 72373230.7034 72331.2275 12171.7705 410038.7044 18949652.8420 152178030.8617 326162763.2218 339463814.2409 199046735.5696 62281783.8848 11252439.9892 2923200.2265 46.0184 6.2801 3.0334 0.3135 0.0690 0.0289 0.0380 0.0764 0.2036 0.5660 0.9680 0.0146 0.0008 0.0082 0.0282 0.0621 0.1093 0.1664 0.2317 0.3016 0.3756 0.4292 2.5550 0.2958 0.1364 0.0759 0.0680 0.0635 0.0588 0.0561 0.0545 0.0518 0.0488 0.0671  
87673 30 1.2474 0.9124 0.0129 0.0370 89101689.1614 486162.3722 465525078.9591 93938.2336 2101892.7997 65930694.8267 118664253.0504 101365119.6780 69535676.5840 54833268.1818 52881201.9856 52776613.8031 52772966.0243 52772966.0243 13.4124 0.0341 0.3344 0.6731 0.3451 0.0741 0.0208 0.0166 0.0164 0.0164 0.0164 0.7028 0.0092 0.1152 0.3963 0.8329 1.2515 1.4225 1.4449 1.4461 1.4461 1.4461 1.4461 0.1865 0.1226 0.0926 0.0728 0.0618 0.0569 0.0563 0.0563 0.0563 0.0563 0.0890  
87673 35 1.0002 0.9666 0.1587 0.4929 3611627.2795 190932.6013 34191990.3712 3017.0194 994598.0021 8535625.2795 6880640.5895 12069531.9362 10948832.0324 8137405.7436 7001984.1716 6772527.1837 6664099.1627 6542756.9048 0.0217 0.4164 1.1208 1.3997 0.2548 0.2229 0.1076 0.0311 0.0154 0.0139 0.0138 0.0144 0.0143 0.1168 0.2527 0.3549 0.4242 0.4826 0.5057 0.5111 0.5149 0.5194 1.4702 0.1387 0.1145 0.0836 0.0741 0.0715 0.0683 0.0663 0.0659 0.0658 0.0658 0.0598  
87673 36 0.8448 0.8963 0.0554 0.0954 43438130.2514 346388.9852 65803144.5546 78873.8241 5381762783.7889 9843825157.6315 6620879891.7898 2396082508.9065 201364940.7366 32272105.2905 27677631.3240 27677631.3240 27674171.0098 27670710.6957 1362.8178 0.0926 0.0954 0.1291 0.1301 0.1310 0.1362 0.1373 0.1373 0.1373 0.1373 0.1300 0.0007 0.0052 0.0090 0.0171 0.0213 0.0216 0.0216 0.0216 0.0216 0.0216 1.4359 0.1944 0.1686 0.1340 0.1335 0.1292 0.1046 0.0998 0.0998 0.0998 0.0998 0.1338  
96433 4 1.0045 1.0067 0.0157 0.0149 18490817.4260 13902851.1755 1440321852.1159 266060.6079 319060.7782 25091879.6140 98602778.1039 124254579.9357 125440668.3107 125459110.0452 125459110.0452 125459110.0452 125459110.0452 125459110.0452 96.6402 0.2368 0.0254 0.0154 0.0143 0.0142 0.0142 0.0142 0.0142 0.0142 0.0142 0.0143 0.0416 0.5143 1.3000 1.5275 1.5374 1.5376 1.5376 1.5376 1.5376 1.5376 1.5376 0.1122 0.0762 0.0587 0.0564 0.0563 0.0563 0.0563 0.0563 0.0563 0.0563 0.0567  
96433 12 0.9290 0.9533 0.0022 0.0021 10790358.9273 30482.0915 4383368086.8259 1041211.4514 610596.1842 39960823.1971 774632204.1818 2298946508.5406 2952385869.0676 2360532372.7469 1356157196.3550 561017171.9741 184479364.6391 69087092.1284 2.0475 0.2806 0.0069 0.0021 0.0023 0.0023 0.0023 0.0023 0.0023 0.0023 0.0024 0.0184 0.0186 0.1372 0.2786 0.3810 0.4352 0.4703 0.5138 0.5480 0.5643 0.5693 1.1640 0.1867 0.0782 0.0713 0.0674 0.0660 0.0659 0.0659 0.0659 0.0658 0.0656 0.0729  
96433 15 1.0437 0.9989 0.0009 0.0020 9044296.3749 0.0000 3129038301.8211 1796313.7930 6668565172.3895 15368505027.2559 18205629632.8328 18236473564.8275 5539860044.4622 380535109.9511 4557065.0760 66657.9353 65427.3076 63668.5951 784.9492 0.0734 0.0007 0.0002 0.0002 0.0006 0.0068 0.5247 9.2260 9.1595 9.0595 0.0013 0.0038 0.0342 0.0808 0.1147 0.1548 0.1707 0.1721 0.1731 0.1761 0.1804 1.6453 0.2799 0.2100 0.1429 0.1335 0.1333 0.1333 0.1330 0.1138 0.1135 0.1131 0.2028  
96433 29 0.8641 0.9249 0.0530 0.1344 9601819.9759 191944.5128 68044234.1369 35767.4151 18021.9490 111842.9881 10341323.5291 115354380.0471 280311531.5049 323522498.3843 196364925.8879 58970860.5553 8630804.7027 1554986.7589 35.9355 6.3745 4.7491 0.4179 0.0653 0.0277 0.0310 0.0494 0.1147 0.3596 0.7694 0.0187 0.0008 0.0082 0.0282 0.0621 0.1093 0.1664 0.2317 0.3016 0.3756 0.4292 2.5550 0.2937 0.1644 0.0723 0.0665 0.0627 0.0583 0.0562 0.0553 0.0541 0.0522 0.0671  
96433 30 1.1021 0.8819 0.0192 0.0353 92429309.7835 48659.1565 517264805.3081 117181.2769 2166801.4549 42092730.3950 40277230.8449 47770171.6656 62297223.0490 65274746.9476 65326032.3119 65319403.1288 65318647.8057 65318647.8057 4.4798 0.0520 0.7362 1.5190 0.4580 0.0635 0.0231 0.0191 0.0189 0.0189 0.0189 1.6408 0.0092 0.1152 0.3963 0.8329 1.2515 1.4225 1.4449 1.4461 1.4461 1.4461 1.4461 0.1833 0.1292 0.0966 0.0693 0.0599 0.0567 0.0563 0.0563 0.0563 0.0563 0.0872  
96433 35 0.9692 0.9101 0.1780 0.4895 3016898.8165 260865.1223 34738348.7053 3017.5370 686649.4008 6939253.9386 5837588.2481 10136052.3655 9385034.6600 7284545.3447 6432877.9410 6254381.5476 6157262.0106 6045618.9379 0.0201 0.4214 1.1477 1.4022 0.2361 0.2184 0.1008 0.0306 0.0168 0.0156 0.0154 0.0161 0.0143 0.1168 0.2527 0.3549 0.4242 0.4826 0.5057 0.5111 0.5149 0.5194 1.4702 0.1365 0.1137 0.0838 0.0742 0.0713 0.0681 0.0663 0.0659 0.0658 0.0658 0.0598  
96433 36 0.8754 0.9384 0.0554 0.0952 1110339.7245 302586.4547 54381792.3897 66629.3779 5405420160.5883 9167742679.8660 5580859687.8439 2017572800.6825 168196626.9731 25710748.3016 21839219.9727 21839219.9727 21836489.5887 21833759.2047 1148.1029 0.0925 0.0951 0.1275 0.1290 0.1300 0.1359 0.1371 0.1371 0.1371 0.1371 0.1290 0.0007 0.0052 0.0090 0.0171 0.0213 0.0216 0.0216 0.0216 0.0216 0.0216 1.4359 0.1944 0.1710 0.1340 0.1336 0.1294 0.1049 0.0999 0.0999 0.0999 0.0999 0.1338  
