8761 4 0.8008 0.7961 0.1618 0.2027 24560772.2748 21778020.0891 287616955.6315 28266.7305 623311.1038 31309605.6043 35565763.4463 12168291.6754 10450308.0016 10421509.0747 10421509.0747 10421509.0747 10421509.0747 10421509.0747 9.4410 0.4921 0.2520 0.2381 0.2180 0.2115 0.2114 0.2114 0.2114 0.2114 0.2114 0.2224 0.0416 0.5143 1.3000 1.5275 1.5374 1.5376 1.5376 1.5376 1.5376 1.5376 1.5376 0.1119 0.0801 0.0662 0.0578 0.0563 0.0563 0.0563 0.0563 0.0563 0.0563 0.0644  
8761 12 1.6225 0.6934 0.0180 0.0308 16526728.1666 5299644.6456 1245257982.9353 42840.9655 814472783.9308 4068056183.2984 1581220425.0557 330087249.7303 90172608.5108 53618171.2902 33307732.2639 17742744.7909 10371349.8845 8111978.0071 279.3699 0.5620 0.0192 0.0274 0.0419 0.0469 0.0480 0.0488 0.0506 0.0531 0.0548 0.0144 0.0186 0.1372 0.2786 0.3810 0.4352 0.4703 0.5138 0.5480 0.5643 0.5693 1.1640 0.1866 0.1141 0.0850 0.0731 0.0674 0.0657 0.0651 0.0638 0.0620 0.0608 0.1167  
8761 15 0.7762 0.6280 0.2079 0.1849 596458846.1710 298723.9775 1662002446.9144 466170.7758 817952128.8752 11947026269.6759 9178490734.9600 3114688236.7144 1509384153.9480 920598550.1665 876287175.6782 867826591.8036 844631227.2316 811482126.1275 1158.8985 1.0987 0.0097 0.0040 0.0400 0.2593 0.4673 0.4895 0.4900 0.4907 0.4918 0.2273 0.0038 0.0342 0.0808 0.1147 0.1548 0.1707 0.1721 0.1731 0.1761 0.1804 1.6453 0.2743 0.1989 0.1551 0.1331 0.1230 0.1148 0.1139 0.1139 0.1138 0.1137 0.1618  
8761 29 0.7490 0.6629 0.0584 0.1155 72325499.4668 105923908.9520 256968748.1710 95861.7776 2304530.7079 313144866.9455 809028379.0011 741518604.0456 504371736.7494 343093426.3858 253828097.1997 206726118.5490 183457112.8837 173894932.3476 146.2033 4.9234 1.3293 0.2751 0.0763 0.0500 0.0798 0.1915 0.3206 0.3965 0.4297 0.1565 0.0008 0.0082 0.0282 0.0621 0.1093 0.1664 0.2317 0.3016 0.3756 0.4292 2.5550 0.1633 0.1191 0.1034 0.0843 0.0695 0.0596 0.0526 0.0477 0.0442 0.0421 0.0969  
8761 30 0.1337 0.8858 0.0185 0.0398 21637474.1908 32293.9416 167472977.9546 4181.7719 23.8093 3649.2156 1007892.9019 9619503.9984 19445004.1091 21470971.8140 21520818.9815 21517892.7372 21517586.1563 21517586.1563 0.4817 1.2121 3.6017 0.8875 0.2172 0.0690 0.0324 0.0261 0.0257 0.0257 0.0257 0.3006 0.0092 0.1152 0.3963 0.8329 1.2515 1.4225 1.4449 1.4461 1.4461 1.4461 1.4461 0.1303 0.0889 0.0688 0.0637 0.0595 0.0568 0.0563 0.0563 0.0563 0.0563 0.0663  
8761 35 0.9698 0.4595 0.2812 0.5570 12239010.5596 2278314.7810 100780486.2848 12176.2843 3529164.6239 44314513.9665 63449775.1120 64787805.6688 43755429.9329 22600628.0469 14306554.4866 12832223.5902 12538083.4258 12302077.8885 0.0416 0.5565 1.7926 1.7438 0.2505 0.1922 0.1344 0.0662 0.0464 0.0445 0.0443 0.0471 0.0143 0.1168 0.2527 0.3549 0.4242 0.4826 0.5057 0.5111 0.5149 0.5194 1.4702 0.1346 0.1124 0.0840 0.0758 0.0726 0.0698 0.0669 0.0660 0.0658 0.0658 0.0598  
8761 36 0.4376 0.5416 0.0451 0.1033 166275855.2851 1808800.8774 263438483.5461 77201.3292 32721805130.6275 48408278870.1066 23265822555.8095 8494141853.9601 847583078.6028 258451104.6693 242443641.5056 242443641.5056 242413330.7050 242383019.9045 4775.1233 1.3346 0.1378 0.1437 0.1440 0.1468 0.1533 0.1539 0.1539 0.1539 0.1539 0.1437 0.0007 0.0052 0.0090 0.0171 0.0213 0.0216 0.0216 0.0216 0.0216 0.0216 1.4359 0.1897 0.1727 0.1293 0.1282 0.1191 0.0979 0.0960 0.0960 0.0960 0.0960 0.1289  
17545 4 8.3542 2.5699 0.0431 0.0501 16172640.0878 5199053.2164 755873759.3494 16449.8776 3014117.1566 124893468.2960 132851694.0976 46303771.4179 40195778.6299 40094035.1660 40094035.1660 40094035.1660 40094035.1660 40094035.1660 36.5844 0.1651 0.0397 0.0339 0.0282 0.0264 0.0264 0.0264 0.0264 0.0264 0.0264 0.0292 0.0416 0.5143 1.3000 1.5275 1.5374 1.5376 1.5376 1.5376 1.5376 1.5376 1.5376 0.1128 0.0806 0.0661 0.0578 0.0563 0.0563 0.0563 0.0563 0.0563 0.0563 0.0644  
17545 12 1.6188 1.7352 0.0095 0.0133 18068812.7597 146816.8193 2800050494.2346 686943.8124 1428330385.3556 7767862202.1537 4190387239.3379 1490216971.8064 284763627.2768 115413545.7431 66776387.8679 31228804.2872 14394722.3358 9235484.4704 460.3481 0.1126 0.0038 0.0084 0.0139 0.0161 0.0171 0.0174 0.0178 0.0186 0.0193 0.0027 0.0186 0.1372 0.2786 0.3810 0.4352 0.4703 0.5138 0.5480 0.5643 0.5693 1.1640 0.1850 0.1090 0.0820 0.0740 0.0695 0.0660 0.0654 0.0645 0.0628 0.0614 0.1139  
17545 15 1.0437 1.1955 0.2473 0.2157 436794948.7050 0.0000 1654205101.2315 675094.3596 1509147502.7677 16387673820.2829 14125447674.3688 4399024859.5320 1522425495.7953 456324724.4362 378043454.8478 373772343.4666 364015451.3589 350071626.2172 959.5696 0.3241 0.0036 0.0008 0.0210 0.2071 0.6390 0.7289 0.7299 0.7294 0.7285 0.1887 0.0038 0.0342 0.0808 0.1147 0.1548 0.1707 0.1721 0.1731 0.1761 0.1804 1.6453 0.2841 0.1951 0.1562 0.1344 0.1276 0.1162 0.1139 0.1139 0.1138 0.1137 0.1767  
17545 29 1.2658 0.8779 0.0476 0.0848 20542991.0501 759603.0065 232910396.5956 136781.8318 734490.9590 112364091.5559 492139791.5032 689893287.5327 536974784.0229 354418078.2478 244786496.2055 189841966.7298 161651542.3488 149007033.2442 99.5819 3.3025 0.5959 0.2652 0.0503 0.0092 0.0096 0.0238 0.0515 0.0879 0.1151 0.2520 0.0008 0.0082 0.0282 0.0621 0.1093 0.1664 0.2317 0.3016 0.3756 0.4292 2.5550 0.2147 0.1124 0.0959 0.0812 0.0695 0.0602 0.0532 0.0481 0.0444 0.0423 0.0856  
17545 30 1.3322 1.6349 0.0039 0.0085 4172114.8292 1675994.4068 171422227.6951 37145.1869 1863257.0293 53436537.2412 67800985.3402 25823425.5267 16875290.5514 21544294.2229 22554950.9939 22616359.2109 22618520.3978 22618520.3978 5.9159 0.0080 0.0388 0.1377 0.0938 0.0100 0.0050 0.0041 0.0041 0.0041 0.0041 0.2069 0.0092 0.1152 0.3963 0.8329 1.2515 1.4225 1.4449 1.4461 1.4461 1.4461 1.4461 0.1750 0.1313 0.1034 0.0762 0.0583 0.0564 0.0563 0.0563 0.0563 0.0563 0.0937  
17545 35 0.9300 0.8014 0.1905 0.2565 10014632.3289 1978.4527 91652582.8933 9833.1760 273378.4886 7707324.7578 39815858.2048 55774060.0335 41055080.3818 21253897.0366 13419201.9252 12026659.3784 11749792.6728 11528170.7397 0.0388 0.3421 1.2686 0.5252 0.1711 0.1700 0.1097 0.0336 0.0105 0.0082 0.0079 0.0088 0.0143 0.1168 0.2527 0.3549 0.4242 0.4826 0.5057 0.5111 0.5149 0.5194 1.4702 0.1301 0.1036 0.0807 0.0749 0.0726 0.0700 0.0669 0.0660 0.0658 0.0658 0.0598  
17545 36 0.8765 0.8833 0.0601 0.1042 77189835.9655 984468.8191 254806462.9539 298093.2491 22703174710.6193 38939186066.9557 24094860161.7797 8772792920.4874 819378458.9820 206604671.9691 189954820.2099 189954820.2099 189931071.6693 189907323.1287 4955.2584 0.0991 0.1045 0.1329 0.1342 0.1364 0.1433 0.1441 0.1441 0.1441 0.1441 0.1340 0.0007 0.0052 0.0090 0.0171 0.0213 0.0216 0.0216 0.0216 0.0216 0.0216 1.4359 0.1945 0.1728 0.1340 0.1332 0.1254 0.1024 0.0999 0.0999 0.0999 0.0999 0.1337  
26305 4 1.7235 1.3568 0.0232 0.0268 16172204.7500 51124875.4479 1168539382.8626 137426.1685 2364163.1119 109857135.4730 156312544.7069 87487136.2057 81904243.8726 81809371.3241 81809371.3241 81809371.3241 81809371.3241 81809371.3241 67.6460 0.1579 0.0300 0.0244 0.0234 0.0232 0.0232 0.0232 0.0232 0.0232 0.0232 0.0236 0.0416 0.5143 1.3000 1.5275 1.5374 1.5376 1.5376 1.5376 1.5376 1.5376 1.5376 0.1132 0.0784 0.0640 0.0570 0.0563 0.0563 0.0563 0.0563 0.0563 0.0563 0.0601  
26305 12 1.0134 0.9713 0.0054 0.0064 18996298.6944 229222.3962 3919513685.8559 1112028.5002 169010830.9843 3823284707.1585 6178932232.7248 3283124965.1882 710132232.5061 311670859.3880 176499644.4882 76197111.3944 28698449.3937 14141905.6331 228.1668 0.0924 0.0032 0.0045 0.0066 0.0072 0.0077 0.0078 0.0080 0.0086 0.0094 0.0027 0.0186 0.1372 0.2786 0.3810 0.4352 0.4703 0.5138 0.5480 0.5643 0.5693 1.1640 0.1510 0.0954 0.0794 0.0735 0.0696 0.0661 0.0657 0.0653 0.0643 0.0628 0.0976  
26305 15 1.1014 1.1169 0.1407 0.3367 444099423.9886 0.0000 1797802626.2913 704568.6869 1985635523.0069 18115889718.4893 17748122909.6331 6646213849.4595 1945728587.3516 153692230.5951 23117345.6801 21654227.5344 21935621.9493 22337785.1929 726.3141 0.1170 0.0011 0.0008 0.0122 0.1481 1.2058 2.6948 2.7434 2.7042 2.6471 0.1857 0.0038 0.0342 0.0808 0.1147 0.1548 0.1707 0.1721 0.1731 0.1761 0.1804 1.6453 0.2833 0.1904 0.1554 0.1348 0.1321 0.1243 0.1143 0.1138 0.1135 0.1131 0.1947  
26305 29 0.7096 0.8861 0.0262 0.0838 32803623.6122 699107.6661 199029386.8890 173134.1625 171560.2232 25137309.6006 307155515.2877 600043398.0126 533258061.0217 354458997.2567 231674728.4689 167636714.4046 132061072.2239 115075493.3815 80.4982 5.3444 1.3086 0.2699 0.0395 0.0102 0.0152 0.0421 0.0943 0.1656 0.2201 0.2151 0.0008 0.0082 0.0282 0.0621 0.1093 0.1664 0.2317 0.3016 0.3756 0.4292 2.5550 0.2573 0.1140 0.0872 0.0785 0.0689 0.0606 0.0536 0.0484 0.0446 0.0425 0.0715  
26305 30 1.2146 1.1752 0.0047 0.0299 37117033.2876 2358132.2112 197676660.9845 49485.7543 2565913.4824 66295799.4595 89909408.2441 48820224.9817 28011939.9663 23279479.3916 22748398.7996 22720738.3371 22719857.5011 22719857.5011 8.6337 0.0174 0.1505 0.4826 0.4078 0.0690 0.0136 0.0116 0.0115 0.0115 0.0115 0.5702 0.0092 0.1152 0.3963 0.8329 1.2515 1.4225 1.4449 1.4461 1.4461 1.4461 1.4461 0.1728 0.1299 0.0986 0.0752 0.0607 0.0567 0.0563 0.0563 0.0563 0.0563 0.0897  
26305 35 0.8725 0.9162 0.2363 0.2968 9688897.6469 3202.3351 80405239.1256 9145.2374 602062.9589 10616690.0338 31484681.0191 46926484.2882 35512919.5333 18948660.0044 12379743.7054 11206006.5824 10958705.2341 10753082.3153 0.0362 0.2998 1.3235 0.6929 0.1960 0.1861 0.1191 0.0367 0.0124 0.0100 0.0098 0.0107 0.0143 0.1168 0.2527 0.3549 0.4242 0.4826 0.5057 0.5111 0.5149 0.5194 1.4702 0.1322 0.1095 0.0810 0.0746 0.0725 0.0699 0.0669 0.0660 0.0658 0.0658 0.0598  
26305 36 0.9028 0.8878 0.0595 0.1020 162421204.2910 845377.3155 238221334.6439 261267.0294 16141521298.3856 31829205088.0752 23288076052.6739 8464747973.9579 758850434.5179 165146679.9245 149014979.5345 149014979.5345 148996349.3766 148977719.2187 4794.5778 0.0989 0.1012 0.1358 0.1368 0.1380 0.1423 0.1429 0.1429 0.1429 0.1429 0.1368 0.0007 0.0052 0.0090 0.0171 0.0213 0.0216 0.0216 0.0216 0.0216 0.0216 1.4359 0.1945 0.1681 0.1340 0.1334 0.1269 0.1030 0.0999 0.0999 0.0999 0.0999 0.1338  
35065 4 1.1088 1.1119 0.0263 0.0260 32597096.7124 12159153.9844 1370017904.4671 236859.5464 1485919.3151 70085415.9595 131658745.9768 113361787.5793 111515480.0979 111483613.8370 111483613.8370 111483613.8370 111483613.8370 111483613.8370 88.0793 0.1789 0.0350 0.0275 0.0243 0.0239 0.0239 0.0239 0.0239 0.0239 0.0239 0.0243 0.0416 0.5143 1.3000 1.5275 1.5374 1.5376 1.5376 1.5376 1.5376 1.5376 1.5376 0.1119 0.0774 0.0619 0.0566 0.0563 0.0563 0.0563 0.0563 0.0563 0.0563 0.0579  
35065 12 0.9567 0.9487 0.0029 0.0030 11723207.2169 73011.5802 4331976202.0701 1126903.0654 21952127.6577 1264028406.4414 5665037858.2452 4263712539.5936 1223283406.4404 656167295.2741 372794673.9386 156881981.0617 54636317.3431 23302273.9399 59.4586 0.0672 0.0021 0.0024 0.0028 0.0030 0.0032 0.0032 0.0033 0.0035 0.0038 0.0027 0.0186 0.1372 0.2786 0.3810 0.4352 0.4703 0.5138 0.5480 0.5643 0.5693 1.1640 0.1326 0.0887 0.0758 0.0728 0.0689 0.0660 0.0658 0.0657 0.0651 0.0641 0.0946  
35065 15 1.3876 1.1912 0.0082 0.0478 71575766.9807 0.0000 2262702597.4197 776020.5284 2304250527.3491 24119547975.3894 21703761380.3245 8995764756.4061 2632364170.3356 180850156.8011 2225566.8905 237928.0760 663498.7984 1271700.6305 1162.1512 0.2613 0.0027 0.0005 0.0011 0.0080 0.1333 2.6521 5.2093 3.8799 3.0801 0.0046 0.0038 0.0342 0.0808 0.1147 0.1548 0.1707 0.1721 0.1731 0.1761 0.1804 1.6453 0.2821 0.1935 0.1542 0.1346 0.1333 0.1330 0.1253 0.1095 0.1068 0.1051 0.2026  
35065 29 0.9230 0.9286 0.0126 0.0284 20694679.5125 796210.6293 177039818.3104 122860.6651 33692.4214 11754007.3726 230584171.7820 519598322.9456 520445934.9073 354839211.1581 223449046.3676 151951860.4909 112362616.9417 93821336.8905 79.9633 5.8441 1.0207 0.0681 0.0158 0.0084 0.0120 0.0329 0.0736 0.1263 0.1666 0.0373 0.0008 0.0082 0.0282 0.0621 0.1093 0.1664 0.2317 0.3016 0.3756 0.4292 2.5550 0.2693 0.1055 0.0837 0.0769 0.0681 0.0607 0.0539 0.0488 0.0449 0.0428 0.0676  
35065 30 1.0650 1.0646 0.0041 0.0311 49458912.4328 1693468.2650 248017922.8789 60105.7600 2585180.1988 61981421.2342 84417998.1249 56405413.2628 37598492.2749 29003429.2921 27693960.9270 27619344.5887 27616855.6981 27616855.6981 8.8130 0.0182 0.2088 0.6149 0.3813 0.0679 0.0145 0.0110 0.0109 0.0109 0.0109 0.6169 0.0092 0.1152 0.3963 0.8329 1.2515 1.4225 1.4449 1.4461 1.4461 1.4461 1.4461 0.1731 0.1299 0.0967 0.0727 0.0613 0.0569 0.0563 0.0563 0.0563 0.0563 0.0863  
35065 35 0.8133 0.8842 0.2660 0.3342 9142790.1650 3105.1697 72930057.6276 7979.2159 435103.1049 7475045.4362 24874843.8512 38111769.1195 29466598.3524 16499469.4190 11349971.6444 10420920.6269 10204975.1112 10014938.7890 0.0337 0.4175 1.5189 0.7811 0.2233 0.2094 0.1291 0.0390 0.0140 0.0116 0.0113 0.0123 0.0143 0.1168 0.2527 0.3549 0.4242 0.4826 0.5057 0.5111 0.5149 0.5194 1.4702 0.1333 0.1093 0.0810 0.0745 0.0724 0.0697 0.0668 0.0660 0.0658 0.0658 0.0598  
35065 36 0.9140 0.9503 0.0590 0.1015 151541501.4661 1019282.2277 214887987.6792 235882.1260 15052135740.3114 29655828753.3148 21676587388.0831 7864963994.4366 685041575.1665 131861769.3989 116831153.4843 116831153.4843 116816547.0142 116801940.5441 4463.2530 0.0988 0.1013 0.1345 0.1361 0.1374 0.1427 0.1434 0.1434 0.1434 0.1434 0.1361 0.0007 0.0052 0.0090 0.0171 0.0213 0.0216 0.0216 0.0216 0.0216 0.0216 1.4359 0.1945 0.1677 0.1340 0.1335 0.1279 0.1036 0.0999 0.0999 0.0999 0.0999 0.1338  
43825 4 1.0055 0.9965 0.0196 0.0186 21814581.6647 15516739.7899 1419842451.1363 262628.5276 505570.3994 29415166.2460 100304629.9841 120790790.5122 121592990.9083 121605074.2691 121605074.2691 121605074.2691 121605074.2691 121605074.2691 93.8164 0.1623 0.0240 0.0180 0.0173 0.0173 0.0173 0.0173 0.0173 0.0173 0.0173 0.0173 0.0416 0.5143 1.3000 1.5275 1.5374 1.5376 1.5376 1.5376 1.5376 1.5376 1.5376 0.1094 0.0747 0.0595 0.0564 0.0563 0.0563 0.0563 0.0563 0.0563 0.0563 0.0569  
43825 12 0.9511 0.9498 0.0024 0.0024 11034585.1903 36841.9138 4350302386.9707 1078112.5299 4890926.1168 511938651.4918 4497538978.4353 4079243958.9700 1641531647.8109 1037317580.4212 592267798.8051 247135441.3011 83698010.7697 33611432.5821 21.4819 0.1023 0.0021 0.0022 0.0024 0.0026 0.0027 0.0027 0.0027 0.0028 0.0030 0.0034 0.0186 0.1372 0.2786 0.3810 0.4352 0.4703 0.5138 0.5480 0.5643 0.5693 1.1640 0.1405 0.0841 0.0740 0.0722 0.0679 0.0660 0.0659 0.0658 0.0655 0.0648 0.0927  
43825 15 1.2058 1.0080 0.0017 0.0046 8835084.9479 0.0000 2535559387.7505 1076776.4017 1297234705.9118 20746280976.2173 24304847308.8644 10862917567.7837 3192454236.1536 219316589.3783 2665044.9735 141832.8299 329209.9715 596998.9012 705.5053 0.1511 0.0007 0.0002 0.0003 0.0008 0.0099 0.7379 5.7492 3.4053 2.3187 0.0013 0.0038 0.0342 0.0808 0.1147 0.1548 0.1707 0.1721 0.1731 0.1761 0.1804 1.6453 0.2766 0.1834 0.1537 0.1345 0.1333 0.1333 0.1326 0.1045 0.1013 0.1004 0.2028  
43825 29 0.9258 0.9282 0.0149 0.0181 25375445.2721 1061387.4084 152200718.8982 113406.3465 25497.4388 8885633.7515 184237877.9357 448244197.1275 489666933.7932 350651800.4915 217209815.3729 135363137.8077 90241569.5852 70264709.1985 75.9494 5.9399 0.9911 0.0306 0.0142 0.0098 0.0160 0.0453 0.1054 0.1880 0.2531 0.0108 0.0008 0.0082 0.0282 0.0621 0.1093 0.1664 0.2317 0.3016 0.3756 0.4292 2.5550 0.2712 0.1068 0.0829 0.0759 0.0675 0.0605 0.0543 0.0492 0.0453 0.0431 0.0671  
43825 30 1.1954 1.0481 0.0053 0.0356 60080898.1568 848835.0351 295619687.9594 64013.7024 2550933.0695 63072972.6431 77942341.5363 50291787.5873 40728668.7224 35604833.7247 34765790.4492 34717282.2440 34715723.6912 34715723.6912 8.6244 0.0254 0.2839 0.8008 0.4427 0.0736 0.0190 0.0150 0.0148 0.0148 0.0148 0.7788 0.0092 0.1152 0.3963 0.8329 1.2515 1.4225 1.4449 1.4461 1.4461 1.4461 1.4461 0.1736 0.1301 0.0980 0.0719 0.0607 0.0568 0.0563 0.0563 0.0563 0.0563 0.0859  
43825 35 1.0309 0.9165 0.2156 0.3916 7978143.0446 2165.2044 63186198.9016 6489.3940 580230.9071 8224601.0600 20619103.9999 32029057.4906 25207137.1660 14648533.5313 10450237.9733 9686300.8962 9494188.7643 9318282.3148 0.0313 0.4142 1.5887 1.0017 0.2355 0.2125 0.1265 0.0376 0.0143 0.0121 0.0118 0.0128 0.0143 0.1168 0.2527 0.3549 0.4242 0.4826 0.5057 0.5111 0.5149 0.5194 1.4702 0.1342 0.1110 0.0816 0.0746 0.0723 0.0694 0.0667 0.0660 0.0658 0.0658 0.0598  
43825 36 0.8497 0.8820 0.0593 0.1013 132187463.1742 903426.0024 188802820.4961 215605.6867 11264565524.6845 24342858689.7148 19415091094.7819 7039141279.6158 601207638.2384 105194634.6572 91717313.0165 91717313.0165 91705846.3302 91694379.6439 3999.6026 0.0987 0.1012 0.1360 0.1368 0.1376 0.1415 0.1421 0.1421 0.1421 0.1421 0.1367 0.0007 0.0052 0.0090 0.0171 0.0213 0.0216 0.0216 0.0216 0.0216 0.0216 1.4359 0.1944 0.1645 0.1340 0.1335 0.1286 0.1041 0.0999 0.0999 0.0999 0.0999 0.1338  
52609 4 1.0534 1.0322 0.0163 0.0160 19952659.9452 14913583.1685 1454136196.2621 264080.4080 831401.5147 38543653.7060 108343078.5170 124953719.1009 125557728.4323 125566690.9991 125566690.9991 125566690.9991 125566690.9991 125566690.9991 97.3591 0.1686 0.0242 0.0162 0.0151 0.0151 0.0150 0.0150 0.0150 0.0150 0.0150 0.0151 0.0416 0.5143 1.3000 1.5275 1.5374 1.5376 1.5376 1.5376 1.5376 1.5376 1.5376 0.1113 0.0781 0.0597 0.0564 0.0563 0.0563 0.0563 0.0563 0.0563 0.0563 0.0570  
52609 12 0.9719 0.9516 0.0023 0.0023 10991424.8416 45526.1629 4312855847.9874 1025423.8266 4019450.7442 280052512.6110 3281871617.6704 3521348794.3643 2026208287.9652 1428715501.1654 818334149.9822 340119139.6233 113660627.4295 44260909.6828 10.1754 0.1692 0.0036 0.0022 0.0023 0.0025 0.0026 0.0026 0.0026 0.0027 0.0028 0.0101 0.0186 0.1372 0.2786 0.3810 0.4352 0.4703 0.5138 0.5480 0.5643 0.5693 1.1640 0.1730 0.0814 0.0734 0.0714 0.0672 0.0659 0.0659 0.0658 0.0656 0.0652 0.0911  
52609 15 1.1057 1.0116 0.0012 0.0028 8849849.0871 0.0000 2770638907.6873 1298407.7271 970775548.0517 18860687590.2064 25388967911.6872 12474965025.1713 3685772181.4824 253195558.8184 3056629.5297 96987.8642 177570.4643 292734.6257 505.8886 0.1328 0.0006 0.0002 0.0002 0.0007 0.0097 0.7288 7.3350 5.1883 3.7846 0.0017 0.0038 0.0342 0.0808 0.1147 0.1548 0.1707 0.1721 0.1731 0.1761 0.1804 1.6453 0.2781 0.1803 0.1528 0.1344 0.1333 0.1333 0.1328 0.1078 0.1035 0.1017 0.2028  
52609 29 0.9282 0.9238 0.0149 0.0230 25322887.7725 1019332.1847 127983890.1080 104996.9792 36545.9084 7178227.7333 150442159.8264 388333135.7192 453609332.2503 339619888.5198 207054438.9547 117272411.3964 68873797.4895 48926449.7131 70.2580 5.9128 1.2996 0.0423 0.0194 0.0121 0.0191 0.0545 0.1304 0.2383 0.3261 0.0099 0.0008 0.0082 0.0282 0.0621 0.1093 0.1664 0.2317 0.3016 0.3756 0.4292 2.5550 0.2764 0.1137 0.0828 0.0751 0.0669 0.0603 0.0546 0.0498 0.0458 0.0435 0.0671  
52609 30 1.1575 1.3021 0.0040 0.0308 63985098.7626 1244524.9600 341636694.1246 76522.4977 4126302.1910 110060453.3363 158262187.3518 75153292.1508 43826797.2424 41030718.4761 41000655.3245 41004056.7852 41004322.1520 41004322.1520 15.5600 0.0198 0.1817 0.5691 0.4214 0.0619 0.0162 0.0133 0.0132 0.0132 0.0132 0.6476 0.0092 0.1152 0.3963 0.8329 1.2515 1.4225 1.4449 1.4461 1.4461 1.4461 1.4461 0.1744 0.1298 0.0997 0.0749 0.0604 0.0567 0.0563 0.0563 0.0563 0.0563 0.0905  
52609 35 0.6693 0.9046 0.1123 0.3866 6489232.0807 102676.9450 57915863.7801 6690.0760 483163.8474 6532238.3312 16724016.9434 26968749.8765 21675456.1229 13056873.4740 9624085.8992 8993608.3846 8822118.5216 8659467.1755 0.0291 0.4169 1.5903 1.0088 0.2176 0.2027 0.1164 0.0344 0.0140 0.0120 0.0118 0.0126 0.0143 0.1168 0.2527 0.3549 0.4242 0.4826 0.5057 0.5111 0.5149 0.5194 1.4702 0.1342 0.1113 0.0815 0.0745 0.0722 0.0692 0.0666 0.0659 0.0658 0.0658 0.0598  
52609 36 0.8667 0.9028 0.0587 0.1013 117467320.6093 1099044.7936 167453350.9463 183204.9066 9099165644.4427 20828956112.1143 17413961577.4778 6308401461.5687 529353776.0762 84104886.8524 72006890.8032 72006890.8032 71997888.3542 71988885.9053 3588.3594 0.0983 0.1013 0.1354 0.1364 0.1372 0.1413 0.1421 0.1421 0.1421 0.1421 0.1364 0.0007 0.0052 0.0090 0.0171 0.0213 0.0216 0.0216 0.0216 0.0216 0.0216 1.4359 0.1944 0.1633 0.1340 0.1336 0.1291 0.1046 0.0999 0.0999 0.0999 0.0999 0.1338  
61369 4 0.9613 0.9773 0.0172 0.0158 20012792.6797 14456038.8555 1431392034.7406 278176.4296 288519.1237 18617897.5813 91739315.7667 124538142.5181 126267581.9770 126295294.2199 126295294.2199 126295294.2199 126295294.2199 126295294.2199 96.8226 0.1675 0.0222 0.0162 0.0154 0.0154 0.0154 0.0154 0.0154 0.0154 0.0154 0.0154 0.0416 0.5143 1.3000 1.5275 1.5374 1.5376 1.5376 1.5376 1.5376 1.5376 1.5376 0.1094 0.0735 0.0583 0.0564 0.0563 0.0563 0.0563 0.0563 0.0563 0.0563 0.0566  
61369 12 0.9672 0.9530 0.0024 0.0023 11208833.1205 53109.0468 4195643761.4931 996609.3284 4425753.7417 187125377.8834 2384906709.1292 3026997312.4040 2250620545.8623 1674005045.6879 960220044.1453 398419479.9639 132379168.8550 50849407.5588 6.5062 0.1953 0.0054 0.0023 0.0024 0.0026 0.0026 0.0026 0.0027 0.0027 0.0028 0.0184 0.0186 0.1372 0.2786 0.3810 0.4352 0.4703 0.5138 0.5480 0.5643 0.5693 1.1640 0.1792 0.0813 0.0731 0.0704 0.0667 0.0659 0.0659 0.0658 0.0657 0.0653 0.0903  
61369 15 1.0921 1.0596 0.0010 0.0023 8190262.3171 0.0000 3011343009.0411 1435622.3217 1103827527.2891 20768171873.1396 26597831581.5584 14031303004.1347 4161600676.5974 285873223.3811 3437466.2008 75845.7299 108803.3994 155904.6811 701.2997 0.1479 0.0007 0.0002 0.0002 0.0006 0.0081 0.6166 8.2199 6.6417 5.2916 0.0012 0.0038 0.0342 0.0808 0.1147 0.1548 0.1707 0.1721 0.1731 0.1761 0.1804 1.6453 0.2784 0.1841 0.1518 0.1342 0.1333 0.1333 0.1329 0.1103 0.1061 0.1036 0.2028  
61369 29 0.9131 0.9200 0.0176 0.0267 24913544.2328 924436.7869 105235286.9133 97462.9978 42971.5315 5845111.4381 123445410.2808 337018412.6862 418058784.5309 325583563.5906 193903751.4890 97862251.1757 48821962.5607 30629465.3261 64.3924 6.0499 1.4786 0.0504 0.0198 0.0134 0.0236 0.0682 0.1683 0.3132 0.4333 0.0125 0.0008 0.0082 0.0282 0.0621 0.1093 0.1664 0.2317 0.3016 0.3756 0.4292 2.5550 0.2927 0.1187 0.0826 0.0745 0.0665 0.0601 0.0549 0.0505 0.0465 0.0441 0.0671  
61369 30 1.1795 0.9806 0.0053 0.0365 76489144.1928 1158496.1144 418127888.7841 88576.4695 2175950.4302 59178109.0730 120688282.8998 98388175.8637 62678567.3996 48844808.2286 47081642.5165 46988993.7205 46986247.1096 46986247.1096 12.9027 0.0230 0.2166 0.5700 0.3932 0.0780 0.0180 0.0145 0.0143 0.0143 0.0143 0.5268 0.0092 0.1152 0.3963 0.8329 1.2515 1.4225 1.4449 1.4461 1.4461 1.4461 1.4461 0.1747 0.1258 0.0926 0.0735 0.0614 0.0568 0.0563 0.0563 0.0563 0.0563 0.0867  
61369 35 1.1724 0.9059 0.2673 0.4679 6688665.1927 2736.3563 50867144.6226 4477.9126 455482.6071 5739182.4008 13716113.9000 22383795.6432 18347667.5890 11543753.8995 8829532.8811 8324458.2810 8172618.1596 8022789.6152 0.0270 0.4515 1.7705 1.2327 0.2766 0.2409 0.1349 0.0393 0.0163 0.0141 0.0139 0.0149 0.0143 0.1168 0.2527 0.3549 0.4242 0.4826 0.5057 0.5111 0.5149 0.5194 1.4702 0.1350 0.1119 0.0818 0.0744 0.0721 0.0691 0.0666 0.0659 0.0658 0.0658 0.0598  
61369 36 0.8733 0.9172 0.0589 0.1014 101820825.0497 662431.7915 146712624.1618 158783.2715 8156139600.2114 18464725773.0158 15303055253.2632 5539140794.3042 458562048.4455 67126959.5281 56491153.8299 56491153.8299 56484091.1902 56477028.5504 3153.4039 0.0987 0.1015 0.1352 0.1363 0.1371 0.1418 0.1428 0.1428 0.1428 0.1428 0.1362 0.0007 0.0052 0.0090 0.0171 0.0213 0.0216 0.0216 0.0216 0.0216 0.0216 1.4359 0.1944 0.1633 0.1340 0.1336 0.1296 0.1051 0.0999 0.0999 0.0999 0.0999 0.1338  
70129 4 0.9913 0.9906 0.0163 0.0151 18805834.3495 13353111.0919 1410782861.6301 267409.3582 402180.3647 22854474.3341 93346944.0920 122013720.5944 123470141.6994 123493334.2818 123493334.2818 123493334.2818 123493334.2818 123493334.2818 94.9240 0.1642 0.0226 0.0153 0.0147 0.0146 0.0146 0.0146 0.0146 0.0146 0.0146 0.0147 0.0416 0.5143 1.3000 1.5275 1.5374 1.5376 1.5376 1.5376 1.5376 1.5376 1.5376 0.1100 0.0761 0.0584 0.0564 0.0563 0.0563 0.0563 0.0563 0.0563 0.0563 0.0567  
70129 12 0.9653 0.9540 0.0025 0.0024 11133508.9888 56608.9693 4065867984.5236 963952.0230 5354617.6071 132993195.2730 1637898102.3618 2590845689.9051 2412142505.8721 1858531427.5291 1067044704.5574 442280391.6733 146423707.9654 55756570.6922 5.5189 0.2051 0.0079 0.0023 0.0025 0.0026 0.0027 0.0027 0.0027 0.0027 0.0028 0.0254 0.0186 0.1372 0.2786 0.3810 0.4352 0.4703 0.5138 0.5480 0.5643 0.5693 1.1640 0.1811 0.0831 0.0728 0.0695 0.0664 0.0659 0.0659 0.0658 0.0657 0.0654 0.0906  
70129 15 1.1093 0.9847 0.0008 0.0018 7333995.8889 0.0000 3222947994.6173 1567876.7788 730943191.9762 17646738434.5310 26102187520.7742 15924518517.8376 4755287419.3685 326640570.0546 3910443.9856 60803.7915 73821.8273 92426.4999 528.0796 0.1304 0.0004 0.0001 0.0002 0.0005 0.0065 0.5023 8.6729 7.6775 6.6247 0.0014 0.0038 0.0342 0.0808 0.1147 0.1548 0.1707 0.1721 0.1731 0.1761 0.1804 1.6453 0.2741 0.1791 0.1509 0.1341 0.1333 0.1333 0.1330 0.1119 0.1087 0.1061 0.2028  
70129 29 0.8880 0.9150 0.0213 0.0297 23970368.7238 815257.1293 85264485.7297 88998.2080 32761.2662 4739920.9753 101588504.3664 290058529.7183 380118605.8197 310404660.0735 180173177.0434 78236492.7002 31034444.8013 16396493.6188 57.4309 6.2616 1.4801 0.0526 0.0207 0.0158 0.0301 0.0874 0.2263 0.4325 0.5965 0.0140 0.0008 0.0082 0.0282 0.0621 0.1093 0.1664 0.2317 0.3016 0.3756 0.4292 2.5550 0.3032 0.1188 0.0824 0.0740 0.0660 0.0599 0.0553 0.0514 0.0475 0.0450 0.0671  
70129 30 1.1741 0.9719 0.0134 0.0394 88550119.8091 442790.3861 489040735.4462 104477.4725 2876361.8272 55504400.5782 73355492.9824 65143147.5691 62817635.8278 59868265.5165 59339747.2025 59308884.1847 59307929.6408 59307929.6408 8.4945 0.0305 0.3420 0.9389 0.4926 0.0804 0.0214 0.0171 0.0169 0.0169 0.0169 0.7803 0.0092 0.1152 0.3963 0.8329 1.2515 1.4225 1.4449 1.4461 1.4461 1.4461 1.4461 0.1745 0.1307 0.0943 0.0709 0.0605 0.0568 0.0563 0.0563 0.0563 0.0563 0.0839  
70129 35 0.6930 0.9310 0.1299 0.4300 4477724.8519 186485.2950 43934925.9170 5249.8675 421686.0198 5307609.7367 12190774.0578 19720647.1754 16282503.0664 10472292.9791 8153286.9179 7718502.4034 7580719.9534 7442189.4685 0.0251 0.4691 1.7251 1.2275 0.1983 0.1868 0.1009 0.0303 0.0142 0.0127 0.0125 0.0132 0.0143 0.1168 0.2527 0.3549 0.4242 0.4826 0.5057 0.5111 0.5149 0.5194 1.4702 0.1344 0.1122 0.0821 0.0745 0.0719 0.0688 0.0665 0.0659 0.0658 0.0658 0.0598  
70129 36 0.8658 0.9205 0.0565 0.0997 85570569.3340 559409.9241 122743849.9168 138659.7351 7951843912.8976 16662770331.7926 12929062087.8975 4676293155.7695 384100940.2157 53407386.1554 44422007.2120 44422007.2120 44416453.4817 44410899.7514 2663.4597 0.0965 0.0991 0.1329 0.1341 0.1348 0.1394 0.1405 0.1405 0.1405 0.1405 0.1340 0.0007 0.0052 0.0090 0.0171 0.0213 0.0216 0.0216 0.0216 0.0216 0.0216 1.4359 0.1944 0.1645 0.1340 0.1336 0.1299 0.1055 0.0999 0.0999 0.0999 0.0999 0.1338  
78889 4 0.9999 1.0004 0.0164 0.0155 18983885.4444 13657724.1971 1413235717.6777 265076.8151 536212.9107 27557519.1665 97504091.4489 121157545.5975 122201851.2261 122218018.4383 122218018.4383 122218018.4383 122218018.4383 122218018.4383 94.2232 0.1408 0.0235 0.0162 0.0148 0.0148 0.0148 0.0148 0.0148 0.0148 0.0148 0.0148 0.0416 0.5143 1.3000 1.5275 1.5374 1.5376 1.5376 1.5376 1.5376 1.5376 1.5376 0.1097 0.0768 0.0588 0.0564 0.0563 0.0563 0.0563 0.0563 0.0563 0.0563 0.0568  
78889 12 0.9463 0.9536 0.0026 0.0025 11127002.8048 47590.6238 3896892818.3203 930505.3174 4169375.5661 91998611.7224 1116704792.7019 2253794045.4260 2470938066.1461 1943278330.1071 1116281113.5800 462416501.0975 152779433.9033 57889236.7522 4.7604 0.2206 0.0089 0.0024 0.0026 0.0027 0.0027 0.0027 0.0028 0.0028 0.0029 0.0233 0.0186 0.1372 0.2786 0.3810 0.4352 0.4703 0.5138 0.5480 0.5643 0.5693 1.1640 0.1789 0.0844 0.0724 0.0685 0.0662 0.0659 0.0659 0.0659 0.0657 0.0655 0.0889  
78889 15 1.0694 0.9759 0.0008 0.0017 7812926.2933 0.0000 3329051394.3610 1739204.9674 736916861.7966 14723840386.8947 24323975210.6971 17749722513.2518 5338339242.6067 366695825.2458 4395097.8562 69788.5643 73708.6283 79310.9959 471.0042 0.1433 0.0005 0.0001 0.0001 0.0004 0.0063 0.4951 9.0015 8.5452 7.9619 0.0020 0.0038 0.0342 0.0808 0.1147 0.1548 0.1707 0.1721 0.1731 0.1761 0.1804 1.6453 0.2760 0.1794 0.1486 0.1339 0.1333 0.1333 0.1330 0.1131 0.1114 0.1095 0.2028  
78889 29 0.8385 0.9094 0.0274 0.0372 21663117.7231 506310.9446 68542802.5121 79029.5785 15511.4206 3777248.7134 82888316.6561 246656955.1228 341073907.6271 292488989.3103 165115367.2717 59859539.0722 17065527.5588 7107687.7067 50.1952 6.2566 1.0620 0.0601 0.0305 0.0215 0.0382 0.1031 0.2828 0.5943 0.8212 0.0146 0.0008 0.0082 0.0282 0.0621 0.1093 0.1664 0.2317 0.3016 0.3756 0.4292 2.5550 0.3138 0.1102 0.0820 0.0735 0.0656 0.0596 0.0558 0.0527 0.0489 0.0463 0.0671  
78889 30 1.0656 1.1097 0.0308 0.0395 104423918.1567 63155.1509 520595800.0583 122669.8393 6432877.3559 98901538.3204 95192798.6139 54207337.9901 55493939.5172 65567035.1025 67490137.1078 67606082.3580 67610250.6204 67610250.6204 8.6869 0.0323 0.3610 1.0497 0.7025 0.0781 0.0215 0.0189 0.0188 0.0188 0.0188 1.1192 0.0092 0.1152 0.3963 0.8329 1.2515 1.4225 1.4449 1.4461 1.4461 1.4461 1.4461 0.1742 0.1335 0.1002 0.0730 0.0592 0.0565 0.0563 0.0563 0.0563 0.0563 0.0897  
78889 35 1.2368 0.8772 0.1359 0.4672 5249614.1145 74461.2190 38992260.4220 3638.3373 248032.6868 3099397.6756 9070597.6567 15606630.6861 13374681.8787 9147763.5446 7454150.7900 7128551.7610 7007991.9125 6880779.9348 0.0233 0.4859 1.8733 1.1852 0.2949 0.2601 0.1348 0.0389 0.0175 0.0156 0.0154 0.0162 0.0143 0.1168 0.2527 0.3549 0.4242 0.4826 0.5057 0.5111 0.5149 0.5194 1.4702 0.1353 0.1116 0.0813 0.0743 0.0718 0.0687 0.0664 0.0659 0.0658 0.0658 0.0598  
78889 36 0.8484 0.9034 0.0555 0.0968 70917826.9885 457305.7139 100503434.9484 120048.8334 7393974811.6681 14599162425.2583 10692535778.8048 3865221936.9195 315993978.5099 42542383.3706 35112343.4874 35112343.4874 35107953.6704 35103563.8533 2202.1244 0.0934 0.0958 0.1282 0.1292 0.1298 0.1343 0.1353 0.1353 0.1353 0.1353 0.1292 0.0007 0.0052 0.0090 0.0171 0.0213 0.0216 0.0216 0.0216 0.0216 0.0216 1.4359 0.1944 0.1660 0.1340 0.1336 0.1301 0.1057 0.0998 0.0998 0.0998 0.0998 0.1338  
87673 4 1.0216 1.0194 0.0163 0.0157 19600080.7382 14209616.6150 1436618102.4984 265048.1452 752720.9306 35487184.5045 104547083.9305 123229229.8682 123866201.4909 123875458.5679 123875458.5679 123875458.5679 123875458.5679 123875458.5679 95.9094 0.1395 0.0231 0.0164 0.0150 0.0149 0.0149 0.0149 0.0149 0.0149 0.0149 0.0150 0.0416 0.5143 1.3000 1.5275 1.5374 1.5376 1.5376 1.5376 1.5376 1.5376 1.5376 0.1092 0.0778 0.0594 0.0564 0.0563 0.0563 0.0563 0.0563 0.0563 0.0563 0.0570  
87673 12 0.9580 0.9561 0.0027 0.0025 10920604.3489 64167.0066 3722889028.3516 880561.0398 9902460.4811 86611081.4117 738571724.8940 1981819790.3252 2470209839.9332 1969448991.1773 1131700819.2692 468624837.0607 154625760.8079 58398815.5096 6.1290 0.2109 0.0148 0.0023 0.0027 0.0028 0.0028 0.0028 0.0028 0.0028 0.0029 0.0315 0.0186 0.1372 0.2786 0.3810 0.4352 0.4703 0.5138 0.5480 0.5643 0.5693 1.1640 0.1840 0.0923 0.0719 0.0677 0.0661 0.0659 0.0659 0.0659 0.0658 0.0655 0.0961  
87673 15 1.0558 1.0119 0.0010 0.0021 9391834.6454 0.0000 3411965280.2641 1859952.3692 1083312513.1902 15149513440.0410 23039327565.6411 18931964723.7207 5717646024.7410 392759451.8558 4716427.1407 82351.2859 82328.6969 82296.4529 693.5373 0.1197 0.0006 0.0001 0.0002 0.0005 0.0074 0.5740 9.0995 8.9367 8.7017 0.0018 0.0038 0.0342 0.0808 0.1147 0.1548 0.1707 0.1721 0.1731 0.1761 0.1804 1.6453 0.2773 0.1868 0.1466 0.1337 0.1333 0.1333 0.1330 0.1136 0.1130 0.1121 0.2028  
87673 29 0.7449 0.9129 0.0306 0.0424 16501688.2159 424628.4607 56848125.5457 66264.6696 20219.8759 3119070.6054 68849959.5791 212114224.9061 305433466.8790 270493726.0609 149489131.1274 46733862.6230 8917334.6028 2482093.2066 44.1505 6.3120 1.3526 0.0646 0.0336 0.0275 0.0446 0.0958 0.2561 0.6646 1.0673 0.0191 0.0008 0.0082 0.0282 0.0621 0.1093 0.1664 0.2317 0.3016 0.3756 0.4292 2.5550 0.3158 0.1164 0.0820 0.0731 0.0652 0.0595 0.0563 0.0543 0.0513 0.0483 0.0671  
87673 30 1.0472 0.9505 0.0339 0.0403 97028634.3303 62509.9458 542341292.0003 130712.6827 3701378.6845 60879303.4854 74009774.9620 53155554.6776 57261249.9067 68536191.3782 70732055.1970 70866094.1598 70871037.1005 70871037.1005 7.2768 0.0338 0.3924 1.0609 0.7064 0.0813 0.0210 0.0189 0.0188 0.0188 0.0188 1.0221 0.0092 0.1152 0.3963 0.8329 1.2515 1.4225 1.4449 1.4461 1.4461 1.4461 1.4461 0.1730 0.1307 0.0970 0.0731 0.0591 0.0565 0.0563 0.0563 0.0563 0.0563 0.0892  
87673 35 0.7964 0.9209 0.1132 0.4689 3638186.8684 213467.1028 35268556.6067 4499.7452 283936.0539 2770166.6903 7663009.8968 13359598.7736 11650362.0525 8230114.0111 6856885.0783 6588545.5654 6480075.5467 6362929.0962 0.0216 0.5124 2.0037 1.3454 0.2163 0.2099 0.1043 0.0314 0.0161 0.0147 0.0145 0.0151 0.0143 0.1168 0.2527 0.3549 0.4242 0.4826 0.5057 0.5111 0.5149 0.5194 1.4702 0.1376 0.1127 0.0818 0.0743 0.0716 0.0684 0.0664 0.0659 0.0658 0.0658 0.0598  
87673 36 0.7958 0.8551 0.0559 0.0960 58333313.0209 415876.3529 82116690.9173 101852.7730 5788158629.9082 11630913831.5130 8670979723.9931 3134258641.6486 255547817.3527 33756465.4957 27730102.3147 27730102.3147 27726635.4405 27723168.5664 1785.9626 0.0930 0.0958 0.1299 0.1304 0.1310 0.1351 0.1362 0.1362 0.1362 0.1362 0.1304 0.0007 0.0052 0.0090 0.0171 0.0213 0.0216 0.0216 0.0216 0.0216 0.0216 1.4359 0.1944 0.1651 0.1340 0.1336 0.1302 0.1059 0.0998 0.0998 0.0998 0.0998 0.1338  
96433 4 1.0063 0.9970 0.0167 0.0156 19291614.3350 15318650.6801 1444553987.0883 270766.9019 484955.2796 28258913.9021 99097671.6800 123981053.3281 125165744.5520 125184390.5268 125184390.5268 125184390.5268 125184390.5268 125184390.5268 96.5692 0.1364 0.0219 0.0159 0.0153 0.0153 0.0153 0.0153 0.0153 0.0153 0.0153 0.0154 0.0416 0.5143 1.3000 1.5275 1.5374 1.5376 1.5376 1.5376 1.5376 1.5376 1.5376 0.1087 0.0761 0.0589 0.0564 0.0563 0.0563 0.0563 0.0563 0.0563 0.0563 0.0568  
96433 12 0.9421 0.9558 0.0029 0.0027 11030467.3764 69368.1855 3541515585.6206 843596.2429 9562325.4047 70602602.2652 440642086.5631 1750515691.3440 2445723382.2305 1970828519.9509 1132789779.0798 468935255.3148 154567523.1070 58227613.8955 5.6901 0.1792 0.0167 0.0025 0.0029 0.0029 0.0029 0.0029 0.0030 0.0030 0.0031 0.0295 0.0186 0.1372 0.2786 0.3810 0.4352 0.4703 0.5138 0.5480 0.5643 0.5693 1.1640 0.1777 0.0973 0.0709 0.0669 0.0660 0.0659 0.0659 0.0659 0.0658 0.0655 0.0963  
96433 15 1.0216 0.9816 0.0012 0.0022 9752080.6149 0.0000 3434102996.9073 1963710.3430 808594217.7355 13632579860.6799 22355532672.3909 19520312010.5172 5906404916.4091 405745486.6406 4893141.4870 105302.0034 102960.9213 99615.2282 636.2444 0.1185 0.0005 0.0001 0.0002 0.0005 0.0079 0.6102 9.1494 9.0867 8.9924 0.0021 0.0038 0.0342 0.0808 0.1147 0.1548 0.1707 0.1721 0.1731 0.1761 0.1804 1.6453 0.2724 0.1863 0.1454 0.1337 0.1333 0.1333 0.1329 0.1138 0.1135 0.1132 0.2028  
96433 29 0.5600 0.9173 0.0375 0.0541 11191662.7116 298265.6435 49908211.8700 49362.6232 17092.4966 2472130.0747 55762764.3968 181346330.6492 273188661.9487 248307590.1965 136482928.9056 39635340.7098 5658558.4772 973026.8748 39.1431 6.3796 1.3213 0.0909 0.0476 0.0338 0.0459 0.0748 0.1659 0.4947 1.0302 0.0227 0.0008 0.0082 0.0282 0.0621 0.1093 0.1664 0.2317 0.3016 0.3756 0.4292 2.5550 0.3212 0.1157 0.0817 0.0727 0.0649 0.0593 0.0565 0.0554 0.0541 0.0523 0.0671  
96433 30 1.0073 0.9042 0.0256 0.0370 83128896.2818 51473.9203 549065572.1839 136886.4561 2205224.1976 31060498.8534 33692474.1649 34091649.6206 54727141.3114 70609664.9443 73364713.0166 73528687.8284 73534637.9818 73534637.9818 4.0859 0.0446 0.6169 1.4932 0.7593 0.0710 0.0206 0.0188 0.0187 0.0187 0.0187 1.3212 0.0092 0.1152 0.3963 0.8329 1.2515 1.4225 1.4449 1.4461 1.4461 1.4461 1.4461 0.1738 0.1315 0.0965 0.0704 0.0586 0.0565 0.0563 0.0563 0.0563 0.0563 0.0861  
96433 35 0.8668 0.8927 0.1594 0.6033 4499502.7240 151411.0248 29761330.3746 3583.7742 310849.0101 2559328.9778 5511358.8699 10449736.0404 9564559.3531 7205845.3477 6251941.9674 6057564.6775 5962509.4435 5855391.1809 0.0200 0.5080 2.0121 1.6239 0.3592 0.3063 0.1460 0.0422 0.0210 0.0191 0.0188 0.0196 0.0143 0.1168 0.2527 0.3549 0.4242 0.4826 0.5057 0.5111 0.5149 0.5194 1.4702 0.1382 0.1139 0.0819 0.0742 0.0715 0.0683 0.0663 0.0659 0.0658 0.0658 0.0598  
96433 36 0.8416 0.9046 0.0554 0.0952 46787785.8262 420025.4935 67263581.0663 81052.6933 5567827224.3501 10275586041.1215 6984889099.1998 2523291000.9622 205338528.1600 26751013.1554 21898555.0585 21898555.0585 21895817.2563 21893079.4541 1437.9867 0.0921 0.0949 0.1279 0.1289 0.1297 0.1349 0.1363 0.1363 0.1363 0.1363 0.1289 0.0007 0.0052 0.0090 0.0171 0.0213 0.0216 0.0216 0.0216 0.0216 0.0216 1.4359 0.1944 0.1678 0.1340 0.1336 0.1303 0.1060 0.0998 0.0998 0.0998 0.0998 0.1338  
