8761 4 0.7958 0.7970 0.1636 0.1996 24305061.9746 22170383.8389 285846071.6787 28093.3072 632467.7031 30207147.2143 34282667.1341 12436353.7824 10836277.3187 10809432.3150 10809432.3150 10809432.3150 10809432.3150 10809432.3150 9.7657 0.4902 0.2537 0.2371 0.2120 0.2044 0.2043 0.2043 0.2043 0.2043 0.2043 0.2169 0.0416 0.5143 1.3000 1.5275 1.5374 1.5376 1.5376 1.5376 1.5376 1.5376 1.5376 0.1121 0.0802 0.0662 0.0577 0.0563 0.0563 0.0563 0.0563 0.0563 0.0563 0.0644  
8761 12 1.6133 0.6936 0.0178 0.0306 16659310.3091 4372384.7277 1275876724.0572 42598.1854 821075022.9917 4037113774.8829 1554623109.1942 373613500.8885 97846800.0485 55430487.2601 34263552.2851 18133666.6217 10494765.3960 8153415.0090 283.4099 0.5617 0.0191 0.0273 0.0416 0.0463 0.0475 0.0485 0.0505 0.0534 0.0553 0.0145 0.0186 0.1372 0.2786 0.3810 0.4352 0.4703 0.5138 0.5480 0.5643 0.5693 1.1640 0.1875 0.1140 0.0850 0.0730 0.0675 0.0657 0.0651 0.0638 0.0620 0.0608 0.1161  
8761 15 0.7573 0.6280 0.2030 0.1822 594065503.1642 0.0000 1641703796.1242 454850.0753 930784694.7470 12541946980.5246 8227819946.5134 3272451439.8278 1569134715.8160 928167776.9107 880044760.4809 871487798.8503 848143699.9260 814782037.7803 1322.2381 1.0961 0.0101 0.0046 0.0393 0.2530 0.4623 0.4852 0.4857 0.4865 0.4876 0.2148 0.0038 0.0342 0.0808 0.1147 0.1548 0.1707 0.1721 0.1731 0.1761 0.1804 1.6453 0.2734 0.2003 0.1548 0.1330 0.1232 0.1148 0.1139 0.1139 0.1138 0.1137 0.1635  
8761 29 0.7460 0.6602 0.0576 0.1176 73611608.3668 105405415.9139 256228100.1878 95475.1026 2445924.3271 328996979.3691 810168955.0556 712056025.6155 495428037.6453 344565322.6970 255367089.2245 206560106.7512 182527588.6125 172790561.0307 150.7279 4.9546 1.3369 0.2795 0.0786 0.0510 0.0811 0.1940 0.3254 0.4027 0.4365 0.1585 0.0008 0.0082 0.0282 0.0621 0.1093 0.1664 0.2317 0.3016 0.3756 0.4292 2.5550 0.1638 0.1191 0.1038 0.0844 0.0694 0.0595 0.0526 0.0477 0.0442 0.0421 0.0972  
8761 30 0.1320 0.8864 0.0187 0.0392 21638461.9283 34142.7123 165666613.5230 4129.6631 24.4700 3354.3210 1131133.6297 11200349.2630 20904323.9112 21193358.2312 20855128.0986 20827487.2538 20826243.2089 20826243.2089 0.5761 1.1909 3.6904 0.8730 0.2131 0.0686 0.0317 0.0250 0.0246 0.0246 0.0246 0.2969 0.0092 0.1152 0.3963 0.8329 1.2515 1.4225 1.4449 1.4461 1.4461 1.4461 1.4461 0.1304 0.0897 0.0685 0.0637 0.0596 0.0568 0.0563 0.0563 0.0563 0.0563 0.0663  
8761 35 0.9577 0.4565 0.2831 0.5691 12215737.6648 2443346.4322 107361361.3340 12023.9431 3264901.1441 40902104.0999 59883051.5763 66353173.8616 45866306.5788 23288935.3967 14410516.2197 12837087.1963 12534299.2913 12297452.8030 0.0416 0.5091 1.8551 1.7964 0.2499 0.1906 0.1343 0.0666 0.0467 0.0448 0.0446 0.0473 0.0143 0.1168 0.2527 0.3549 0.4242 0.4826 0.5057 0.5111 0.5149 0.5194 1.4702 0.1351 0.1125 0.0838 0.0757 0.0726 0.0699 0.0669 0.0660 0.0658 0.0658 0.0598  
8761 36 0.4337 0.5413 0.0454 0.1035 163762535.6653 2321952.2499 254492578.7987 76508.9254 33523653424.1851 48661079023.8039 22448766175.5302 8198289986.1743 825355755.9234 257305287.4550 241870636.9135 241870636.9135 241840397.7512 241810158.5888 4605.7466 1.3347 0.1380 0.1444 0.1448 0.1481 0.1556 0.1563 0.1563 0.1563 0.1563 0.1445 0.0007 0.0052 0.0090 0.0171 0.0213 0.0216 0.0216 0.0216 0.0216 0.0216 1.4359 0.1897 0.1731 0.1293 0.1282 0.1190 0.0979 0.0960 0.0960 0.0960 0.0960 0.1289  
17545 4 8.3058 2.5192 0.0424 0.0494 15986082.0053 4815997.8112 732422144.8441 16346.6789 2825050.2874 117556469.0861 122616663.0189 45987226.3443 40769991.7579 40683485.8103 40683485.8103 40683485.8103 40683485.8103 40683485.8103 36.8824 0.1650 0.0374 0.0319 0.0293 0.0285 0.0285 0.0285 0.0285 0.0285 0.0285 0.0292 0.0416 0.5143 1.3000 1.5275 1.5374 1.5376 1.5376 1.5376 1.5376 1.5376 1.5376 0.1132 0.0807 0.0662 0.0577 0.0563 0.0563 0.0563 0.0563 0.0563 0.0563 0.0643  
17545 12 1.7767 1.8421 0.0086 0.0127 17954230.3335 143970.9618 3187292726.3955 678136.0617 1630607054.3067 8172625373.0183 4590577695.0078 1755758075.4679 344252444.6752 141166643.7766 81143919.2691 37152112.6352 16319279.9703 9934602.8023 576.7230 0.1137 0.0036 0.0078 0.0130 0.0149 0.0159 0.0161 0.0165 0.0173 0.0180 0.0025 0.0186 0.1372 0.2786 0.3810 0.4352 0.4703 0.5138 0.5480 0.5643 0.5693 1.1640 0.1862 0.1096 0.0818 0.0738 0.0696 0.0660 0.0655 0.0646 0.0630 0.0615 0.1136  
17545 15 0.9839 1.0814 0.2424 0.2094 427591217.6433 13497.9908 1492350244.6083 647375.2829 1296696974.5708 13864209312.3692 11751206904.5275 4168910502.0566 1478045585.4781 464574549.6018 390104180.9253 385740730.2461 375580699.5960 361060737.1729 897.1586 0.0883 0.0009 0.0008 0.0207 0.2026 0.6181 0.7019 0.7029 0.7025 0.7019 0.1978 0.0038 0.0342 0.0808 0.1147 0.1548 0.1707 0.1721 0.1731 0.1761 0.1804 1.6453 0.2794 0.1931 0.1555 0.1342 0.1276 0.1162 0.1139 0.1139 0.1138 0.1137 0.1751  
17545 29 1.2854 0.8704 0.0546 0.0947 20451128.1315 663630.1262 234343436.3965 134576.1313 852443.1786 125061236.9125 479343372.5336 641745913.0620 519222206.8941 359369510.2458 251765928.4280 192230759.7572 161602379.0728 148346183.6867 101.4545 3.3476 0.6131 0.2985 0.0576 0.0094 0.0095 0.0234 0.0511 0.0877 0.1150 0.2719 0.0008 0.0082 0.0282 0.0621 0.1093 0.1664 0.2317 0.3016 0.3756 0.4292 2.5550 0.2155 0.1132 0.0974 0.0813 0.0691 0.0601 0.0533 0.0482 0.0444 0.0423 0.0869  
17545 30 1.4157 1.6299 0.0040 0.0088 4117328.7632 1765284.7162 171713844.2336 36328.1178 1567907.2731 48234738.8150 71158071.0564 27496281.4601 17946173.8125 21467767.3229 22211677.7888 22255828.6308 22257293.9912 22257293.9912 7.1699 0.0084 0.0384 0.1334 0.0795 0.0106 0.0055 0.0042 0.0041 0.0041 0.0041 0.1991 0.0092 0.1152 0.3963 0.8329 1.2515 1.4225 1.4449 1.4461 1.4461 1.4461 1.4461 0.1801 0.1298 0.1027 0.0753 0.0586 0.0565 0.0563 0.0563 0.0563 0.0563 0.0936  
17545 35 0.8770 0.8458 0.2046 0.2686 9892889.7300 1556.9748 92445828.1565 9767.9903 835298.6727 14134241.6122 39432181.9254 59473947.8991 44363200.7204 22338290.1989 13607936.0965 12063353.0619 11772709.8212 11549110.4939 0.0388 0.3831 1.1886 0.5992 0.1631 0.1575 0.1047 0.0328 0.0100 0.0077 0.0075 0.0084 0.0143 0.1168 0.2527 0.3549 0.4242 0.4826 0.5057 0.5111 0.5149 0.5194 1.4702 0.1322 0.1089 0.0811 0.0747 0.0726 0.0701 0.0670 0.0660 0.0659 0.0658 0.0598  
17545 36 0.8197 0.8634 0.0619 0.1052 76487719.8676 1135837.0407 233674160.5393 296638.2444 23688595797.1641 38249461855.2299 21604790909.7106 7873796623.9207 752808469.7794 204169279.1403 189262050.0857 189262050.0857 189238388.1567 189214726.2276 4440.1710 0.0993 0.1057 0.1371 0.1381 0.1399 0.1449 0.1454 0.1454 0.1454 0.1454 0.1380 0.0007 0.0052 0.0090 0.0171 0.0213 0.0216 0.0216 0.0216 0.0216 0.0216 1.4359 0.1945 0.1740 0.1340 0.1332 0.1250 0.1022 0.0999 0.0999 0.0999 0.0999 0.1338  
26305 4 1.5954 1.3163 0.0241 0.0278 16102140.4937 48987818.5327 1074367371.8612 135772.5808 2160228.6497 97342750.9028 134690188.8266 82871827.5096 78797412.6984 78728703.1064 78728703.1064 78728703.1064 78728703.1064 78728703.1064 64.3170 0.1505 0.0320 0.0265 0.0236 0.0230 0.0230 0.0230 0.0230 0.0230 0.0230 0.0236 0.0416 0.5143 1.3000 1.5275 1.5374 1.5376 1.5376 1.5376 1.5376 1.5376 1.5376 0.1123 0.0787 0.0638 0.0570 0.0563 0.0563 0.0563 0.0563 0.0563 0.0563 0.0597  
26305 12 0.9917 0.9467 0.0050 0.0061 20730856.1297 212549.2829 4523407853.7405 1204851.8798 62114484.0763 2785488567.2286 6777408539.7095 4155990647.7311 930284705.6320 416041456.9510 235041229.3260 100328318.6780 36534668.2537 16984435.3900 164.6455 0.0456 0.0029 0.0047 0.0060 0.0065 0.0069 0.0070 0.0072 0.0078 0.0086 0.0027 0.0186 0.1372 0.2786 0.3810 0.4352 0.4703 0.5138 0.5480 0.5643 0.5693 1.1640 0.1294 0.0933 0.0783 0.0733 0.0696 0.0661 0.0658 0.0654 0.0646 0.0632 0.0970  
26305 15 1.0039 1.1119 0.1952 0.3608 432986538.5708 0.0000 1521281719.9238 636981.4923 1570171741.0998 16321298933.2452 15076496145.9680 5401726021.6636 1581923244.0159 132277647.3776 26645463.2193 25432181.5491 25573104.6411 25774515.9548 720.8964 0.0450 0.0008 0.0008 0.0139 0.1679 1.2859 2.5808 2.6133 2.5812 2.5341 0.1954 0.0038 0.0342 0.0808 0.1147 0.1548 0.1707 0.1721 0.1731 0.1761 0.1804 1.6453 0.2802 0.1917 0.1552 0.1347 0.1319 0.1232 0.1142 0.1138 0.1136 0.1132 0.1938  
26305 29 0.7249 0.8800 0.0339 0.0959 33177262.1432 643330.7344 202527989.2510 172989.2243 140142.1184 26794945.5904 271649948.1547 543676045.2032 522785018.1334 369798656.0733 245073925.6461 172221875.6423 132411765.9566 114406131.7434 80.8448 4.6365 1.2382 0.3134 0.0448 0.0103 0.0152 0.0411 0.0936 0.1671 0.2230 0.2318 0.0008 0.0082 0.0282 0.0621 0.1093 0.1664 0.2317 0.3016 0.3756 0.4292 2.5550 0.2424 0.1094 0.0885 0.0782 0.0683 0.0602 0.0536 0.0485 0.0447 0.0425 0.0731  
26305 30 1.1557 1.1197 0.0049 0.0280 36304960.2907 2493641.6504 197635415.6285 51429.0604 1456055.4937 53430708.5455 81259662.6338 46385680.2922 29366957.6719 23500499.6512 22544499.1472 22486998.1576 22484830.6686 22484830.6686 8.2642 0.0187 0.1701 0.5155 0.3868 0.0625 0.0137 0.0115 0.0114 0.0114 0.0114 0.5996 0.0092 0.1152 0.3963 0.8329 1.2515 1.4225 1.4449 1.4461 1.4461 1.4461 1.4461 0.1753 0.1281 0.0976 0.0743 0.0607 0.0567 0.0563 0.0563 0.0563 0.0563 0.0894  
26305 35 0.9244 0.8891 0.2118 0.2627 9169936.0816 3145.6039 82212258.5129 8566.1002 599798.5293 9301984.7060 29705877.2503 50190407.0436 38650728.1989 19995672.8183 12581119.8756 11263651.8902 11002924.5054 10794888.7445 0.0362 0.3798 1.2573 0.5973 0.1745 0.1680 0.1102 0.0350 0.0118 0.0095 0.0093 0.0103 0.0143 0.1168 0.2527 0.3549 0.4242 0.4826 0.5057 0.5111 0.5149 0.5194 1.4702 0.1333 0.1094 0.0803 0.0744 0.0726 0.0701 0.0670 0.0660 0.0659 0.0658 0.0598  
26305 36 0.9208 0.9120 0.0598 0.1021 142797155.1533 897594.8309 207042425.4047 243148.9949 19811359199.6155 33240680849.1134 19926818848.8021 7248145561.8428 668883354.3720 161981640.5611 148208467.6595 148208467.6595 148189938.3334 148171409.0072 4097.4644 0.0989 0.1011 0.1359 0.1374 0.1390 0.1440 0.1446 0.1446 0.1446 0.1446 0.1373 0.0007 0.0052 0.0090 0.0171 0.0213 0.0216 0.0216 0.0216 0.0216 0.0216 1.4359 0.1945 0.1725 0.1341 0.1333 0.1262 0.1026 0.0999 0.0999 0.0999 0.0999 0.1338  
35065 4 1.0557 1.0390 0.0277 0.0275 31472603.9743 8854686.0438 1191247398.8830 216608.7062 780884.3646 40074357.6544 95606477.1635 99779218.2866 99603505.7025 99599696.3136 99599696.3136 99599696.3136 99599696.3136 99599696.3136 77.5008 0.1695 0.0358 0.0290 0.0259 0.0256 0.0256 0.0256 0.0256 0.0256 0.0256 0.0258 0.0416 0.5143 1.3000 1.5275 1.5374 1.5376 1.5376 1.5376 1.5376 1.5376 1.5376 0.1105 0.0762 0.0608 0.0565 0.0563 0.0563 0.0563 0.0563 0.0563 0.0563 0.0573  
35065 12 0.9729 0.9496 0.0025 0.0027 11430489.7195 52251.6631 4844884212.2963 1194873.2258 5040323.6064 558502200.2329 5617672287.3805 4815087938.2807 1611113251.8744 938618816.5710 534368132.7185 223480018.5498 76258871.2236 31141843.0624 12.7278 0.1459 0.0021 0.0021 0.0023 0.0025 0.0026 0.0026 0.0027 0.0028 0.0031 0.0055 0.0186 0.1372 0.2786 0.3810 0.4352 0.4703 0.5138 0.5480 0.5643 0.5693 1.1640 0.1537 0.0834 0.0745 0.0726 0.0686 0.0660 0.0658 0.0657 0.0653 0.0645 0.0924  
35065 15 1.4418 1.1370 0.0115 0.0618 76339743.9879 0.0000 1951059472.0116 639472.8846 2061452138.4245 17719317186.2756 18342170715.5672 7729234886.2430 2263505963.6876 155534804.4706 1945012.6287 254277.6581 673808.0312 1273377.3439 674.8520 0.0701 0.0006 0.0004 0.0013 0.0111 0.1845 2.9023 5.0286 3.8889 3.1507 0.0074 0.0038 0.0342 0.0808 0.1147 0.1548 0.1707 0.1721 0.1731 0.1761 0.1804 1.6453 0.2829 0.1903 0.1544 0.1346 0.1333 0.1328 0.1239 0.1102 0.1076 0.1058 0.2025  
35065 29 0.9281 0.9264 0.0178 0.0362 20973525.9014 845195.3942 182303495.6384 125408.3294 44580.0140 9764178.6385 184472840.4695 456764141.4684 513621523.0569 378101240.3335 242590796.0594 158838697.6376 113309399.0790 93276231.4291 79.8819 5.9926 1.1781 0.0954 0.0190 0.0086 0.0118 0.0317 0.0724 0.1271 0.1690 0.0442 0.0008 0.0082 0.0282 0.0621 0.1093 0.1664 0.2317 0.3016 0.3756 0.4292 2.5550 0.2781 0.1098 0.0839 0.0760 0.0673 0.0603 0.0540 0.0490 0.0450 0.0428 0.0678  
35065 30 1.0376 1.1958 0.0040 0.0297 51408828.1283 1512541.9487 240979311.2518 59436.5333 2268230.0383 78341717.6660 105755501.4353 61666741.4368 40716942.2751 28258018.3836 25889774.6070 25742790.2806 25737208.7631 25737208.7631 10.6144 0.0149 0.1932 0.6157 0.3617 0.0632 0.0153 0.0108 0.0105 0.0105 0.0105 0.7091 0.0092 0.1152 0.3963 0.8329 1.2515 1.4225 1.4449 1.4461 1.4461 1.4461 1.4461 0.1753 0.1292 0.0985 0.0730 0.0612 0.0570 0.0563 0.0563 0.0563 0.0563 0.0889  
35065 35 0.8666 0.8986 0.1503 0.3085 8565692.5188 22087.2882 74142575.9577 7918.0901 617857.8296 7742930.6576 23712522.8736 41777153.7700 32813091.3552 17607085.4193 11554731.0916 10472339.3249 10242321.9805 10050051.6626 0.0337 0.4277 1.4307 0.7481 0.1931 0.1834 0.1169 0.0363 0.0127 0.0104 0.0102 0.0111 0.0143 0.1168 0.2527 0.3549 0.4242 0.4826 0.5057 0.5111 0.5149 0.5194 1.4702 0.1342 0.1109 0.0804 0.0743 0.0725 0.0699 0.0669 0.0660 0.0658 0.0658 0.0598  
35065 36 0.8479 0.8738 0.0591 0.1012 128100298.3415 790292.6189 177833494.0722 223898.2355 14984600687.3818 26956392236.7905 17767325731.3678 6456175833.4884 581301054.2140 128669132.2867 116370536.8726 116370536.8726 116355987.9897 116341439.1069 3655.8333 0.0987 0.1009 0.1357 0.1366 0.1376 0.1415 0.1420 0.1420 0.1420 0.1420 0.1365 0.0007 0.0052 0.0090 0.0171 0.0213 0.0216 0.0216 0.0216 0.0216 0.0216 1.4359 0.1945 0.1698 0.1340 0.1334 0.1270 0.1030 0.0999 0.0999 0.0999 0.0999 0.1338  
43825 4 1.0322 1.0292 0.0208 0.0197 19725663.5778 15263965.3419 1243767060.5821 228669.5166 693432.5718 34873548.7704 93834151.3435 105376701.3688 105675463.9845 105679432.7396 105679432.7396 105679432.7396 105679432.7396 105679432.7396 81.8956 0.1607 0.0282 0.0196 0.0179 0.0178 0.0177 0.0177 0.0177 0.0177 0.0177 0.0179 0.0416 0.5143 1.3000 1.5275 1.5374 1.5376 1.5376 1.5376 1.5376 1.5376 1.5376 0.1106 0.0773 0.0599 0.0564 0.0563 0.0563 0.0563 0.0563 0.0563 0.0563 0.0570  
43825 12 0.9702 0.9504 0.0022 0.0022 11201246.9076 26471.1533 4720763388.2353 1162520.1490 921438.1636 273388659.4561 4377733324.9986 4289099200.1611 1965098793.4047 1299298059.7672 742679717.7134 309134024.6634 103828577.2658 40911314.5183 3.0961 0.1977 0.0026 0.0021 0.0021 0.0023 0.0024 0.0024 0.0024 0.0025 0.0027 0.0145 0.0186 0.1372 0.2786 0.3810 0.4352 0.4703 0.5138 0.5480 0.5643 0.5693 1.1640 0.1745 0.0760 0.0733 0.0718 0.0676 0.0660 0.0659 0.0658 0.0656 0.0651 0.0778  
43825 15 1.4207 1.1098 0.0016 0.0048 7808702.6604 0.0000 2511929314.7875 921983.2531 1765828992.7610 18034245718.2620 21683732725.7448 11040879040.6270 3268761161.5210 224545369.0327 2713951.0535 127967.3826 312675.4148 576649.7970 620.9154 0.1077 0.0008 0.0003 0.0003 0.0007 0.0084 0.6299 5.3706 3.0725 2.0822 0.0012 0.0038 0.0342 0.0808 0.1147 0.1548 0.1707 0.1721 0.1731 0.1761 0.1804 1.6453 0.2815 0.1893 0.1527 0.1343 0.1333 0.1333 0.1327 0.1038 0.1010 0.1002 0.2028  
43825 29 0.9338 0.9274 0.0134 0.0226 25521236.1257 833352.3503 159310552.9708 116393.6720 18533.0335 5548911.2725 123541080.9701 378802820.2313 498786185.1421 381641083.3139 237522200.6053 143196087.5599 92004638.8176 70225069.0471 80.6234 6.1754 1.0091 0.0439 0.0181 0.0104 0.0156 0.0432 0.1019 0.1852 0.2517 0.0112 0.0008 0.0082 0.0282 0.0621 0.1093 0.1664 0.2317 0.3016 0.3756 0.4292 2.5550 0.2862 0.1068 0.0822 0.0740 0.0665 0.0602 0.0543 0.0494 0.0454 0.0431 0.0671  
43825 30 1.2212 1.0693 0.0047 0.0329 59413527.3779 1342873.0551 301953786.2964 61669.8969 1777655.6448 66669677.6923 103993787.1038 74846176.6423 53891857.5780 35260944.6702 31643138.8835 31419607.6771 31411290.4958 31411290.4958 11.6459 0.0215 0.2237 0.6209 0.3429 0.0661 0.0195 0.0137 0.0134 0.0134 0.0134 0.6542 0.0092 0.1152 0.3963 0.8329 1.2515 1.4225 1.4449 1.4461 1.4461 1.4461 1.4461 0.1752 0.1269 0.0964 0.0720 0.0612 0.0571 0.0563 0.0563 0.0563 0.0563 0.0878  
43825 35 0.9736 0.9120 0.1627 0.3566 7917829.9072 26825.1477 64508035.8690 6861.4445 606857.1647 8308454.2756 21088545.7226 34474208.7077 27134631.4963 15284527.7110 10570212.7791 9718660.5210 9518525.4613 9341366.0233 0.0314 0.4161 1.4644 0.8992 0.2144 0.1985 0.1222 0.0372 0.0137 0.0115 0.0112 0.0122 0.0143 0.1168 0.2527 0.3549 0.4242 0.4826 0.5057 0.5111 0.5149 0.5194 1.4702 0.1342 0.1114 0.0810 0.0743 0.0724 0.0696 0.0668 0.0660 0.0658 0.0658 0.0598  
43825 36 0.8168 0.8684 0.0584 0.1009 99258665.7403 701496.8570 150482060.0780 189838.5472 11963847745.2370 21943784669.2927 14811586339.0060 5379220066.8060 479126340.5194 101596788.7421 91338821.0026 91338821.0026 91327401.6362 91315982.2697 3048.1869 0.0983 0.1008 0.1360 0.1368 0.1378 0.1418 0.1423 0.1423 0.1423 0.1423 0.1367 0.0007 0.0052 0.0090 0.0171 0.0213 0.0216 0.0216 0.0216 0.0216 0.0216 1.4359 0.1945 0.1685 0.1340 0.1334 0.1274 0.1033 0.0999 0.0999 0.0999 0.0999 0.1338  
52609 4 1.0291 1.0197 0.0194 0.0180 19819055.5611 14656920.2486 1276840181.9683 236022.0213 711653.8667 32426421.5673 91988068.5699 109094698.8526 109849515.5055 109861261.2943 109861261.2943 109861261.2943 109861261.2943 109861261.2943 85.0152 0.1626 0.0259 0.0182 0.0174 0.0173 0.0173 0.0173 0.0173 0.0173 0.0173 0.0174 0.0416 0.5143 1.3000 1.5275 1.5374 1.5376 1.5376 1.5376 1.5376 1.5376 1.5376 0.1104 0.0776 0.0596 0.0564 0.0563 0.0563 0.0563 0.0563 0.0563 0.0563 0.0569  
52609 12 0.9561 0.9512 0.0022 0.0022 11173784.3701 34840.2129 4557870562.5349 1127879.0646 1235571.6630 204987758.4218 3430987922.6799 3738263329.8374 2165620777.5852 1529259590.4306 875832428.7527 363823630.0727 121362113.9494 47058187.0513 2.5592 0.2364 0.0033 0.0021 0.0022 0.0024 0.0024 0.0024 0.0025 0.0025 0.0027 0.0231 0.0186 0.1372 0.2786 0.3810 0.4352 0.4703 0.5138 0.5480 0.5643 0.5693 1.1640 0.1890 0.0748 0.0731 0.0712 0.0671 0.0659 0.0659 0.0658 0.0657 0.0652 0.0701  
52609 15 1.2291 1.1237 0.0012 0.0024 23659230.8622 0.0000 3057528814.5497 1309876.5332 1381024830.3922 20194745270.2716 26104640528.9259 14040959640.0691 4168491463.4412 286351107.9440 3450660.0570 98396.4055 174946.2077 284346.9222 664.9060 0.2994 0.0027 0.0002 0.0002 0.0006 0.0081 0.6146 7.2740 5.0905 3.7020 0.0013 0.0038 0.0342 0.0808 0.1147 0.1548 0.1707 0.1721 0.1731 0.1761 0.1804 1.6453 0.2812 0.1885 0.1515 0.1342 0.1333 0.1333 0.1329 0.1076 0.1033 0.1016 0.2028  
52609 29 0.9459 0.9246 0.0179 0.0314 25442460.9463 1017325.0166 136625449.4848 108689.5160 44495.5612 3545694.0746 83548085.9971 315174060.2194 469648688.9670 376409863.4165 230365537.4850 126840430.8342 71609024.9536 49493396.7667 76.7898 6.0668 1.9442 0.0754 0.0216 0.0117 0.0183 0.0513 0.1243 0.2311 0.3198 0.0101 0.0008 0.0082 0.0282 0.0621 0.1093 0.1664 0.2317 0.3016 0.3756 0.4292 2.5550 0.2863 0.1258 0.0813 0.0721 0.0658 0.0601 0.0547 0.0500 0.0460 0.0436 0.0671  
52609 30 1.1498 0.9579 0.0044 0.0324 61643487.1245 1159343.5816 360700585.2951 75313.9011 893875.7046 41951481.4219 67007738.7346 61601482.2402 58702380.8136 43777461.9786 40374314.6583 40155867.8839 40147490.6060 40147490.6060 8.1554 0.0272 0.3109 0.7972 0.3632 0.0630 0.0200 0.0142 0.0138 0.0138 0.0138 0.7821 0.0092 0.1152 0.3963 0.8329 1.2515 1.4225 1.4449 1.4461 1.4461 1.4461 1.4461 0.1733 0.1260 0.0950 0.0696 0.0607 0.0571 0.0563 0.0563 0.0563 0.0563 0.0852  
52609 35 0.7137 0.8993 0.1014 0.3625 6861129.2560 76395.4971 66243374.1373 6680.1086 491008.9131 6300397.0807 18299807.1733 28417142.1093 22489324.0466 13319271.6375 9672102.0084 9005303.0213 8830620.7186 8667630.2606 0.0292 0.4201 1.5562 0.9069 0.2189 0.2053 0.1200 0.0353 0.0136 0.0115 0.0113 0.0120 0.0143 0.1168 0.2527 0.3549 0.4242 0.4826 0.5057 0.5111 0.5149 0.5194 1.4702 0.1344 0.1111 0.0812 0.0745 0.0722 0.0693 0.0666 0.0659 0.0658 0.0658 0.0598  
52609 36 0.8813 0.9425 0.0584 0.1007 82619353.9029 688187.7913 127714263.2340 155051.3460 12019670073.7054 20548946867.7007 12654677490.2845 4589376538.5361 402978386.4250 80435776.5613 71671874.2973 71671874.2973 71662913.7328 71653953.1683 2603.0452 0.0984 0.1007 0.1341 0.1358 0.1370 0.1419 0.1426 0.1426 0.1426 0.1426 0.1357 0.0007 0.0052 0.0090 0.0171 0.0213 0.0216 0.0216 0.0216 0.0216 0.0216 1.4359 0.1945 0.1711 0.1341 0.1335 0.1278 0.1035 0.0999 0.0999 0.0999 0.0999 0.1338  
61369 4 1.0021 1.0042 0.0186 0.0177 19980716.1579 14605985.9942 1284919137.1038 242882.2259 568389.8951 27794096.7446 88960942.2560 110681861.7660 111776461.0008 111793865.5523 111793865.5523 111793865.5523 111793865.5523 111793865.5523 86.3643 0.1685 0.0269 0.0183 0.0171 0.0170 0.0170 0.0170 0.0170 0.0170 0.0170 0.0171 0.0416 0.5143 1.3000 1.5275 1.5374 1.5376 1.5376 1.5376 1.5376 1.5376 1.5376 0.1104 0.0770 0.0592 0.0564 0.0563 0.0563 0.0563 0.0563 0.0563 0.0563 0.0568  
61369 12 0.9497 0.9518 0.0023 0.0022 11030890.0948 33981.5375 4403744793.2819 1078406.0441 1170990.2693 152234849.9960 2563818675.8878 3223932953.5336 2347170085.1709 1739079358.4934 997340503.0463 413725635.8034 137355189.8055 52659701.2323 2.5082 0.2264 0.0038 0.0021 0.0023 0.0024 0.0025 0.0025 0.0025 0.0025 0.0026 0.0228 0.0186 0.1372 0.2786 0.3810 0.4352 0.4703 0.5138 0.5480 0.5643 0.5693 1.1640 0.1866 0.0752 0.0730 0.0705 0.0667 0.0659 0.0659 0.0658 0.0657 0.0653 0.0716  
61369 15 1.1685 0.9508 0.0008 0.0018 7938194.7422 0.0000 3375971410.8110 1609986.1870 330942774.5410 12616902006.7837 25143980709.8410 17776086189.4529 5339317649.2224 366754724.6725 4388635.9213 71842.4135 102948.9278 147404.6408 176.8415 0.1129 0.0004 0.0001 0.0002 0.0005 0.0064 0.4995 8.2094 6.6636 5.3320 0.0036 0.0038 0.0342 0.0808 0.1147 0.1548 0.1707 0.1721 0.1731 0.1761 0.1804 1.6453 0.2746 0.1729 0.1497 0.1340 0.1333 0.1333 0.1330 0.1104 0.1062 0.1037 0.2028  
61369 29 0.8846 0.9185 0.0250 0.0397 25381086.1325 838183.3874 113573777.5369 102808.7372 19931.1687 2302218.1717 59770134.2065 266927886.7611 432349433.0582 360197619.7087 216439466.8040 107656846.5218 52004173.4236 31598580.4401 70.3820 6.1190 1.9188 0.0945 0.0288 0.0142 0.0227 0.0647 0.1605 0.3010 0.4205 0.0103 0.0008 0.0082 0.0282 0.0621 0.1093 0.1664 0.2317 0.3016 0.3756 0.4292 2.5550 0.2794 0.1239 0.0801 0.0708 0.0652 0.0599 0.0549 0.0506 0.0467 0.0443 0.0671  
61369 30 1.0878 0.9203 0.0179 0.0377 75271764.9594 52619.2965 387394070.6318 86593.1585 866281.6964 29106856.1710 29258829.9927 34814211.3260 51544113.1758 49259869.7872 47897241.8232 47796493.3510 47792122.0629 47792122.0629 3.2665 0.0809 0.7965 1.6604 0.5531 0.0699 0.0248 0.0195 0.0192 0.0192 0.0192 1.6437 0.0092 0.1152 0.3963 0.8329 1.2515 1.4225 1.4449 1.4461 1.4461 1.4461 1.4461 0.1728 0.1293 0.0992 0.0679 0.0595 0.0568 0.0563 0.0563 0.0563 0.0563 0.0856  
61369 35 1.0349 1.0040 0.2078 0.4544 6679798.9212 25990.1445 55132261.6341 4767.4341 1172406.2794 13966323.3940 21579071.8147 25326325.5953 19025819.8838 11741472.3754 8865061.2296 8332649.3510 8178516.1236 8028580.4696 0.0271 0.4213 1.4442 1.2395 0.2549 0.2153 0.1232 0.0360 0.0147 0.0127 0.0125 0.0134 0.0143 0.1168 0.2527 0.3549 0.4242 0.4826 0.5057 0.5111 0.5149 0.5194 1.4702 0.1341 0.1130 0.0834 0.0751 0.0722 0.0691 0.0666 0.0659 0.0658 0.0658 0.0598  
61369 36 0.8327 0.8722 0.0561 0.0966 71316891.1147 546825.0323 108749301.3179 136651.5631 9357453691.2691 16724058609.6022 10930954989.4013 3962192476.6584 342958668.6921 64113447.4463 56536859.1523 56536859.1523 56529790.7984 56522722.4445 2249.3883 0.0928 0.0952 0.1306 0.1314 0.1323 0.1367 0.1374 0.1374 0.1374 0.1374 0.1314 0.0007 0.0052 0.0090 0.0171 0.0213 0.0216 0.0216 0.0216 0.0216 0.0216 1.4359 0.1944 0.1695 0.1340 0.1335 0.1282 0.1038 0.0999 0.0999 0.0999 0.0999 0.1338  
70129 4 0.9964 0.9925 0.0184 0.0171 19441405.6647 13398189.1610 1290057795.0459 243394.5432 412617.7306 23891871.9677 84768035.6702 110198791.2174 111615229.2505 111638144.5250 111638144.5250 111638144.5250 111638144.5250 111638144.5250 86.0635 0.1739 0.0248 0.0174 0.0166 0.0166 0.0166 0.0166 0.0166 0.0166 0.0166 0.0166 0.0416 0.5143 1.3000 1.5275 1.5374 1.5376 1.5376 1.5376 1.5376 1.5376 1.5376 0.1093 0.0763 0.0588 0.0564 0.0563 0.0563 0.0563 0.0563 0.0563 0.0563 0.0567  
70129 12 0.9524 0.9529 0.0023 0.0023 10952302.9984 41375.5800 4219374959.7076 1024109.4162 2411182.4748 118800959.5892 1895371194.1651 2802572685.8536 2447283569.6816 1868371527.3562 1072351280.6271 444474628.9136 147144100.2474 56025294.4267 3.0419 0.2029 0.0056 0.0022 0.0023 0.0025 0.0025 0.0025 0.0025 0.0026 0.0027 0.0267 0.0186 0.1372 0.2786 0.3810 0.4352 0.4703 0.5138 0.5480 0.5643 0.5693 1.1640 0.1892 0.0774 0.0728 0.0697 0.0664 0.0659 0.0659 0.0658 0.0657 0.0654 0.0785  
70129 15 1.1109 0.9534 0.0012 0.0019 9195210.4143 0.0000 3554733101.6424 1881257.1912 190406264.3911 7989410895.8461 21888981924.2000 20727630222.4083 6285364620.9850 431776844.6103 5206159.3272 115576.2950 126069.7385 141066.4317 141.0981 0.1073 0.0004 0.0001 0.0001 0.0005 0.0069 0.5330 8.7739 8.0112 7.1519 0.0070 0.0038 0.0342 0.0808 0.1147 0.1548 0.1707 0.1721 0.1731 0.1761 0.1804 1.6453 0.2743 0.1730 0.1453 0.1337 0.1333 0.1333 0.1330 0.1124 0.1099 0.1076 0.2028  
70129 29 0.8422 0.9131 0.0329 0.0594 23605932.5371 708872.0269 93619826.9748 90947.8106 24466.4129 1416510.0769 40857340.5357 223252927.8631 393407365.4572 342351781.2429 201119077.2227 87890784.0147 34693784.4451 17942960.8520 63.2067 6.1892 2.6084 0.1580 0.0380 0.0172 0.0277 0.0793 0.2047 0.3899 0.5411 0.0122 0.0008 0.0082 0.0282 0.0621 0.1093 0.1664 0.2317 0.3016 0.3756 0.4292 2.5550 0.2768 0.1346 0.0790 0.0696 0.0648 0.0597 0.0553 0.0514 0.0476 0.0452 0.0671  
70129 30 1.0063 0.9618 0.0178 0.0326 66675001.2298 52069.3402 382404218.3611 94195.4279 949923.6547 28516858.4287 22327415.7055 19564235.5117 40094332.4460 49784622.1709 50951234.5746 51009213.3211 51010793.1460 51010793.1460 1.8772 0.1061 0.9705 2.0209 0.6936 0.0550 0.0223 0.0193 0.0191 0.0191 0.0191 2.4332 0.0092 0.1152 0.3963 0.8329 1.2515 1.4225 1.4449 1.4461 1.4461 1.4461 1.4461 0.1725 0.1312 0.1053 0.0673 0.0582 0.0566 0.0563 0.0563 0.0563 0.0563 0.0904  
70129 35 0.8329 0.9028 0.0962 0.3538 4767207.5196 168661.3732 47167948.9275 4933.6502 548809.4690 8202484.4750 19568801.0725 22455033.8193 16800517.4694 10608928.8733 8167233.6012 7711915.3586 7572694.2192 7434466.4590 0.0252 0.3996 1.4429 0.9312 0.1900 0.1788 0.0984 0.0300 0.0141 0.0126 0.0124 0.0131 0.0143 0.1168 0.2527 0.3549 0.4242 0.4826 0.5057 0.5111 0.5149 0.5194 1.4702 0.1326 0.1106 0.0827 0.0752 0.0720 0.0689 0.0665 0.0659 0.0658 0.0658 0.0598  
70129 36 0.8485 0.8911 0.0554 0.0956 61372155.5339 510949.6895 94229316.3834 113786.9634 7719292993.9154 14116895103.2192 9493379138.7313 3438827646.3562 293590051.0551 51264044.9862 44679730.6378 44679730.6378 44674144.6864 44668558.7349 1953.9728 0.0928 0.0953 0.1282 0.1292 0.1301 0.1347 0.1355 0.1355 0.1355 0.1355 0.1291 0.0007 0.0052 0.0090 0.0171 0.0213 0.0216 0.0216 0.0216 0.0216 0.0216 1.4359 0.1944 0.1690 0.1340 0.1335 0.1286 0.1041 0.0998 0.0998 0.0998 0.0998 0.1338  
78889 4 1.0506 1.0370 0.0180 0.0168 19608482.6035 14297065.6121 1329347708.6588 242519.3809 970201.4155 41747321.6052 99005620.7154 112926266.3728 113616766.2387 113627766.1512 113627766.1512 113627766.1512 113627766.1512 113627766.1512 88.5048 0.1587 0.0249 0.0171 0.0163 0.0163 0.0163 0.0163 0.0163 0.0163 0.0163 0.0164 0.0416 0.5143 1.3000 1.5275 1.5374 1.5376 1.5376 1.5376 1.5376 1.5376 1.5376 0.1103 0.0790 0.0600 0.0564 0.0563 0.0563 0.0563 0.0563 0.0563 0.0563 0.0571  
78889 12 0.9444 0.9548 0.0025 0.0023 10990702.3445 54028.7352 4019969660.0535 975404.7071 5050478.5581 109503618.0587 1468779661.1714 2490825080.5382 2444305129.5302 1896529950.9212 1088976366.0377 451169943.7108 149137209.7286 56577401.6501 4.1709 0.2090 0.0089 0.0022 0.0025 0.0026 0.0026 0.0026 0.0026 0.0027 0.0028 0.0310 0.0186 0.1372 0.2786 0.3810 0.4352 0.4703 0.5138 0.5480 0.5643 0.5693 1.1640 0.1908 0.0826 0.0726 0.0690 0.0663 0.0659 0.0659 0.0659 0.0657 0.0655 0.0880  
78889 15 1.0545 0.9986 0.0013 0.0028 13150942.1344 0.0000 3632170938.8780 2089816.6064 349613057.4185 7387135149.5779 20531648538.6323 21983835405.8182 6688100220.2312 459455721.2894 5552807.5494 132773.6010 134361.1808 136630.1230 267.8021 0.0454 0.0003 0.0001 0.0002 0.0007 0.0105 0.7894 9.0567 8.8475 8.5510 0.0062 0.0038 0.0342 0.0808 0.1147 0.1548 0.1707 0.1721 0.1731 0.1761 0.1804 1.6453 0.2754 0.1856 0.1417 0.1335 0.1333 0.1333 0.1327 0.1136 0.1129 0.1119 0.2028  
78889 29 0.6853 0.9077 0.0573 0.0854 21229251.7598 532188.7207 77281928.8171 76594.3514 18417.2406 670140.5524 25287294.1975 181483473.1514 351685633.1569 324308091.4511 186933754.6058 69690739.3743 20676176.1782 8658106.3319 54.9246 6.2271 2.9804 0.2390 0.0515 0.0217 0.0336 0.0915 0.2499 0.5158 0.7141 0.0132 0.0008 0.0082 0.0282 0.0621 0.1093 0.1664 0.2317 0.3016 0.3756 0.4292 2.5550 0.2875 0.1394 0.0769 0.0684 0.0643 0.0594 0.0557 0.0526 0.0489 0.0464 0.0671  
78889 30 0.9632 0.9937 0.0183 0.0307 64893775.6369 47189.9569 368631141.8239 94785.0453 979203.5595 33787643.0809 26843057.9164 16785753.5155 35615166.1050 48023417.3601 49896941.9300 50001716.4797 50005157.8952 50005157.8952 2.0012 0.1075 0.9071 1.8813 0.8688 0.0518 0.0208 0.0191 0.0190 0.0190 0.0190 2.4265 0.0092 0.1152 0.3963 0.8329 1.2515 1.4225 1.4449 1.4461 1.4461 1.4461 1.4461 0.1729 0.1306 0.1067 0.0695 0.0577 0.0564 0.0563 0.0563 0.0563 0.0563 0.0923  
78889 35 1.1682 0.9037 0.0836 0.3369 4933406.4029 130424.2891 44732965.4364 4109.2478 436105.8060 6750112.4474 15460968.4643 18980840.7959 14684954.0512 9546808.8351 7513579.7969 7130639.4575 7005376.4388 6878083.9455 0.0234 0.3862 1.2479 0.7874 0.2273 0.2151 0.1148 0.0337 0.0152 0.0135 0.0133 0.0142 0.0143 0.1168 0.2527 0.3549 0.4242 0.4826 0.5057 0.5111 0.5149 0.5194 1.4702 0.1325 0.1103 0.0821 0.0750 0.0720 0.0688 0.0665 0.0659 0.0658 0.0658 0.0598  
78889 36 0.8662 0.9105 0.0549 0.0957 53612425.1820 421071.3602 81079998.3908 96553.1397 6894740002.0574 12405839442.8298 8177118780.9497 2959635115.6684 249717662.2497 40931059.0970 35258053.6194 35258053.6194 35253645.5853 35249237.5512 1682.9331 0.0933 0.0957 0.1285 0.1297 0.1307 0.1360 0.1370 0.1370 0.1370 0.1370 0.1297 0.0007 0.0052 0.0090 0.0171 0.0213 0.0216 0.0216 0.0216 0.0216 0.0216 1.4359 0.1944 0.1693 0.1340 0.1335 0.1290 0.1045 0.0998 0.0998 0.0998 0.0998 0.1338  
87673 4 1.0105 1.0092 0.0177 0.0166 19688822.3349 14433065.3306 1356240897.9600 254796.6063 772211.1339 33774585.1590 96238585.9372 115997392.1959 116975983.6030 116991426.7875 116991426.7875 116991426.7875 116991426.7875 116991426.7875 90.7627 0.1544 0.0244 0.0171 0.0161 0.0161 0.0161 0.0161 0.0161 0.0161 0.0161 0.0161 0.0416 0.5143 1.3000 1.5275 1.5374 1.5376 1.5376 1.5376 1.5376 1.5376 1.5376 0.1103 0.0773 0.0595 0.0564 0.0563 0.0563 0.0563 0.0563 0.0563 0.0563 0.0569  
87673 12 0.9392 0.9547 0.0026 0.0024 10909529.5041 48914.9334 3830284808.8885 921202.3739 4990201.1101 86437135.8466 1088699809.4830 2211869101.2226 2436144637.0259 1916901605.7634 1101070582.4403 456007300.8985 150538113.7346 56925199.2312 3.9180 0.1920 0.0094 0.0023 0.0026 0.0027 0.0027 0.0027 0.0027 0.0028 0.0029 0.0265 0.0186 0.1372 0.2786 0.3810 0.4352 0.4703 0.5138 0.5480 0.5643 0.5693 1.1640 0.1939 0.0846 0.0723 0.0684 0.0662 0.0659 0.0659 0.0659 0.0658 0.0655 0.0883  
87673 15 1.0133 1.0000 0.0015 0.0029 13827174.6498 0.0000 3658120790.1561 2203763.2071 348198329.8987 7012900673.6478 20358017452.2711 22396573891.3526 6818144040.8608 468395008.9204 5666568.2441 139907.6143 137895.4800 135019.9168 266.6978 0.0513 0.0004 0.0001 0.0002 0.0007 0.0108 0.8050 9.0991 9.0113 8.8806 0.0065 0.0038 0.0342 0.0808 0.1147 0.1548 0.1707 0.1721 0.1731 0.1761 0.1804 1.6453 0.2749 0.1879 0.1407 0.1335 0.1333 0.1333 0.1326 0.1138 0.1135 0.1130 0.2028  
87673 29 0.6715 0.9095 0.0674 0.1366 16163254.8856 366360.1779 66119122.2640 52488.8800 15520.4166 181343.9138 13927358.4734 143721758.0976 308574057.9507 306031117.7480 176246331.3423 57090097.4002 11811208.3971 3597954.6482 45.9831 6.1894 4.2148 0.4245 0.0688 0.0263 0.0354 0.0822 0.2308 0.5774 0.8826 0.0155 0.0008 0.0082 0.0282 0.0621 0.1093 0.1664 0.2317 0.3016 0.3756 0.4292 2.5550 0.2875 0.1553 0.0731 0.0671 0.0637 0.0591 0.0561 0.0540 0.0508 0.0480 0.0671  
87673 30 0.9507 1.1610 0.0260 0.0332 81786858.5994 56240.2805 360560595.8890 91300.3017 1620811.6080 70939201.9688 72154274.1106 28264700.5775 35776031.0617 46360865.5326 48141938.3083 48245021.6969 48248520.9224 48248520.9224 6.1261 0.0685 0.5677 1.2483 0.9044 0.0602 0.0207 0.0192 0.0191 0.0191 0.0191 1.6900 0.0092 0.1152 0.3963 0.8329 1.2515 1.4225 1.4449 1.4461 1.4461 1.4461 1.4461 0.1728 0.1288 0.1055 0.0749 0.0579 0.0564 0.0563 0.0563 0.0563 0.0563 0.0938  
87673 35 0.9650 0.9614 0.1017 0.3798 4109099.7382 178043.6981 41469728.6751 4800.3952 576265.2628 8802447.4437 14357120.5530 17120561.4582 13260459.6201 8728052.9826 6935013.2116 6595720.5378 6481310.6690 6363902.2181 0.0218 0.3627 1.2643 1.0224 0.2036 0.1971 0.1034 0.0308 0.0148 0.0133 0.0132 0.0138 0.0143 0.1168 0.2527 0.3549 0.4242 0.4826 0.5057 0.5111 0.5149 0.5194 1.4702 0.1328 0.1115 0.0832 0.0751 0.0719 0.0687 0.0664 0.0659 0.0658 0.0658 0.0598  
87673 36 0.8613 0.9216 0.0554 0.0952 45588750.9086 329549.1749 69123797.3713 83636.1633 6459681343.5260 11159947994.2062 6972758589.5975 2521538254.7752 210743694.9633 32707664.2595 27870191.7407 27870191.7407 27866707.3523 27863222.9639 1434.6615 0.0930 0.0951 0.1271 0.1285 0.1294 0.1343 0.1353 0.1353 0.1353 0.1353 0.1285 0.0007 0.0052 0.0090 0.0171 0.0213 0.0216 0.0216 0.0216 0.0216 0.0216 1.4359 0.1944 0.1706 0.1340 0.1335 0.1293 0.1048 0.0998 0.0998 0.0998 0.0998 0.1338  
96433 4 1.0093 1.0071 0.0164 0.0158 18894443.1932 13701577.5760 1377109470.7246 257477.1098 759669.5787 32438575.5717 95377206.9611 117497091.3688 118689524.6459 118708677.0461 118708677.0461 118708677.0461 118708677.0461 118708677.0461 91.9509 0.1591 0.0237 0.0161 0.0152 0.0152 0.0151 0.0151 0.0151 0.0151 0.0151 0.0152 0.0416 0.5143 1.3000 1.5275 1.5374 1.5376 1.5376 1.5376 1.5376 1.5376 1.5376 0.1106 0.0775 0.0593 0.0564 0.0563 0.0563 0.0563 0.0563 0.0563 0.0563 0.0569  
96433 12 0.9404 0.9558 0.0027 0.0025 10848626.7971 56645.5364 3639200277.1444 865205.9415 5941454.2332 74604518.4843 803317565.8392 1981166435.4300 2394588676.1383 1903241227.7205 1093501950.7211 452749338.7646 149321484.7467 56334160.7556 4.2523 0.1941 0.0123 0.0023 0.0027 0.0028 0.0028 0.0028 0.0028 0.0029 0.0030 0.0290 0.0186 0.1372 0.2786 0.3810 0.4352 0.4703 0.5138 0.5480 0.5643 0.5693 1.1640 0.1957 0.0885 0.0720 0.0678 0.0661 0.0659 0.0659 0.0659 0.0658 0.0655 0.0903  
96433 15 0.9724 0.9756 0.0017 0.0032 14865478.5560 0.0000 3508605703.3490 2233060.9525 423524342.6468 6616511079.5825 19371741317.6666 21876105712.3090 6663863309.9813 457809828.7929 5552877.4092 150671.6079 146912.7920 141540.9748 276.7087 0.0500 0.0004 0.0002 0.0002 0.0008 0.0116 0.8598 9.1315 9.0978 9.0462 0.0075 0.0038 0.0342 0.0808 0.1147 0.1548 0.1707 0.1721 0.1731 0.1761 0.1804 1.6453 0.2761 0.1872 0.1400 0.1335 0.1333 0.1333 0.1326 0.1138 0.1137 0.1136 0.2028  
96433 29 1.0624 0.9223 0.0394 0.0965 12135267.6305 208534.7815 58703875.2338 35248.3948 13728.9666 101602.6026 10259358.4176 119016619.1939 270624834.7710 285195822.5045 166015648.5269 49617707.3774 7503350.4806 1447934.5855 38.2180 6.3617 4.8557 0.2777 0.0347 0.0277 0.0394 0.0683 0.1651 0.4935 0.9643 0.0231 0.0008 0.0082 0.0282 0.0621 0.1093 0.1664 0.2317 0.3016 0.3756 0.4292 2.5550 0.2914 0.1674 0.0709 0.0663 0.0631 0.0587 0.0563 0.0551 0.0534 0.0512 0.0671  
96433 30 0.9998 1.0299 0.0285 0.0391 84817931.1274 64443.5927 370153766.9603 86799.3830 1311040.3625 64661483.7974 76577918.8071 46993855.5432 44697459.1761 46312989.8541 46659572.7275 46680882.2110 46681592.6820 46681592.6820 6.9939 0.0697 0.5038 1.0716 0.7121 0.0775 0.0218 0.0193 0.0191 0.0191 0.0191 1.2632 0.0092 0.1152 0.3963 0.8329 1.2515 1.4225 1.4449 1.4461 1.4461 1.4461 1.4461 0.1714 0.1265 0.1008 0.0742 0.0592 0.0565 0.0563 0.0563 0.0563 0.0563 0.0909  
96433 35 0.8378 0.9307 0.1187 0.4527 4800157.1164 160298.6885 37545106.8511 4632.3301 631118.0353 9629364.5151 11749680.7881 14652573.7843 11682173.2999 7879070.5084 6369742.4763 6081333.5778 5978125.8834 5870281.4436 0.0202 0.3468 1.1673 1.1463 0.2833 0.2598 0.1336 0.0388 0.0180 0.0161 0.0159 0.0166 0.0143 0.1168 0.2527 0.3549 0.4242 0.4826 0.5057 0.5111 0.5149 0.5194 1.4702 0.1320 0.1120 0.0836 0.0750 0.0718 0.0686 0.0664 0.0659 0.0658 0.0658 0.0598  
96433 36 0.8576 0.9003 0.0552 0.0949 11153127.2904 299613.0947 59960611.6904 72036.2638 5510430487.2299 9592096068.4822 6055029207.1257 2188402676.2413 180896813.3630 26227773.6138 22025212.5238 22025212.5238 22022458.8866 22019705.2495 1245.9602 0.0924 0.0948 0.1273 0.1285 0.1293 0.1344 0.1355 0.1355 0.1355 0.1355 0.1284 0.0007 0.0052 0.0090 0.0171 0.0213 0.0216 0.0216 0.0216 0.0216 0.0216 1.4359 0.1944 0.1706 0.1340 0.1336 0.1296 0.1051 0.0998 0.0998 0.0998 0.0998 0.1338  
