8761 4 0.8195 0.7971 0.1661 0.1996 24392095.6318 23071112.9829 310064816.1334 28926.7667 622821.9250 29840517.5792 34619229.5366 12492302.3480 10839773.2451 10812004.0896 10812004.0896 10812004.0896 10812004.0896 10812004.0896 9.6674 0.5074 0.2483 0.2277 0.2213 0.2200 0.2200 0.2200 0.2200 0.2200 0.2200 0.2236 0.0416 0.5143 1.3000 1.5275 1.5374 1.5376 1.5376 1.5376 1.5376 1.5376 1.5376 0.1122 0.0801 0.0661 0.0578 0.0563 0.0563 0.0563 0.0563 0.0563 0.0563 0.0643  
8761 12 1.5691 0.6946 0.0166 0.0301 16672647.5301 4711126.8123 1305337781.3282 41431.1585 727411379.4610 4005096680.1152 1696747341.8054 364832272.0457 99122638.9830 58358858.2957 35980318.8945 18840910.4870 10723951.1766 8236097.2910 287.8471 0.5605 0.0195 0.0268 0.0409 0.0457 0.0469 0.0478 0.0500 0.0532 0.0552 0.0141 0.0186 0.1372 0.2786 0.3810 0.4352 0.4703 0.5138 0.5480 0.5643 0.5693 1.1640 0.1875 0.1134 0.0850 0.0731 0.0674 0.0657 0.0651 0.0639 0.0620 0.0608 0.1155  
8761 15 0.7658 0.6276 0.2052 0.1833 596726969.3042 42863.5914 1653266236.5129 459903.1285 1184625046.2910 12216644330.0857 8297266427.8648 3264445880.3289 1564429047.7917 925811471.0213 877861865.7463 869319427.0340 846011744.4645 812702125.5029 1260.5874 1.0818 0.0104 0.0050 0.0398 0.2542 0.4647 0.4877 0.4883 0.4890 0.4902 0.2227 0.0038 0.0342 0.0808 0.1147 0.1548 0.1707 0.1721 0.1731 0.1761 0.1804 1.6453 0.2768 0.2009 0.1547 0.1330 0.1232 0.1148 0.1139 0.1139 0.1138 0.1137 0.1623  
8761 29 0.7442 0.6600 0.0584 0.1210 73268493.0146 105062658.5968 257295819.7587 95250.3022 2297619.9233 308195543.0800 797054533.3033 734569559.8172 504237558.4764 344086760.3004 254344952.6698 206947337.0444 183591723.9508 174041026.9886 145.1907 5.0108 1.3477 0.2780 0.0818 0.0574 0.0871 0.1958 0.3216 0.3961 0.4289 0.1584 0.0008 0.0082 0.0282 0.0621 0.1093 0.1664 0.2317 0.3016 0.3756 0.4292 2.5550 0.1649 0.1191 0.1033 0.0843 0.0695 0.0596 0.0526 0.0477 0.0442 0.0421 0.0967  
8761 30 0.1347 0.8863 0.0183 0.0394 21358656.9857 26698.7985 167914214.6093 4212.7295 24.8131 4540.5189 1069649.4027 9492183.7686 19204693.1355 21500472.6773 21616373.1243 21617729.5085 21617584.5781 21617584.5781 0.4626 1.2305 3.4721 0.8781 0.2164 0.0683 0.0320 0.0258 0.0254 0.0254 0.0254 0.3011 0.0092 0.1152 0.3963 0.8329 1.2515 1.4225 1.4449 1.4461 1.4461 1.4461 1.4461 0.1303 0.0880 0.0690 0.0638 0.0594 0.0568 0.0563 0.0563 0.0563 0.0563 0.0663  
8761 35 0.9626 0.4570 0.2729 0.5577 12175829.9011 2199980.3752 101001123.1747 12084.9037 3260294.6735 42417462.8116 65448406.5887 64143479.2428 42691364.5002 22239569.4208 14236475.6813 12811634.0940 12522133.9949 12286982.5048 0.0416 0.5019 1.8314 1.7505 0.2497 0.1905 0.1330 0.0658 0.0465 0.0446 0.0444 0.0472 0.0143 0.1168 0.2527 0.3549 0.4242 0.4826 0.5057 0.5111 0.5149 0.5194 1.4702 0.1351 0.1121 0.0839 0.0759 0.0726 0.0698 0.0668 0.0660 0.0658 0.0658 0.0598  
8761 36 0.4388 0.5412 0.0451 0.1037 165521294.0599 2298025.6041 257445364.5783 77407.1545 33245505560.1115 48558431711.4100 22709890450.3739 8292357190.6607 831679753.9308 256869077.2577 241250742.7062 241250742.7062 241220581.0443 241190419.3824 4659.9122 1.3347 0.1383 0.1451 0.1455 0.1493 0.1580 0.1588 0.1588 0.1588 0.1588 0.1452 0.0007 0.0052 0.0090 0.0171 0.0213 0.0216 0.0216 0.0216 0.0216 0.0216 1.4359 0.1897 0.1729 0.1293 0.1282 0.1191 0.0979 0.0961 0.0961 0.0961 0.0961 0.1289  
17545 4 9.5168 2.8044 0.0402 0.0464 16261950.7606 5524691.7135 833216794.8416 16587.0174 3159194.2360 132261848.4462 143409906.7893 54459173.9006 48140494.8037 48035195.4487 48035195.4487 48035195.4487 48035195.4487 48035195.4487 42.7619 0.1683 0.0352 0.0291 0.0255 0.0244 0.0244 0.0244 0.0244 0.0244 0.0244 0.0252 0.0416 0.5143 1.3000 1.5275 1.5374 1.5376 1.5376 1.5376 1.5376 1.5376 1.5376 0.1136 0.0807 0.0662 0.0578 0.0563 0.0563 0.0563 0.0563 0.0563 0.0563 0.0645  
17545 12 1.5569 1.6630 0.0083 0.0121 17471660.0183 145314.2082 3030684308.0238 681218.7621 1199621061.7757 6326199231.1429 4667354653.9289 1740236187.1310 328687248.6341 131095200.3958 75410983.9950 34790915.4414 15554764.5497 9659399.1410 409.6583 0.1001 0.0039 0.0075 0.0123 0.0141 0.0150 0.0153 0.0157 0.0166 0.0174 0.0027 0.0186 0.1372 0.2786 0.3810 0.4352 0.4703 0.5138 0.5480 0.5643 0.5693 1.1640 0.1887 0.1070 0.0815 0.0739 0.0696 0.0660 0.0655 0.0646 0.0630 0.0615 0.1122  
17545 15 1.0628 1.1958 0.2386 0.2081 430503909.0912 0.0000 1646652896.6276 647687.1587 1846612951.5127 16945449712.0439 12824916569.6171 4645241245.4090 1615067261.6843 469454381.1322 385364214.5659 380941440.1444 370943885.7806 356656123.0624 1145.2089 0.3445 0.0035 0.0007 0.0197 0.1957 0.6205 0.7120 0.7131 0.7126 0.7118 0.1679 0.0038 0.0342 0.0808 0.1147 0.1548 0.1707 0.1721 0.1731 0.1761 0.1804 1.6453 0.2844 0.1980 0.1555 0.1342 0.1278 0.1163 0.1139 0.1139 0.1138 0.1137 0.1789  
17545 29 1.2942 0.8729 0.0525 0.0929 20446341.9008 739061.2206 233918403.6891 137356.8542 667287.4577 99475976.9229 475220828.2084 683695053.3177 528073173.0435 353794468.7278 247266069.9624 190811555.1578 161850246.3933 149175573.3214 93.2051 3.8866 0.7033 0.2939 0.0539 0.0094 0.0096 0.0236 0.0510 0.0873 0.1143 0.2851 0.0008 0.0082 0.0282 0.0621 0.1093 0.1664 0.2317 0.3016 0.3756 0.4292 2.5550 0.2297 0.1131 0.0955 0.0812 0.0695 0.0601 0.0532 0.0481 0.0444 0.0423 0.0851  
17545 30 1.4951 1.8041 0.0035 0.0082 4197698.4097 1713992.7338 176705009.4691 37411.9347 2485704.3812 65892713.0421 88538374.7908 32410807.3506 17803757.1491 21732467.8736 22736763.0022 22799886.9246 22802159.1340 22802159.1340 8.3140 0.0061 0.0304 0.1095 0.0850 0.0095 0.0049 0.0041 0.0041 0.0041 0.0041 0.1744 0.0092 0.1152 0.3963 0.8329 1.2515 1.4225 1.4449 1.4461 1.4461 1.4461 1.4461 0.1832 0.1306 0.1033 0.0777 0.0586 0.0564 0.0563 0.0563 0.0563 0.0563 0.0937  
17545 35 0.8325 0.8097 0.1870 0.2511 9938476.5970 1828.6670 87293501.5958 10155.8620 358228.0124 8274515.5966 42962880.7489 55188206.2361 39799726.3468 20829203.4081 13340800.0372 12007125.2645 11735687.4190 11514959.1273 0.0388 0.3924 1.2946 0.5043 0.1702 0.1699 0.1087 0.0330 0.0104 0.0082 0.0079 0.0088 0.0143 0.1168 0.2527 0.3549 0.4242 0.4826 0.5057 0.5111 0.5149 0.5194 1.4702 0.1356 0.1034 0.0809 0.0751 0.0726 0.0699 0.0669 0.0660 0.0658 0.0658 0.0598  
17545 36 0.8411 0.8820 0.0607 0.1045 75333600.3450 871031.4357 221737424.6311 288695.5486 26417049795.9557 40136864007.8941 20350556392.3267 7418191129.8180 719406095.6652 203295702.4217 189272324.3311 189272324.3311 189248661.1176 189224997.9040 4178.9876 0.0990 0.1048 0.1347 0.1360 0.1377 0.1423 0.1428 0.1428 0.1428 0.1428 0.1359 0.0007 0.0052 0.0090 0.0171 0.0213 0.0216 0.0216 0.0216 0.0216 0.0216 1.4359 0.1945 0.1754 0.1341 0.1331 0.1248 0.1022 0.0999 0.0999 0.0999 0.0999 0.1338  
26305 4 1.3477 1.1851 0.0251 0.0265 16365789.6305 52069057.8056 1134000366.6019 157856.1519 1418881.9993 65650951.7307 111295991.3582 89425936.1854 87443843.4403 87409913.7535 87409913.7535 87409913.7535 87409913.7535 87409913.7535 69.4603 0.1857 0.0326 0.0253 0.0227 0.0224 0.0224 0.0224 0.0224 0.0224 0.0224 0.0226 0.0416 0.5143 1.3000 1.5275 1.5374 1.5376 1.5376 1.5376 1.5376 1.5376 1.5376 0.1130 0.0779 0.0628 0.0568 0.0563 0.0563 0.0563 0.0563 0.0563 0.0563 0.0586  
26305 12 0.9931 0.9546 0.0049 0.0057 18218378.0736 198216.3798 4014249462.3633 1060602.7028 60470301.6641 2026667124.2401 6224405291.4738 3760091792.1885 822481669.5306 361152250.6997 204136662.1671 87594569.7562 32405685.2688 15492429.9115 69.8654 0.0760 0.0035 0.0043 0.0055 0.0060 0.0064 0.0065 0.0067 0.0073 0.0082 0.0041 0.0186 0.1372 0.2786 0.3810 0.4352 0.4703 0.5138 0.5480 0.5643 0.5693 1.1640 0.1485 0.0913 0.0779 0.0734 0.0697 0.0661 0.0657 0.0654 0.0644 0.0630 0.0978  
26305 15 1.1200 1.1865 0.1435 0.3367 454360359.6466 0.0000 1835618583.7029 688379.2616 2388041133.6006 22616438963.1670 17097803000.9700 6585082163.2472 1933564279.7088 153452319.2388 23744083.9583 22278199.8431 22521238.1843 22868585.3801 1279.8090 0.2231 0.0017 0.0009 0.0121 0.1463 1.2091 2.6962 2.7439 2.7064 2.6517 0.1378 0.0038 0.0342 0.0808 0.1147 0.1548 0.1707 0.1721 0.1731 0.1761 0.1804 1.6453 0.2874 0.1965 0.1551 0.1346 0.1322 0.1243 0.1143 0.1138 0.1135 0.1132 0.1965  
26305 29 0.6938 0.8924 0.0236 0.0744 33243778.4969 748759.2548 201803236.1688 177769.6022 85592.5408 21410567.6275 282876940.5993 580154536.9452 545158788.2647 370831380.7240 240016198.2282 169437065.3993 131803469.9396 114653522.8910 83.1017 5.0961 1.1475 0.2344 0.0349 0.0100 0.0152 0.0415 0.0943 0.1678 0.2236 0.1821 0.0008 0.0082 0.0282 0.0621 0.1093 0.1664 0.2317 0.3016 0.3756 0.4292 2.5550 0.2628 0.1058 0.0864 0.0782 0.0686 0.0605 0.0537 0.0485 0.0447 0.0425 0.0707  
26305 30 1.6300 1.4420 0.0043 0.0213 37389930.2262 3469255.8358 234378911.5042 55932.7264 4277341.5525 116045811.1037 169050699.2156 90199432.9412 37595793.6680 25478730.8625 24333266.4077 24280382.0630 24278882.2613 24278882.2613 16.0022 0.0073 0.0865 0.2974 0.2418 0.0503 0.0091 0.0072 0.0071 0.0071 0.0071 0.3724 0.0092 0.1152 0.3963 0.8329 1.2515 1.4225 1.4449 1.4461 1.4461 1.4461 1.4461 0.1787 0.1298 0.0983 0.0766 0.0621 0.0568 0.0563 0.0563 0.0563 0.0563 0.0907  
26305 35 0.9170 0.9032 0.1985 0.2385 8700305.2109 3066.2074 78008779.6426 8455.1387 537693.9643 8366216.3298 31144858.1517 46856362.8877 35499163.1455 18962892.0576 12404448.2996 11232284.6147 10984645.2314 10778393.6957 0.0362 0.3884 1.2036 0.4974 0.1756 0.1707 0.1082 0.0334 0.0116 0.0095 0.0093 0.0102 0.0143 0.1168 0.2527 0.3549 0.4242 0.4826 0.5057 0.5111 0.5149 0.5194 1.4702 0.1364 0.1079 0.0806 0.0747 0.0725 0.0699 0.0669 0.0660 0.0658 0.0658 0.0598  
26305 36 0.8865 0.8829 0.0593 0.1020 130329771.1526 801009.1689 184711652.0218 242815.0362 21605712023.7204 33439882466.4893 17554166859.5028 6390788941.5257 605981999.8753 160289389.3552 148179349.7081 148179349.7081 148160824.0224 148142298.3366 3605.9894 0.0990 0.1012 0.1365 0.1378 0.1395 0.1444 0.1449 0.1449 0.1449 0.1449 0.1377 0.0007 0.0052 0.0090 0.0171 0.0213 0.0216 0.0216 0.0216 0.0216 0.0216 1.4359 0.1945 0.1746 0.1341 0.1333 0.1256 0.1024 0.0999 0.0999 0.0999 0.0999 0.1338  
35065 4 1.1634 1.1077 0.0228 0.0226 26438073.2096 11054329.8609 1300236141.0145 212745.4234 1273415.7753 54359198.1244 110169901.4257 107839229.5361 107217176.2505 107205937.6905 107205937.6905 107205937.6905 107205937.6905 107205937.6905 83.8861 0.2042 0.0328 0.0232 0.0211 0.0209 0.0209 0.0209 0.0209 0.0209 0.0209 0.0211 0.0416 0.5143 1.3000 1.5275 1.5374 1.5376 1.5376 1.5376 1.5376 1.5376 1.5376 0.1122 0.0785 0.0614 0.0565 0.0563 0.0563 0.0563 0.0563 0.0563 0.0563 0.0575  
35065 12 0.9729 0.9512 0.0028 0.0029 11435974.1750 64925.5227 4187083136.1584 1053260.2436 10163005.3754 579688676.7955 5078152227.7810 4196892845.1852 1333824625.0306 757413711.4755 431145868.8126 180938468.3046 62452590.9202 26141644.0946 10.2628 0.1571 0.0031 0.0024 0.0026 0.0028 0.0030 0.0030 0.0031 0.0032 0.0036 0.0126 0.0186 0.1372 0.2786 0.3810 0.4352 0.4703 0.5138 0.5480 0.5643 0.5693 1.1640 0.1741 0.0830 0.0746 0.0727 0.0687 0.0660 0.0658 0.0657 0.0652 0.0643 0.0931  
35065 15 1.4807 1.2225 0.0124 0.0515 80850068.7754 0.0000 2568106956.4949 771016.8110 3101022834.0602 29187638779.0587 22386872160.0922 9960522864.6153 2928885670.2544 201368531.9632 2630065.8753 399019.1807 815217.1751 1410024.1077 1694.8625 0.3533 0.0029 0.0005 0.0011 0.0088 0.1479 3.0333 5.4298 4.3877 3.5699 0.0042 0.0038 0.0342 0.0808 0.1147 0.1548 0.1707 0.1721 0.1731 0.1761 0.1804 1.6453 0.2845 0.1974 0.1542 0.1345 0.1333 0.1330 0.1240 0.1116 0.1087 0.1065 0.2027  
35065 29 0.9501 0.9314 0.0116 0.0249 20380121.2106 758313.2226 179935077.0402 123338.0415 33337.5350 9431728.6862 193037432.1681 493312410.8322 552864842.6937 380448031.6436 231670096.0124 152986375.6678 111922263.2579 93440404.5832 89.4250 6.2055 0.8696 0.0579 0.0144 0.0079 0.0113 0.0313 0.0717 0.1245 0.1645 0.0273 0.0008 0.0082 0.0282 0.0621 0.1093 0.1664 0.2317 0.3016 0.3756 0.4292 2.5550 0.3091 0.1043 0.0833 0.0759 0.0676 0.0607 0.0541 0.0489 0.0450 0.0428 0.0674  
35065 30 1.0233 1.0177 0.0034 0.0280 55912920.0577 2795462.9521 355340447.3134 91172.3542 2226597.4251 68709044.5887 127513982.3885 111143356.7198 67330686.6546 39158586.7861 34572916.1820 34306623.5680 34297379.8425 34297379.8425 14.0470 0.0143 0.1385 0.3853 0.2536 0.0609 0.0144 0.0101 0.0098 0.0098 0.0098 0.3675 0.0092 0.1152 0.3963 0.8329 1.2515 1.4225 1.4449 1.4461 1.4461 1.4461 1.4461 0.1760 0.1259 0.0930 0.0723 0.0626 0.0573 0.0563 0.0563 0.0563 0.0563 0.0846  
35065 35 0.9039 0.8943 0.1427 0.2947 8454720.9663 21861.3031 71460154.5493 7753.5337 475583.9923 7503602.9637 23028009.3435 38636757.4854 30385370.5953 16855143.0835 11471586.7998 10502231.5124 10281332.9721 10089015.3823 0.0337 0.3883 1.3210 0.6725 0.2024 0.1936 0.1196 0.0365 0.0132 0.0110 0.0107 0.0117 0.0143 0.1168 0.2527 0.3549 0.4242 0.4826 0.5057 0.5111 0.5149 0.5194 1.4702 0.1346 0.1097 0.0805 0.0744 0.0724 0.0697 0.0668 0.0660 0.0658 0.0658 0.0598  
35065 36 0.8069 0.8548 0.0587 0.1011 105183248.3381 728903.9363 153342872.1673 215248.5486 16669449411.6386 26522571841.3560 14617240248.2932 5318736953.1118 497707114.2755 126269070.1942 116176621.0793 116176621.0793 116162096.4403 116147571.8012 3003.8630 0.0987 0.1007 0.1368 0.1375 0.1388 0.1430 0.1434 0.1434 0.1434 0.1434 0.1374 0.0007 0.0052 0.0090 0.0171 0.0213 0.0216 0.0216 0.0216 0.0216 0.0216 1.4359 0.1945 0.1734 0.1341 0.1333 0.1260 0.1026 0.0999 0.0999 0.0999 0.0999 0.1338  
43825 4 1.0297 1.0253 0.0199 0.0188 21474403.5636 16042184.3170 1367347074.3395 247505.0847 837225.4237 32732414.1354 95811517.7055 116409598.4726 117400494.8205 117416227.5959 117416227.5959 117416227.5959 117416227.5959 117416227.5959 90.5292 0.1845 0.0278 0.0190 0.0177 0.0176 0.0176 0.0176 0.0176 0.0176 0.0176 0.0177 0.0416 0.5143 1.3000 1.5275 1.5374 1.5376 1.5376 1.5376 1.5376 1.5376 1.5376 0.1117 0.0776 0.0598 0.0564 0.0563 0.0563 0.0563 0.0563 0.0563 0.0563 0.0569  
43825 12 0.9612 0.9507 0.0025 0.0025 11207842.7433 47909.0511 4096259999.7279 1024697.7614 3118952.9033 283600625.8540 4059594423.3673 3829401641.8686 1610502109.7839 1034222246.0768 590906483.8179 246580244.7741 83524549.6475 33554955.8338 3.7718 0.2092 0.0036 0.0024 0.0025 0.0027 0.0028 0.0028 0.0028 0.0029 0.0032 0.0206 0.0186 0.1372 0.2786 0.3810 0.4352 0.4703 0.5138 0.5480 0.5643 0.5693 1.1640 0.1826 0.0779 0.0735 0.0720 0.0678 0.0660 0.0659 0.0658 0.0655 0.0649 0.0831  
43825 15 1.4317 1.0272 0.0077 0.0129 31937859.2315 0.0000 3202747237.4244 1141621.3804 1385576993.0682 23863206429.4203 24886990276.2462 15366066336.5744 4593235189.2053 316287582.8920 4621236.8351 954135.4333 1114583.3405 1343886.9062 1286.8782 0.2846 0.0008 0.0002 0.0004 0.0024 0.0419 2.3202 7.4477 6.0789 4.9273 0.0043 0.0038 0.0342 0.0808 0.1147 0.1548 0.1707 0.1721 0.1731 0.1761 0.1804 1.6453 0.2739 0.1891 0.1515 0.1341 0.1333 0.1333 0.1298 0.1114 0.1082 0.1059 0.2028  
43825 29 0.9498 0.9281 0.0132 0.0202 25935022.9126 955672.6912 153833293.1734 117187.8406 29363.9827 5513767.1380 126872198.4905 418934854.5107 552482051.9977 381953862.1566 218491841.3390 132734884.5540 88554905.7226 69082821.8799 95.2626 6.3662 1.0499 0.0372 0.0171 0.0102 0.0155 0.0452 0.1077 0.1936 0.2612 0.0093 0.0008 0.0082 0.0282 0.0621 0.1093 0.1664 0.2317 0.3016 0.3756 0.4292 2.5550 0.3151 0.1098 0.0818 0.0735 0.0668 0.0610 0.0546 0.0492 0.0453 0.0430 0.0671  
43825 30 1.1596 0.9293 0.0231 0.0403 87547196.1924 51809.3727 446409816.8854 93298.6383 2503015.3412 47148581.2676 49053046.9559 74105895.3634 72934383.5367 53737944.0898 49925061.3286 49693163.1370 49684933.8255 49684933.8255 7.5474 0.0394 0.4897 1.1661 0.4008 0.0776 0.0263 0.0195 0.0191 0.0190 0.0190 0.9030 0.0092 0.1152 0.3963 0.8329 1.2515 1.4225 1.4449 1.4461 1.4461 1.4461 1.4461 0.1758 0.1309 0.0939 0.0692 0.0613 0.0571 0.0563 0.0563 0.0563 0.0563 0.0804  
43825 35 0.9374 0.9286 0.1393 0.3655 7753201.5436 52979.5270 62664385.5027 7008.0433 738092.1164 11392244.7161 18503665.5546 32214690.4490 25989633.5753 14983684.1772 10595242.9368 9798210.4572 9601236.8085 9422384.2527 0.0314 0.3492 1.1953 0.9195 0.2238 0.2067 0.1237 0.0366 0.0134 0.0112 0.0110 0.0119 0.0143 0.1168 0.2527 0.3549 0.4242 0.4826 0.5057 0.5111 0.5149 0.5194 1.4702 0.1327 0.1117 0.0814 0.0743 0.0723 0.0695 0.0667 0.0660 0.0658 0.0658 0.0598  
43825 36 0.8260 0.8828 0.0585 0.1006 79956611.3211 761657.7561 127466410.5423 173675.7991 14133083100.0263 22273259240.7943 12074899666.2676 4390079307.8993 406403232.6287 99479421.7497 91139906.4564 91139906.4564 91128511.9586 91117117.4609 2481.2316 0.0986 0.1004 0.1354 0.1365 0.1379 0.1423 0.1428 0.1428 0.1428 0.1428 0.1364 0.0007 0.0052 0.0090 0.0171 0.0213 0.0216 0.0216 0.0216 0.0216 0.0216 1.4359 0.1945 0.1736 0.1341 0.1334 0.1263 0.1027 0.0999 0.0999 0.0999 0.0999 0.1338  
52609 4 1.0337 1.0193 0.0175 0.0167 20000033.2407 14594258.1064 1402152269.5193 254843.8726 747810.8163 29819926.6037 94012870.3159 120407217.3355 121914049.5164 121938688.6583 121938688.6583 121938688.6583 121938688.6583 121938688.6583 93.8031 0.1670 0.0265 0.0171 0.0158 0.0158 0.0157 0.0157 0.0157 0.0157 0.0157 0.0158 0.0416 0.5143 1.3000 1.5275 1.5374 1.5376 1.5376 1.5376 1.5376 1.5376 1.5376 0.1110 0.0783 0.0593 0.0564 0.0563 0.0563 0.0563 0.0563 0.0563 0.0563 0.0568  
52609 12 0.9657 0.9525 0.0025 0.0025 11071874.6186 59191.6342 3969853073.1873 984898.9411 7049573.1685 209003524.4406 3147459337.3638 3333112133.3592 1832520481.3646 1277463991.5240 731605372.1799 304378516.9976 102065376.2544 40065139.9245 3.6528 0.2102 0.0061 0.0024 0.0025 0.0027 0.0028 0.0028 0.0028 0.0029 0.0031 0.0389 0.0186 0.1372 0.2786 0.3810 0.4352 0.4703 0.5138 0.5480 0.5643 0.5693 1.1640 0.1920 0.0778 0.0732 0.0714 0.0672 0.0659 0.0659 0.0658 0.0656 0.0651 0.0854  
52609 15 1.1859 0.9736 0.0080 0.0136 51860742.2916 0.0000 3525573330.7171 1634489.7425 807437153.7845 17329708921.9953 24894956041.9641 18706414396.1240 5633943541.0962 388766754.8393 6533770.3063 1976477.8353 1998091.9126 2028982.4649 775.0624 0.4073 0.0008 0.0002 0.0004 0.0029 0.0512 2.4111 5.7638 5.5219 5.1996 0.0098 0.0038 0.0342 0.0808 0.1147 0.1548 0.1707 0.1721 0.1731 0.1761 0.1804 1.6453 0.2752 0.1843 0.1486 0.1339 0.1333 0.1332 0.1276 0.1135 0.1125 0.1113 0.2027  
52609 29 0.9368 0.9247 0.0173 0.0263 25812257.2866 966338.4404 128225848.3159 111310.2921 38394.5198 3061502.4621 81119689.1688 358948882.7143 537117726.2655 374351999.2331 203400747.6448 112118401.0794 66338810.7135 47204369.6805 96.1368 6.2935 1.5439 0.0571 0.0195 0.0114 0.0183 0.0556 0.1367 0.2491 0.3403 0.0090 0.0008 0.0082 0.0282 0.0621 0.1093 0.1664 0.2317 0.3016 0.3756 0.4292 2.5550 0.3205 0.1201 0.0803 0.0713 0.0662 0.0612 0.0550 0.0498 0.0458 0.0435 0.0671  
52609 30 1.0940 0.9530 0.0197 0.0346 77122755.9908 57949.6165 472849098.2066 108190.4711 2700620.7698 42220917.5514 28042476.7400 33238541.1102 56025633.0409 60670708.2249 60634590.1616 60615057.8504 60613680.0007 60613680.0007 2.8797 0.0487 0.7015 1.7963 0.5042 0.0598 0.0237 0.0192 0.0190 0.0189 0.0189 1.7432 0.0092 0.1152 0.3963 0.8329 1.2515 1.4225 1.4449 1.4461 1.4461 1.4461 1.4461 0.1770 0.1346 0.1020 0.0667 0.0592 0.0568 0.0563 0.0563 0.0563 0.0563 0.0835  
52609 35 0.9079 0.9063 0.1353 0.3937 7007719.9707 78075.6125 52560163.5752 6569.0170 767925.0420 11512383.2228 15489722.0329 25866005.6352 21216745.2218 13006425.5610 9729496.2737 9124389.7110 8952681.9126 8786961.4499 0.0292 0.3142 1.0967 0.9860 0.2425 0.2233 0.1275 0.0373 0.0148 0.0127 0.0124 0.0132 0.0143 0.1168 0.2527 0.3549 0.4242 0.4826 0.5057 0.5111 0.5149 0.5194 1.4702 0.1324 0.1117 0.0821 0.0743 0.0721 0.0692 0.0666 0.0659 0.0658 0.0658 0.0598  
52609 36 0.8511 0.9048 0.0562 0.0964 67201945.5131 550695.3411 107911145.1251 143458.7980 12474758398.6615 19400624301.8710 10272221206.0224 3730462023.6895 340201994.8690 78998144.6890 71900898.6609 71900898.6609 71891909.4634 71882920.2658 2110.5768 0.0930 0.0950 0.1292 0.1307 0.1320 0.1367 0.1373 0.1373 0.1373 0.1373 0.1306 0.0007 0.0052 0.0090 0.0171 0.0213 0.0216 0.0216 0.0216 0.0216 0.0216 1.4359 0.1945 0.1743 0.1341 0.1334 0.1267 0.1029 0.0999 0.0999 0.0999 0.0999 0.1338  
61369 4 1.0023 1.0016 0.0171 0.0160 19720022.8371 14894795.1460 1417023840.7127 263443.9184 524540.4223 23730228.5325 90454696.9973 121820567.1391 123687527.5015 123718200.6429 123718200.6429 123718200.6429 123718200.6429 123718200.6429 94.8827 0.1577 0.0242 0.0163 0.0156 0.0156 0.0156 0.0156 0.0156 0.0156 0.0156 0.0156 0.0416 0.5143 1.3000 1.5275 1.5374 1.5376 1.5376 1.5376 1.5376 1.5376 1.5376 0.1103 0.0772 0.0588 0.0564 0.0563 0.0563 0.0563 0.0563 0.0563 0.0563 0.0566  
61369 12 0.9476 0.9522 0.0026 0.0026 11133899.1198 48522.9212 3813049525.6032 951147.1722 4208309.4509 162344408.7810 2482751984.7005 2923744588.7793 1945556190.8327 1416881480.5837 812413972.1063 337504562.6644 112611440.2609 43691460.8821 3.1865 0.2126 0.0060 0.0025 0.0026 0.0028 0.0029 0.0029 0.0029 0.0030 0.0031 0.0319 0.0186 0.1372 0.2786 0.3810 0.4352 0.4703 0.5138 0.5480 0.5643 0.5693 1.1640 0.1838 0.0781 0.0731 0.0707 0.0668 0.0659 0.0659 0.0658 0.0657 0.0652 0.0831  
61369 15 1.1182 0.9936 0.0077 0.0150 70375688.8895 0.0000 3753494500.1322 1938375.3028 887052462.9359 14858032921.0351 23154877016.9218 21329392649.4053 6466131076.0590 446699389.2500 8039347.8729 2783311.4953 2732155.0969 2659046.5612 812.6799 0.4795 0.0012 0.0001 0.0004 0.0032 0.0566 2.3637 4.8225 4.7687 4.6887 0.0129 0.0038 0.0342 0.0808 0.1147 0.1548 0.1707 0.1721 0.1731 0.1761 0.1804 1.6453 0.2823 0.1878 0.1455 0.1337 0.1333 0.1332 0.1262 0.1138 0.1135 0.1131 0.2026  
61369 29 0.8654 0.9188 0.0262 0.0403 25141149.3077 718563.9175 104303006.5371 104277.0623 25793.3294 1335410.0297 48635261.5548 308586384.5955 511441941.7685 359381443.9541 185640981.0622 90790222.2907 45900673.7058 28825842.6474 93.7002 6.4240 1.8774 0.0986 0.0285 0.0140 0.0224 0.0711 0.1809 0.3307 0.4539 0.0094 0.0008 0.0082 0.0282 0.0621 0.1093 0.1664 0.2317 0.3016 0.3756 0.4292 2.5550 0.3280 0.1247 0.0776 0.0693 0.0658 0.0613 0.0555 0.0504 0.0465 0.0441 0.0671  
61369 30 0.9962 0.9421 0.0171 0.0296 62107436.5279 48380.3110 462277666.9051 118355.2758 1957385.2723 33573765.7338 18127370.4532 17518714.9818 43365900.0593 60355607.1853 63006334.8352 63157002.2298 63162076.2042 63162076.2042 1.4759 0.0561 0.7623 2.0835 0.6996 0.0481 0.0208 0.0190 0.0189 0.0189 0.0189 2.4924 0.0092 0.1152 0.3963 0.8329 1.2515 1.4225 1.4449 1.4461 1.4461 1.4461 1.4461 0.1743 0.1350 0.1058 0.0668 0.0577 0.0565 0.0563 0.0563 0.0563 0.0563 0.0888  
61369 35 0.8207 0.8701 0.1313 0.4019 6568766.9929 77714.5089 49217426.9448 5963.8945 643544.1119 8728670.3415 11481610.5106 19543685.3830 16654849.3049 11111038.6789 8890627.4766 8468048.7721 8320632.3956 8167755.8652 0.0270 0.3179 0.9992 0.9217 0.2853 0.2623 0.1398 0.0401 0.0171 0.0150 0.0148 0.0156 0.0143 0.1168 0.2527 0.3549 0.4242 0.4826 0.5057 0.5111 0.5149 0.5194 1.4702 0.1348 0.1116 0.0818 0.0742 0.0719 0.0688 0.0665 0.0659 0.0658 0.0658 0.0598  
61369 36 0.8339 0.8778 0.0557 0.0954 58103805.5732 530058.4188 92045545.8937 122095.6563 9983537077.3150 15982333556.0141 8898141135.9868 3229016510.7405 289383766.1674 62898663.2090 56744769.4436 56744769.4436 56737675.0963 56730580.7490 1829.0087 0.0928 0.0951 0.1291 0.1301 0.1314 0.1362 0.1369 0.1369 0.1369 0.1369 0.1300 0.0007 0.0052 0.0090 0.0171 0.0213 0.0216 0.0216 0.0216 0.0216 0.0216 1.4359 0.1945 0.1734 0.1341 0.1334 0.1271 0.1031 0.0999 0.0999 0.0999 0.0999 0.1338  
70129 4 1.0272 1.0167 0.0160 0.0153 19254579.5177 13814514.4255 1450072792.3318 264058.5124 728984.1035 28942475.6439 93772657.4081 123933728.6180 125784384.5678 125814966.5169 125814966.5169 125814966.5169 125814966.5169 125814966.5169 96.7396 0.1476 0.0247 0.0157 0.0147 0.0147 0.0147 0.0147 0.0147 0.0147 0.0147 0.0147 0.0416 0.5143 1.3000 1.5275 1.5374 1.5376 1.5376 1.5376 1.5376 1.5376 1.5376 0.1104 0.0787 0.0591 0.0564 0.0563 0.0563 0.0563 0.0563 0.0563 0.0563 0.0567  
70129 12 0.9543 0.9558 0.0027 0.0026 10934886.8865 73375.4762 3631838196.3879 901301.5399 12816830.6617 160306881.6919 2011440945.8240 2601606347.1296 1977398923.4975 1476560217.2079 847189334.3646 351668989.6459 117015612.5730 45104564.9606 5.1610 0.1821 0.0107 0.0025 0.0027 0.0029 0.0029 0.0029 0.0029 0.0030 0.0031 0.0429 0.0186 0.1372 0.2786 0.3810 0.4352 0.4703 0.5138 0.5480 0.5643 0.5693 1.1640 0.1890 0.0837 0.0730 0.0702 0.0666 0.0659 0.0659 0.0658 0.0657 0.0653 0.0972  
70129 15 1.0474 0.9803 0.0095 0.0182 96598202.7706 0.0000 3793532968.8398 2167432.7594 860350781.0761 12138336512.4007 22452849626.5196 22495700845.6791 6836175120.0779 473809737.6218 10154254.2967 4573349.6147 4445077.9803 4261761.5324 639.6722 0.5455 0.0014 0.0001 0.0004 0.0038 0.0692 2.4967 4.4516 4.4370 4.4147 0.0198 0.0038 0.0342 0.0808 0.1147 0.1548 0.1707 0.1721 0.1731 0.1761 0.1804 1.6453 0.2854 0.1894 0.1431 0.1336 0.1333 0.1331 0.1248 0.1138 0.1138 0.1136 0.2025  
70129 29 0.5970 0.9127 0.0630 0.0711 22888451.9643 532089.4889 83102948.7625 90236.7217 18172.1200 403185.4074 29774466.2074 266513369.5101 472910924.3996 337081514.6844 166495987.8684 70048764.8231 28627424.2300 15253703.1678 87.2124 6.3870 2.6455 0.2029 0.0418 0.0174 0.0272 0.0881 0.2365 0.4407 0.6015 0.0101 0.0008 0.0082 0.0282 0.0621 0.1093 0.1664 0.2317 0.3016 0.3756 0.4292 2.5550 0.3322 0.1321 0.0737 0.0679 0.0655 0.0613 0.0560 0.0513 0.0474 0.0450 0.0671  
70129 30 1.0069 1.2408 0.0291 0.0315 86683356.5904 56327.1946 451986799.1711 117901.4377 4744907.7450 98309092.5615 95892034.3053 38414871.1064 42937197.9402 57980322.0436 60731476.6122 60895037.1648 60900760.9459 60900760.9459 9.1335 0.0310 0.3832 1.1110 0.8657 0.0561 0.0199 0.0189 0.0188 0.0188 0.0188 1.4738 0.0092 0.1152 0.3963 0.8329 1.2515 1.4225 1.4449 1.4461 1.4461 1.4461 1.4461 0.1784 0.1327 0.1047 0.0757 0.0578 0.0564 0.0563 0.0563 0.0563 0.0563 0.0937  
70129 35 0.8488 0.9580 0.1771 0.4985 5963581.4022 71690.5922 50383314.1277 4894.4609 1116156.9628 14670755.8623 11488925.5426 15100225.0954 12857585.6557 9467748.6290 8112085.2284 7839462.7615 7713211.4206 7572518.8022 0.0250 0.2808 0.9547 1.2492 0.3343 0.2855 0.1410 0.0400 0.0186 0.0166 0.0164 0.0172 0.0143 0.1168 0.2527 0.3549 0.4242 0.4826 0.5057 0.5111 0.5149 0.5194 1.4702 0.1349 0.1126 0.0844 0.0746 0.0716 0.0684 0.0664 0.0659 0.0658 0.0658 0.0598  
70129 36 0.8408 0.8849 0.0553 0.0951 50167474.2436 365735.6213 77141151.1953 101816.3566 8246297874.0655 13380057837.6999 7615163508.7507 2761428274.6993 244015676.6136 50060682.4320 44790673.2357 44790673.2357 44785073.4140 44779473.5923 1565.6053 0.0926 0.0950 0.1286 0.1297 0.1309 0.1360 0.1367 0.1367 0.1367 0.1367 0.1297 0.0007 0.0052 0.0090 0.0171 0.0213 0.0216 0.0216 0.0216 0.0216 0.0216 1.4359 0.1945 0.1727 0.1341 0.1334 0.1276 0.1034 0.0998 0.0998 0.0998 0.0998 0.1338  
78889 4 1.0395 1.0256 0.0161 0.0153 20045182.8020 14531111.8933 1485437051.0639 271252.2485 811116.7567 33405516.1251 99106570.4844 127862721.7132 129625639.5443 129654804.7442 129654804.7442 129654804.7442 129654804.7442 129654804.7442 99.8427 0.1487 0.0244 0.0157 0.0149 0.0148 0.0148 0.0148 0.0148 0.0148 0.0148 0.0149 0.0416 0.5143 1.3000 1.5275 1.5374 1.5376 1.5376 1.5376 1.5376 1.5376 1.5376 0.1106 0.0790 0.0594 0.0564 0.0563 0.0563 0.0563 0.0563 0.0563 0.0563 0.0568  
78889 12 0.9421 0.9555 0.0029 0.0027 11009766.4906 71803.9314 3451634069.6105 860104.9328 12294435.9453 148209278.2286 1682523652.3291 2348441824.0489 1956124911.1888 1482914523.4371 851164628.3962 353149320.0839 117314480.7510 45041382.0754 5.3524 0.1768 0.0107 0.0026 0.0029 0.0031 0.0031 0.0031 0.0031 0.0032 0.0033 0.0340 0.0186 0.1372 0.2786 0.3810 0.4352 0.4703 0.5138 0.5480 0.5643 0.5693 1.1640 0.1826 0.0863 0.0729 0.0698 0.0665 0.0659 0.0659 0.0658 0.0657 0.0654 0.0980  
78889 15 0.9849 0.9393 0.0120 0.0223 121165363.4329 0.0000 3683654480.9472 2270250.2759 368171252.8493 8156705046.9241 21738663985.5808 22188529054.0806 6746638539.5253 469430474.8954 11976565.5207 6446363.5105 6249783.5582 5968845.5887 258.3514 0.4837 0.0009 0.0002 0.0005 0.0047 0.0847 2.6367 4.2652 4.2603 4.2528 0.0540 0.0038 0.0342 0.0808 0.1147 0.1548 0.1707 0.1721 0.1731 0.1761 0.1804 1.6453 0.2796 0.1812 0.1424 0.1335 0.1333 0.1331 0.1235 0.1139 0.1138 0.1138 0.2020  
78889 29 1.2487 0.9197 0.0289 0.0662 16346151.0521 421756.5708 67670319.2075 53869.8372 17340.9992 71050.0090 21539464.7716 236967928.7493 434137271.2310 312023026.9361 148069248.0622 53446562.2048 17025369.2567 7530752.4972 80.0391 6.4900 4.6109 0.1896 0.0322 0.0160 0.0262 0.0835 0.2424 0.4904 0.6749 0.0108 0.0008 0.0082 0.0282 0.0621 0.1093 0.1664 0.2317 0.3016 0.3756 0.4292 2.5550 0.3263 0.1635 0.0695 0.0669 0.0653 0.0613 0.0565 0.0525 0.0486 0.0461 0.0671  
78889 30 1.0071 0.9186 0.0275 0.0384 86863789.1956 64148.7817 471512233.4262 118714.0392 2612106.5625 52001325.9394 54012589.8404 52719610.2461 56929581.8977 59112607.9103 59453703.0602 59473316.2125 59473959.4678 59473959.4678 5.9049 0.0351 0.4290 1.1745 0.6415 0.0760 0.0214 0.0191 0.0190 0.0190 0.0190 1.2069 0.0092 0.1152 0.3963 0.8329 1.2515 1.4225 1.4449 1.4461 1.4461 1.4461 1.4461 0.1749 0.1297 0.0966 0.0726 0.0593 0.0565 0.0563 0.0563 0.0563 0.0563 0.0881  
78889 35 0.8398 0.9897 0.2131 0.5733 4894268.7432 131224.7155 38947459.8403 4154.2136 1401236.8656 16961880.3385 12757898.8524 14208008.9105 11637582.0589 8670471.1778 7491884.1125 7252528.6616 7136889.5317 7006890.8782 0.0232 0.3656 1.1959 1.6217 0.3189 0.2472 0.1177 0.0343 0.0177 0.0161 0.0160 0.0168 0.0143 0.1168 0.2527 0.3549 0.4242 0.4826 0.5057 0.5111 0.5149 0.5194 1.4702 0.1363 0.1128 0.0860 0.0753 0.0715 0.0682 0.0663 0.0659 0.0658 0.0658 0.0598  
78889 36 0.8210 0.8657 0.0549 0.0951 32513584.3357 356257.3090 65413663.1751 85602.1331 6551722097.4327 10836160954.5155 6355712836.5118 2303868576.9339 201711876.5998 39750428.1353 35349724.7974 35349724.7974 35345305.3024 35340885.8075 1306.9742 0.0928 0.0951 0.1294 0.1302 0.1313 0.1361 0.1369 0.1369 0.1369 0.1369 0.1301 0.0007 0.0052 0.0090 0.0171 0.0213 0.0216 0.0216 0.0216 0.0216 0.0216 1.4359 0.1945 0.1718 0.1340 0.1334 0.1279 0.1036 0.0999 0.0999 0.0999 0.0999 0.1338  
87673 4 0.9840 0.9903 0.0153 0.0146 19054928.8883 14304437.7350 1482309505.6101 281957.0362 367022.1621 20008774.4670 91455216.2208 128476019.5321 130698487.0426 130734963.0002 130734963.0002 130734963.0002 130734963.0002 130734963.0002 100.1341 0.1656 0.0216 0.0146 0.0143 0.0143 0.0143 0.0143 0.0143 0.0143 0.0143 0.0144 0.0416 0.5143 1.3000 1.5275 1.5374 1.5376 1.5376 1.5376 1.5376 1.5376 1.5376 0.1105 0.0761 0.0584 0.0563 0.0563 0.0563 0.0563 0.0563 0.0563 0.0563 0.0566  
87673 12 0.9528 0.9573 0.0030 0.0028 10882573.9615 79780.2868 3300862255.4234 810338.2876 15731097.0920 141355534.6562 1331731091.3613 2096564444.9191 1961552569.6921 1512532482.2406 868533709.6058 360159608.1920 119419399.2361 45643036.7170 5.5676 0.1913 0.0127 0.0026 0.0030 0.0032 0.0032 0.0032 0.0032 0.0033 0.0034 0.0374 0.0186 0.1372 0.2786 0.3810 0.4352 0.4703 0.5138 0.5480 0.5643 0.5693 1.1640 0.1821 0.0902 0.0728 0.0693 0.0663 0.0659 0.0659 0.0658 0.0657 0.0654 0.1009  
87673 15 0.9710 0.9816 0.0087 0.0200 103960043.7026 0.0000 3575932615.6384 2235966.8613 660684169.4575 8045019462.4597 20803069873.0900 21587974776.8328 6565120690.6317 454446102.8569 9132938.3557 3775227.4996 3659084.2409 3493100.6094 276.5964 0.5297 0.0018 0.0001 0.0004 0.0041 0.0750 2.5355 4.3181 4.3157 4.3119 0.0408 0.0038 0.0342 0.0808 0.1147 0.1548 0.1707 0.1721 0.1731 0.1761 0.1804 1.6453 0.2893 0.1860 0.1419 0.1335 0.1333 0.1331 0.1242 0.1139 0.1139 0.1138 0.2020  
87673 29 0.7142 0.9084 0.0392 0.0617 21199848.9424 331880.6038 52951416.3560 67268.4431 27083.3542 62082.6822 18791346.9479 211948106.2894 390414340.5061 280254882.8369 126023652.5173 36542467.2886 7009092.7531 1963830.3660 71.8039 6.3716 5.1420 0.1325 0.0269 0.0309 0.0559 0.1332 0.3618 0.8692 1.3242 0.0240 0.0008 0.0082 0.0282 0.0621 0.1093 0.1664 0.2317 0.3016 0.3756 0.4292 2.5550 0.3246 0.1772 0.0691 0.0667 0.0652 0.0613 0.0572 0.0542 0.0509 0.0481 0.0671  
87673 30 1.0317 0.9608 0.0218 0.0340 73973446.5423 58964.3324 484828466.4006 119556.4239 2872914.1366 48412496.9554 32198711.9389 34725002.8086 56924623.8246 62234409.0026 62328169.6483 62316262.0498 62315123.5980 62315123.5980 3.1417 0.0408 0.5509 1.5749 0.5578 0.0600 0.0222 0.0190 0.0188 0.0188 0.0188 1.6610 0.0092 0.1152 0.3963 0.8329 1.2515 1.4225 1.4449 1.4461 1.4461 1.4461 1.4461 0.1759 0.1339 0.1012 0.0681 0.0589 0.0566 0.0563 0.0563 0.0563 0.0563 0.0860  
87673 35 1.1170 0.8137 0.1577 0.4997 4153996.5566 151829.3168 34537871.2264 3488.7972 401765.8486 5324299.7932 8157840.2195 11731049.8554 10272195.2238 7865149.9848 6898605.9195 6698207.4967 6593292.4854 6473516.6211 0.0215 0.3738 1.4497 1.3067 0.3011 0.2597 0.1189 0.0346 0.0180 0.0165 0.0163 0.0170 0.0143 0.1168 0.2527 0.3549 0.4242 0.4826 0.5057 0.5111 0.5149 0.5194 1.4702 0.1348 0.1115 0.0833 0.0748 0.0714 0.0681 0.0663 0.0659 0.0658 0.0658 0.0598  
87673 36 0.8650 0.9282 0.0552 0.0948 1033158.2577 278165.8038 54789229.6646 70278.5618 6182482643.6758 9852083074.2151 5442348985.1550 1970490181.3660 170353248.6243 31661025.9201 27892577.3268 27892577.3268 27889090.1396 27885602.9525 1118.7602 0.0924 0.0947 0.1269 0.1285 0.1299 0.1361 0.1371 0.1371 0.1371 0.1371 0.1284 0.0007 0.0052 0.0090 0.0171 0.0213 0.0216 0.0216 0.0216 0.0216 0.0216 1.4359 0.1945 0.1734 0.1341 0.1335 0.1283 0.1038 0.0998 0.0998 0.0998 0.0998 0.1338  
96433 4 0.9932 1.0007 0.0153 0.0143 18871851.2264 13764851.8036 1475332148.4236 277441.8954 473830.5086 21942276.4326 92857654.9548 128236085.1708 130344734.8104 130379332.3351 130379332.3351 130379332.3351 130379332.3351 130379332.3351 99.9330 0.1837 0.0229 0.0145 0.0141 0.0141 0.0141 0.0141 0.0141 0.0141 0.0141 0.0141 0.0416 0.5143 1.3000 1.5275 1.5374 1.5376 1.5376 1.5376 1.5376 1.5376 1.5376 0.1121 0.0773 0.0585 0.0563 0.0563 0.0563 0.0563 0.0563 0.0563 0.0563 0.0566  
96433 12 0.9459 0.9627 0.0031 0.0029 11011246.3758 99504.2778 3165269133.2224 772115.6274 31039315.4079 168900432.4665 999346035.2725 1857314162.8451 1975385208.1684 1548308648.2069 889432600.4185 368633549.3126 122009543.7008 46430072.1808 8.5648 0.1503 0.0118 0.0027 0.0032 0.0033 0.0033 0.0034 0.0034 0.0034 0.0035 0.0241 0.0186 0.1372 0.2786 0.3810 0.4352 0.4703 0.5138 0.5480 0.5643 0.5693 1.1640 0.1822 0.0980 0.0727 0.0687 0.0662 0.0659 0.0659 0.0659 0.0657 0.0654 0.1095  
96433 15 0.9814 0.9733 0.0092 0.0175 88455889.0256 0.0000 3483907822.6756 2171139.1376 1006168231.6076 7114120658.5384 19637467213.8377 21239219770.1920 6465989898.2240 448052100.4611 9496041.0247 4213672.9460 4081879.0938 3893528.7214 235.8957 0.4392 0.0019 0.0001 0.0004 0.0036 0.0655 2.4238 4.4096 4.4082 4.4061 0.0483 0.0038 0.0342 0.0808 0.1147 0.1548 0.1707 0.1721 0.1731 0.1761 0.1804 1.6453 0.2906 0.1879 0.1412 0.1335 0.1333 0.1332 0.1250 0.1139 0.1139 0.1139 0.2020  
96433 29 0.6459 0.9271 0.0283 0.0474 10175520.7207 113741.8334 46297860.5845 48042.7703 18189.4046 34668.4779 16790363.4866 189984581.8676 351885880.6472 255276916.4694 113872364.4348 30317310.5820 4168370.4185 674535.9924 64.2918 6.4893 5.3487 0.0941 0.0231 0.0275 0.0427 0.0765 0.1762 0.5227 1.0901 0.0225 0.0008 0.0082 0.0282 0.0621 0.1093 0.1664 0.2317 0.3016 0.3756 0.4292 2.5550 0.3280 0.1800 0.0685 0.0667 0.0651 0.0613 0.0575 0.0556 0.0544 0.0526 0.0671  
96433 30 0.9991 0.9699 0.0185 0.0305 65379554.9886 59235.7992 476028802.6574 123349.2318 3122826.4292 51615400.5353 24594872.0160 20326302.0287 45847156.9968 62030121.2491 64481105.3251 64618547.3300 64623087.7643 64623087.7643 1.8678 0.0427 0.5642 1.8108 0.7139 0.0509 0.0209 0.0189 0.0188 0.0188 0.0188 2.2886 0.0092 0.1152 0.3963 0.8329 1.2515 1.4225 1.4449 1.4461 1.4461 1.4461 1.4461 0.1735 0.1356 0.1063 0.0676 0.0579 0.0565 0.0563 0.0563 0.0563 0.0563 0.0893  
96433 35 0.8206 0.9332 0.1595 0.5130 3488672.7427 213153.8623 31562807.6576 3897.1378 450341.1328 6286352.4399 6899712.9333 9757900.7102 8776040.8318 7037361.8972 6335770.3808 6183128.6067 6089217.2261 5979079.2391 0.0199 0.3421 1.2827 1.4172 0.2765 0.2491 0.1113 0.0323 0.0170 0.0156 0.0155 0.0160 0.0143 0.1168 0.2527 0.3549 0.4242 0.4826 0.5057 0.5111 0.5149 0.5194 1.4702 0.1334 0.1126 0.0840 0.0746 0.0712 0.0680 0.0662 0.0659 0.0658 0.0658 0.0598  
96433 36 0.6377 0.8874 0.0165 0.0493 757506.5501 248633.5677 49711454.3372 60788.6016 4887710502.3823 8193185105.3051 4903381325.0165 1775183030.9521 151896778.3189 26830082.2917 23431856.7391 23431856.7391 23428927.2404 23425997.7417 1008.5322 0.0319 0.0341 0.0685 0.0691 0.0699 0.0739 0.0746 0.0746 0.0746 0.0746 0.0690 0.0007 0.0052 0.0090 0.0171 0.0213 0.0216 0.0216 0.0216 0.0216 0.0216 1.4359 0.1942 0.1712 0.1337 0.1332 0.1283 0.1039 0.0996 0.0996 0.0996 0.0996 0.1335  
