8761 4 0.8128 0.7965 0.1646 0.2014 24514938.3517 23105690.7860 227475064.8056 28691.9664 552537.5230 30200415.8313 35090664.1582 12334352.7188 10712289.2316 10685173.1961 10685173.1961 10685173.1961 10685173.1961 10685173.1961 9.6788 0.4927 0.2549 0.2325 0.2206 0.2175 0.2174 0.2174 0.2174 0.2174 0.2174 0.2255 0.0416 0.5143 1.3000 1.5275 1.5374 1.5376 1.5376 1.5376 1.5376 1.5376 1.5376 0.1122 0.0798 0.0662 0.0578 0.0563 0.0563 0.0563 0.0563 0.0563 0.0563 0.0644  
8761 12 1.5861 0.6935 0.0176 0.0307 16813234.9375 4471502.2467 1236812591.1273 41881.1270 845036867.7068 3963021203.4330 1613639192.4303 367017525.2586 95403214.4442 54601816.5793 33805042.3646 17938436.6137 10424212.1925 8121070.2683 278.1211 0.5605 0.0194 0.0275 0.0416 0.0464 0.0477 0.0487 0.0511 0.0545 0.0566 0.0145 0.0186 0.1372 0.2786 0.3810 0.4352 0.4703 0.5138 0.5480 0.5643 0.5693 1.1640 0.1868 0.1142 0.0848 0.0731 0.0675 0.0657 0.0651 0.0638 0.0620 0.0608 0.1171  
8761 15 0.7693 0.6283 0.2017 0.1813 592736275.5914 0.0000 1663674629.7755 462058.3644 1209470091.6262 11984575410.2415 8492004506.9089 3302976414.2090 1576295355.4497 928656293.7805 880047014.1371 871484006.0679 848139207.0087 814776544.2679 1217.5052 1.0748 0.0091 0.0033 0.0380 0.2518 0.4622 0.4853 0.4858 0.4866 0.4877 0.2235 0.0038 0.0342 0.0808 0.1147 0.1548 0.1707 0.1721 0.1731 0.1761 0.1804 1.6453 0.2776 0.2012 0.1546 0.1329 0.1232 0.1148 0.1139 0.1139 0.1138 0.1137 0.1619  
8761 29 0.7509 0.6599 0.0586 0.1201 74013969.6610 112133359.3623 255950371.9471 96108.7327 2388305.8875 319827846.3643 807962126.9598 725057140.3022 496140519.9740 341009447.1119 253448387.4795 206489803.3762 183100902.9922 173460269.0454 147.3647 4.9737 1.3424 0.2790 0.0811 0.0553 0.0852 0.1957 0.3235 0.3991 0.4325 0.1592 0.0008 0.0082 0.0282 0.0621 0.1093 0.1664 0.2317 0.3016 0.3756 0.4292 2.5550 0.1646 0.1192 0.1036 0.0844 0.0695 0.0596 0.0526 0.0477 0.0442 0.0421 0.0970  
8761 30 0.1371 0.8863 0.0192 0.0392 21575360.3559 43736.4099 167011424.6593 4287.6478 25.0054 3876.9487 1116088.8531 10541464.7597 20197771.2862 21301107.8497 21152930.0758 21137542.7169 21136769.8218 21136769.8218 0.5434 1.1914 3.6654 0.8815 0.2153 0.0687 0.0316 0.0251 0.0247 0.0247 0.0247 0.2982 0.0092 0.1152 0.3963 0.8329 1.2515 1.4225 1.4449 1.4461 1.4461 1.4461 1.4461 0.1304 0.0896 0.0686 0.0638 0.0596 0.0568 0.0563 0.0563 0.0563 0.0563 0.0663  
8761 35 0.9669 0.4562 0.2760 0.5625 12269485.6490 2184060.4119 108171013.5659 12139.0516 3478201.4514 40631105.9382 60358813.7013 66100041.4718 45521688.0407 23176781.9807 14393895.2679 12836686.5830 12535359.5642 12298712.0736 0.0416 0.5751 1.8581 1.7703 0.2494 0.1904 0.1336 0.0659 0.0460 0.0441 0.0439 0.0466 0.0143 0.1168 0.2527 0.3549 0.4242 0.4826 0.5057 0.5111 0.5149 0.5194 1.4702 0.1349 0.1125 0.0838 0.0757 0.0726 0.0699 0.0669 0.0660 0.0658 0.0658 0.0598  
8761 36 0.4344 0.5419 0.0447 0.1030 166641138.1793 1917760.5663 271705165.7606 76630.3618 32214927139.0825 48260719895.1308 23800473071.2140 8687519730.4826 861833707.4846 258900807.7183 242518354.9410 242518354.9410 242488034.7996 242457714.6583 4885.9496 1.3341 0.1373 0.1428 0.1431 0.1461 0.1530 0.1536 0.1536 0.1536 0.1536 0.1429 0.0007 0.0052 0.0090 0.0171 0.0213 0.0216 0.0216 0.0216 0.0216 0.0216 1.4359 0.1897 0.1725 0.1293 0.1282 0.1192 0.0980 0.0960 0.0960 0.0960 0.0960 0.1289  
17545 4 4.1697 1.7298 0.0580 0.0641 16296187.0180 4420404.1590 476211456.8600 16597.7145 873632.7565 51227392.4290 65816202.5200 29959136.2357 27284544.6380 27239445.3782 27239445.3782 27239445.3782 27239445.3782 27239445.3782 23.5081 0.2034 0.0560 0.0491 0.0448 0.0438 0.0438 0.0438 0.0438 0.0438 0.0438 0.0455 0.0416 0.5143 1.3000 1.5275 1.5374 1.5376 1.5376 1.5376 1.5376 1.5376 1.5376 0.1129 0.0789 0.0651 0.0573 0.0563 0.0563 0.0563 0.0563 0.0563 0.0563 0.0617  
17545 12 1.3052 1.4669 0.0093 0.0129 17639895.8868 139446.9621 2574627720.0704 681134.4070 850480985.2443 5028950550.4891 4054715236.5116 1685318146.7694 290224661.3447 99845407.3138 57460195.9255 27383243.6483 13139772.6868 8774442.3456 297.3633 0.0956 0.0044 0.0083 0.0131 0.0148 0.0159 0.0162 0.0167 0.0177 0.0185 0.0031 0.0186 0.1372 0.2786 0.3810 0.4352 0.4703 0.5138 0.5480 0.5643 0.5693 1.1640 0.1836 0.1061 0.0808 0.0739 0.0700 0.0660 0.0654 0.0644 0.0627 0.0613 0.1120  
17545 15 1.0285 1.1331 0.2405 0.2095 431700508.5271 0.0000 1622505934.2626 657438.3370 1237921217.7782 14989167634.0608 12731973801.0755 4465039575.9770 1560050076.4320 466784383.4582 386506365.8670 382114587.9779 372074544.7072 357726059.7869 954.8656 0.1527 0.0011 0.0008 0.0201 0.1990 0.6228 0.7120 0.7130 0.7125 0.7118 0.1902 0.0038 0.0342 0.0808 0.1147 0.1548 0.1707 0.1721 0.1731 0.1761 0.1804 1.6453 0.2797 0.1941 0.1556 0.1342 0.1278 0.1163 0.1139 0.1139 0.1138 0.1137 0.1760  
17545 29 1.3137 0.8731 0.0497 0.0881 20657029.2484 691507.1597 230157721.0178 134767.3785 799343.7460 120860717.2471 510252700.7141 678454313.4938 500800317.0801 337688236.5408 242180585.5481 189662273.5613 161336582.2647 148527251.5876 93.2164 3.2237 0.6004 0.2748 0.0534 0.0094 0.0097 0.0241 0.0521 0.0887 0.1161 0.2753 0.0008 0.0082 0.0282 0.0621 0.1093 0.1664 0.2317 0.3016 0.3756 0.4292 2.5550 0.2128 0.1125 0.0964 0.0817 0.0696 0.0600 0.0531 0.0481 0.0444 0.0423 0.0871  
17545 30 1.3529 1.6158 0.0035 0.0085 4273409.1352 1567245.3457 172067842.8020 36736.3198 1801592.9780 47248327.8118 70138005.7457 25066610.0704 16478957.8018 21619887.7292 22699441.4988 22764829.8224 22767133.7551 22767133.7551 7.2710 0.0085 0.0411 0.1433 0.0904 0.0097 0.0052 0.0043 0.0042 0.0042 0.0042 0.2142 0.0092 0.1152 0.3963 0.8329 1.2515 1.4225 1.4449 1.4461 1.4461 1.4461 1.4461 0.1812 0.1305 0.1028 0.0765 0.0582 0.0564 0.0563 0.0563 0.0563 0.0563 0.0934  
17545 35 0.8598 0.8467 0.2046 0.2812 9990842.1047 1326.0613 90126199.2114 9932.4011 927378.4910 12987035.5426 37051792.7431 60843164.9961 46047340.9354 22869376.8652 13667283.6433 12042926.5215 11745848.5961 11522283.7073 0.0389 0.4139 1.3166 0.6511 0.1644 0.1574 0.1052 0.0330 0.0100 0.0077 0.0075 0.0084 0.0143 0.1168 0.2527 0.3549 0.4242 0.4826 0.5057 0.5111 0.5149 0.5194 1.4702 0.1336 0.1095 0.0810 0.0747 0.0726 0.0702 0.0670 0.0660 0.0659 0.0658 0.0598  
17545 36 0.9085 0.8946 0.0554 0.1027 76627040.1526 1090668.3878 253022139.7992 301109.5036 23640952093.1700 39862309475.6134 24071394178.4436 8763115594.1207 818733894.1432 206656039.6255 190025097.2954 190025097.2954 190001339.9686 189977582.6418 4949.6835 0.0991 0.1026 0.1272 0.1286 0.1320 0.1428 0.1440 0.1440 0.1440 0.1440 0.1284 0.0007 0.0052 0.0090 0.0171 0.0213 0.0216 0.0216 0.0216 0.0216 0.0216 1.4359 0.1945 0.1728 0.1340 0.1332 0.1256 0.1024 0.0999 0.0999 0.0999 0.0999 0.1337  
26305 4 2.0344 1.5059 0.0262 0.0392 16354048.7729 32413487.8951 782036842.3478 69208.3068 1324287.5130 78911000.4401 107179239.2101 56298910.3104 52570085.7786 52507134.3986 52507134.3986 52507134.3986 52507134.3986 52507134.3986 44.7129 0.1658 0.0418 0.0370 0.0353 0.0350 0.0350 0.0350 0.0350 0.0350 0.0350 0.0349 0.0416 0.5143 1.3000 1.5275 1.5374 1.5376 1.5376 1.5376 1.5376 1.5376 1.5376 0.1142 0.0785 0.0647 0.0571 0.0563 0.0563 0.0563 0.0563 0.0563 0.0563 0.0606  
26305 12 0.9991 0.9642 0.0051 0.0058 15342455.7388 186250.6989 3275491791.1838 888982.7171 74788504.6882 1920264216.5052 5378046449.5330 3042206763.7345 607817126.8525 243959322.9141 137906064.0559 60288876.3993 23532829.4489 12268419.3126 61.0282 0.0797 0.0037 0.0042 0.0056 0.0060 0.0065 0.0066 0.0069 0.0076 0.0085 0.0049 0.0186 0.1372 0.2786 0.3810 0.4352 0.4703 0.5138 0.5480 0.5643 0.5693 1.1640 0.1555 0.0920 0.0779 0.0735 0.0701 0.0661 0.0657 0.0652 0.0640 0.0625 0.0991  
26305 15 1.2057 1.3166 0.1486 0.3330 432745319.8038 0.0000 1962049945.5067 676196.4287 3354989856.3123 23505959777.5549 18698931763.0299 6897410016.1022 2018943458.2593 160747781.2161 25346452.5186 23796423.7176 23992211.4315 24272031.4048 1192.6230 0.2761 0.0022 0.0008 0.0120 0.1465 1.1931 2.6334 2.6795 2.6447 2.5937 0.1458 0.0038 0.0342 0.0808 0.1147 0.1548 0.1707 0.1721 0.1731 0.1761 0.1804 1.6453 0.2930 0.1991 0.1553 0.1347 0.1321 0.1241 0.1143 0.1138 0.1135 0.1132 0.1957  
26305 29 0.6658 0.8814 0.0249 0.0831 33962913.0936 706652.2281 194500130.5703 177043.5933 121493.3081 25558172.0554 326952261.0606 600759161.6604 491436822.5858 331264226.2187 226382546.9879 166412372.5672 130908955.2871 113653446.7435 69.4357 5.2333 1.2220 0.2632 0.0410 0.0110 0.0165 0.0446 0.0983 0.1724 0.2292 0.2485 0.0008 0.0082 0.0282 0.0621 0.1093 0.1664 0.2317 0.3016 0.3756 0.4292 2.5550 0.2596 0.1081 0.0871 0.0793 0.0693 0.0602 0.0534 0.0484 0.0447 0.0425 0.0722  
26305 30 1.6588 1.5608 0.0042 0.0222 36717586.6147 3078312.2186 205184943.8103 49699.8540 4958253.3002 112021039.7583 179281247.6835 75787296.6906 29282554.2940 23233297.3587 22947327.6652 22940795.3126 22940753.7257 22940753.7257 18.9783 0.0107 0.0904 0.3250 0.2929 0.0487 0.0111 0.0097 0.0096 0.0096 0.0096 0.4314 0.0092 0.1152 0.3963 0.8329 1.2515 1.4225 1.4449 1.4461 1.4461 1.4461 1.4461 0.1832 0.1298 0.0993 0.0784 0.0614 0.0566 0.0563 0.0563 0.0563 0.0563 0.0921  
26305 35 0.9193 0.8848 0.1969 0.2323 9006048.6483 2489.0406 78769285.3133 8540.3102 550700.7531 8682805.3490 23986179.5100 51682464.4120 41287459.6316 20866821.3013 12720290.8988 11278630.8822 11006988.3236 10797793.8217 0.0362 0.3106 0.9769 0.4852 0.1657 0.1619 0.1082 0.0351 0.0116 0.0093 0.0090 0.0100 0.0143 0.1168 0.2527 0.3549 0.4242 0.4826 0.5057 0.5111 0.5149 0.5194 1.4702 0.1319 0.1098 0.0791 0.0740 0.0726 0.0702 0.0670 0.0660 0.0659 0.0658 0.0598  
26305 36 0.8521 0.8783 0.0581 0.1021 159321001.2679 877483.9712 227567007.2902 273564.0792 17326808449.6198 32331113428.1265 22270831254.7311 8096490149.6297 731666349.8284 164240749.1505 148823061.3409 148823061.3409 148804455.1770 148785849.0131 4583.5457 0.0992 0.1018 0.1370 0.1379 0.1392 0.1439 0.1445 0.1445 0.1445 0.1445 0.1378 0.0007 0.0052 0.0090 0.0171 0.0213 0.0216 0.0216 0.0216 0.0216 0.0216 1.4359 0.1945 0.1690 0.1340 0.1334 0.1268 0.1029 0.0999 0.0999 0.0999 0.0999 0.1338  
35065 4 1.3006 1.1532 0.0405 0.0403 37639398.8409 7902479.2101 1016669435.5951 140795.3449 694705.7932 51363984.5351 94135768.1535 78228787.7911 76789972.5070 76764961.5758 76764961.5758 76764961.5758 76764961.5758 76764961.5758 61.5604 0.2021 0.0498 0.0421 0.0387 0.0384 0.0384 0.0384 0.0384 0.0384 0.0384 0.0390 0.0416 0.5143 1.3000 1.5275 1.5374 1.5376 1.5376 1.5376 1.5376 1.5376 1.5376 0.1122 0.0771 0.0625 0.0567 0.0563 0.0563 0.0563 0.0563 0.0563 0.0563 0.0584  
35065 12 0.9744 0.9592 0.0034 0.0034 11563204.6900 106133.8594 3400016459.3174 888140.5214 28629241.4392 794647777.1583 4742438967.6149 3506627502.3015 899605542.9460 446972010.5139 253676658.3645 107782600.1677 38694167.2917 17521340.0446 13.8773 0.1168 0.0038 0.0029 0.0033 0.0036 0.0038 0.0038 0.0039 0.0042 0.0047 0.0146 0.0186 0.1372 0.2786 0.3810 0.4352 0.4703 0.5138 0.5480 0.5643 0.5693 1.1640 0.1787 0.0856 0.0753 0.0729 0.0693 0.0661 0.0658 0.0656 0.0649 0.0637 0.1009  
35065 15 1.4418 1.1093 0.0097 0.0503 79976832.5897 0.0000 2559929488.6581 815291.8541 2763817860.5504 23628151410.1201 23578167739.7161 10275344087.1415 3015798578.0189 207243307.1916 2599197.2526 296986.4750 711318.7610 1303459.2804 979.9928 0.3788 0.0028 0.0005 0.0012 0.0087 0.1437 2.8595 5.5476 4.2910 3.4361 0.0055 0.0038 0.0342 0.0808 0.1147 0.1548 0.1707 0.1721 0.1731 0.1761 0.1804 1.6453 0.2849 0.1914 0.1543 0.1346 0.1333 0.1330 0.1249 0.1106 0.1077 0.1058 0.2026  
35065 29 0.9166 0.9298 0.0111 0.0247 19673778.3522 583824.4863 173198915.1949 117872.4834 74549.1600 12554201.8473 245722965.7255 521878100.0957 490268165.6674 333317128.4392 215742089.8390 150261961.5190 111915236.7544 93322122.5342 72.6786 6.1621 1.1508 0.0534 0.0150 0.0085 0.0120 0.0323 0.0707 0.1204 0.1588 0.0340 0.0008 0.0082 0.0282 0.0621 0.1093 0.1664 0.2317 0.3016 0.3756 0.4292 2.5550 0.2965 0.1108 0.0839 0.0778 0.0685 0.0604 0.0537 0.0487 0.0450 0.0428 0.0675  
35065 30 1.3217 1.1405 0.0037 0.0259 49684155.9499 3553925.7140 291132796.5273 82443.1154 3978018.3010 89697899.1009 196430738.3375 134769333.8469 55654350.5251 30946680.4658 28006732.5870 27853427.1619 27848246.8610 27848246.8610 19.7473 0.0118 0.0953 0.2748 0.2131 0.0566 0.0126 0.0093 0.0091 0.0091 0.0091 0.3013 0.0092 0.1152 0.3963 0.8329 1.2515 1.4225 1.4449 1.4461 1.4461 1.4461 1.4461 0.1820 0.1263 0.0930 0.0754 0.0633 0.0571 0.0563 0.0563 0.0563 0.0563 0.0890  
35065 35 0.8808 0.8778 0.1418 0.2800 8539988.0949 23020.5346 70197542.7686 7851.4602 473624.6204 5666886.2812 18089929.6507 41424425.3262 33879098.4931 18002524.8267 11657921.6700 10525538.4341 10290279.7248 10096398.1970 0.0338 0.4030 1.2748 0.6349 0.1905 0.1839 0.1186 0.0373 0.0128 0.0103 0.0101 0.0110 0.0143 0.1168 0.2527 0.3549 0.4242 0.4826 0.5057 0.5111 0.5149 0.5194 1.4702 0.1356 0.1112 0.0787 0.0738 0.0725 0.0700 0.0669 0.0660 0.0658 0.0658 0.0598  
35065 36 0.8833 0.9362 0.0586 0.1017 140293050.8205 891126.4669 195955442.9327 233096.2286 16677447242.7389 29784301784.7466 19450248227.5921 7060400025.4075 625787194.4613 130030044.8595 116559679.3221 116559679.3221 116545106.7923 116530534.2625 4002.1360 0.0991 0.1015 0.1353 0.1369 0.1383 0.1437 0.1445 0.1445 0.1445 0.1445 0.1368 0.0007 0.0052 0.0090 0.0171 0.0213 0.0216 0.0216 0.0216 0.0216 0.0216 1.4359 0.1945 0.1699 0.1340 0.1335 0.1275 0.1033 0.0999 0.0999 0.0999 0.0999 0.1338  
43825 4 1.3248 1.2170 0.0252 0.0248 23191147.9627 18257480.7046 1266937019.0774 183113.4306 1090944.4442 75812426.5005 128863822.4900 102186322.3705 99866217.6796 99825983.7324 99825983.7324 99825983.7324 99825983.7324 99825983.7324 80.7971 0.1679 0.0327 0.0245 0.0213 0.0210 0.0210 0.0210 0.0210 0.0210 0.0210 0.0217 0.0416 0.5143 1.3000 1.5275 1.5374 1.5376 1.5376 1.5376 1.5376 1.5376 1.5376 0.1119 0.0784 0.0628 0.0566 0.0563 0.0563 0.0563 0.0563 0.0563 0.0563 0.0585  
43825 12 0.9613 0.9553 0.0031 0.0030 11240853.3030 79681.6838 3373548831.8510 865441.5118 16008671.8016 444347767.0861 3944046354.8269 3335214119.2890 1131079232.6204 664163634.6040 378777994.9130 159137237.7361 55126186.7063 23251150.0432 8.2109 0.1449 0.0049 0.0029 0.0031 0.0034 0.0035 0.0035 0.0036 0.0038 0.0041 0.0235 0.0186 0.1372 0.2786 0.3810 0.4352 0.4703 0.5138 0.5480 0.5643 0.5693 1.1640 0.1812 0.0835 0.0741 0.0725 0.0684 0.0660 0.0658 0.0657 0.0653 0.0644 0.0991  
43825 15 1.2988 1.0269 0.0028 0.0080 17488069.5192 0.0000 2961946910.4191 1175484.1033 2967808386.3343 19828904239.0225 24549986717.5914 14087926632.7965 4195692351.4643 288304236.2947 3570264.1715 232061.9759 413767.2454 673450.2972 673.8398 0.1778 0.0008 0.0002 0.0003 0.0014 0.0231 1.5264 7.4998 5.4577 4.0452 0.0038 0.0038 0.0342 0.0808 0.1147 0.1548 0.1707 0.1721 0.1731 0.1761 0.1804 1.6453 0.2841 0.1874 0.1518 0.1342 0.1333 0.1333 0.1318 0.1090 0.1047 0.1026 0.2028  
43825 29 0.9436 0.9278 0.0133 0.0194 25229907.7441 895636.4853 147935323.1637 108042.0915 82786.8419 8743280.1855 181247250.3243 448952024.9611 488744167.6468 333670934.9806 202587727.4593 130845399.6387 89460931.2184 69767877.1785 78.1962 6.1399 1.4091 0.0357 0.0142 0.0101 0.0165 0.0475 0.1075 0.1880 0.2526 0.0095 0.0008 0.0082 0.0282 0.0621 0.1093 0.1664 0.2317 0.3016 0.3756 0.4292 2.5550 0.3001 0.1178 0.0831 0.0760 0.0677 0.0608 0.0542 0.0490 0.0453 0.0431 0.0671  
43825 30 0.9027 0.8846 0.0050 0.0361 82418259.1125 994512.3022 391681181.7967 108964.0931 1857217.3219 40317676.8761 89131580.3382 113994660.4213 77170809.8590 44781308.3189 39181020.7748 38848553.0468 38836270.6705 38836270.6705 9.6615 0.0241 0.3331 0.6967 0.3078 0.0735 0.0218 0.0151 0.0147 0.0147 0.0147 0.6571 0.0092 0.1152 0.3963 0.8329 1.2515 1.4225 1.4449 1.4461 1.4461 1.4461 1.4461 0.1818 0.1261 0.0883 0.0709 0.0627 0.0574 0.0563 0.0563 0.0563 0.0563 0.0828  
43825 35 0.7286 0.9118 0.1479 0.3437 7851272.2124 20078.5458 64558254.1728 6915.3330 859034.2017 8594943.6810 15288361.7077 33114806.6539 27464251.0807 15473119.1111 10677166.3303 9810989.4342 9607922.5673 9428403.0640 0.0314 0.4773 1.1703 0.8391 0.2173 0.2037 0.1252 0.0379 0.0137 0.0114 0.0111 0.0121 0.0143 0.1168 0.2527 0.3549 0.4242 0.4826 0.5057 0.5111 0.5149 0.5194 1.4702 0.1375 0.1130 0.0800 0.0739 0.0724 0.0697 0.0668 0.0660 0.0658 0.0658 0.0598  
43825 36 0.8377 0.8774 0.0585 0.1010 116399947.4972 794008.0902 169892464.6105 205900.6895 12850280143.9922 24377855625.0848 17108798915.4468 6205854510.6979 539893702.9348 103357635.2337 91496381.5081 91496381.5081 91484942.4431 91473503.3782 3522.0003 0.0984 0.1008 0.1358 0.1366 0.1375 0.1416 0.1422 0.1422 0.1422 0.1422 0.1366 0.0007 0.0052 0.0090 0.0171 0.0213 0.0216 0.0216 0.0216 0.0216 0.0216 1.4359 0.1945 0.1681 0.1340 0.1335 0.1280 0.1037 0.0999 0.0999 0.0999 0.0999 0.1338  
52609 4 1.0364 1.0197 0.0221 0.0217 24109026.1765 17543479.8403 1341704794.3600 242583.0870 316259.1945 30743215.9068 95823673.8213 114327918.4838 115211776.8220 115225421.3178 115225421.3178 115225421.3178 115225421.3178 115225421.3178 89.6368 0.1801 0.0302 0.0225 0.0201 0.0199 0.0199 0.0199 0.0199 0.0199 0.0199 0.0201 0.0416 0.5143 1.3000 1.5275 1.5374 1.5376 1.5376 1.5376 1.5376 1.5376 1.5376 0.1105 0.0751 0.0600 0.0564 0.0563 0.0563 0.0563 0.0563 0.0563 0.0563 0.0571  
52609 12 0.9758 0.9583 0.0031 0.0029 11118221.2540 89301.8668 3326651514.6434 831959.6417 19226918.8259 336882891.6508 3103840784.0730 2949919383.4422 1377021310.5359 916958480.8897 524776394.5949 219117717.6932 74373026.4409 30014959.4905 8.4835 0.1382 0.0064 0.0028 0.0031 0.0033 0.0034 0.0034 0.0035 0.0036 0.0039 0.0255 0.0186 0.1372 0.2786 0.3810 0.4352 0.4703 0.5138 0.5480 0.5643 0.5693 1.1640 0.1862 0.0850 0.0737 0.0718 0.0676 0.0660 0.0659 0.0658 0.0655 0.0648 0.1021  
52609 15 1.1422 0.9871 0.0062 0.0092 29818225.3028 0.0000 3211558834.0383 1526695.5063 2629051998.8622 16495795318.2584 23629806766.2787 16617590892.8174 4991776968.2313 343637818.7203 4915059.0667 888743.5500 943612.8487 1022029.3797 554.0831 0.1573 0.0007 0.0002 0.0003 0.0020 0.0346 2.0128 7.6023 6.7966 5.9570 0.0098 0.0038 0.0342 0.0808 0.1147 0.1548 0.1707 0.1721 0.1731 0.1761 0.1804 1.6453 0.2842 0.1865 0.1494 0.1339 0.1333 0.1333 0.1302 0.1127 0.1106 0.1086 0.2027  
52609 29 0.9423 0.9232 0.0140 0.0205 25607687.0657 868233.2768 123444595.0005 101952.7595 31865.9711 5897974.3407 130603321.1673 385951351.8005 477480730.3526 327845745.5733 187973293.4445 111171624.1170 68024422.8122 48350238.3011 80.5024 6.2338 1.0106 0.0328 0.0182 0.0117 0.0197 0.0596 0.1384 0.2438 0.3320 0.0084 0.0008 0.0082 0.0282 0.0621 0.1093 0.1664 0.2317 0.3016 0.3756 0.4292 2.5550 0.3132 0.1095 0.0822 0.0742 0.0670 0.0610 0.0546 0.0495 0.0458 0.0435 0.0671  
52609 30 1.1326 0.9234 0.0220 0.0375 74468377.4678 46347.7417 444435441.7618 98359.4101 1802420.3301 30102076.3425 39709456.5339 63433101.8272 66028326.8765 55120576.7307 52741754.4735 52591852.3713 52586081.7158 52586081.7158 5.1323 0.0446 0.6489 1.2530 0.3544 0.0679 0.0254 0.0193 0.0189 0.0189 0.0189 1.1698 0.0092 0.1152 0.3963 0.8329 1.2515 1.4225 1.4449 1.4461 1.4461 1.4461 1.4461 0.1807 0.1312 0.0924 0.0686 0.0608 0.0570 0.0563 0.0563 0.0563 0.0563 0.0822  
52609 35 0.9276 0.9550 0.2075 0.3927 6915062.5444 20765.1297 56232799.5998 5038.7234 1664938.7164 14708229.7082 14402058.0612 27455992.8647 22858258.3380 13550562.9320 9828130.7036 9147401.0352 8968877.7432 8802223.4315 0.0292 0.4562 0.9901 1.0091 0.2348 0.2109 0.1241 0.0366 0.0139 0.0118 0.0116 0.0125 0.0143 0.1168 0.2527 0.3549 0.4242 0.4826 0.5057 0.5111 0.5149 0.5194 1.4702 0.1382 0.1141 0.0819 0.0740 0.0722 0.0694 0.0667 0.0660 0.0658 0.0658 0.0598  
52609 36 0.8545 0.8836 0.0583 0.1008 99742855.5168 1024575.7362 149612369.4424 172481.1071 9767230459.9333 20090195377.5041 15323075938.0957 5553993950.5325 473859409.7906 82458545.3762 71823672.2009 71823672.2009 71814692.6583 71805713.1157 3155.9607 0.0982 0.1008 0.1354 0.1363 0.1372 0.1415 0.1422 0.1422 0.1422 0.1422 0.1362 0.0007 0.0052 0.0090 0.0171 0.0213 0.0216 0.0216 0.0216 0.0216 0.0216 1.4359 0.1944 0.1660 0.1340 0.1335 0.1286 0.1041 0.0999 0.0999 0.0999 0.0999 0.1338  
61369 4 1.0124 1.0096 0.0179 0.0171 19784805.8102 14497193.6239 1368670426.8208 251421.1137 249742.9315 25083653.1155 92130717.3058 117113628.8928 118440051.7509 118461136.1605 118461136.1605 118461136.1605 118461136.1605 118461136.1605 91.6421 0.1745 0.0246 0.0169 0.0161 0.0160 0.0160 0.0160 0.0160 0.0160 0.0160 0.0161 0.0416 0.5143 1.3000 1.5275 1.5374 1.5376 1.5376 1.5376 1.5376 1.5376 1.5376 0.1105 0.0757 0.0591 0.0564 0.0563 0.0563 0.0563 0.0563 0.0563 0.0563 0.0568  
61369 12 0.9545 0.9617 0.0031 0.0030 11289496.2877 94407.2693 3228689990.2683 811856.9482 24481068.1638 313018815.0643 2532974693.1451 2623648707.6421 1502514479.3481 1058988475.4536 606944052.8315 252802385.0020 85098666.6176 33704696.1886 9.2230 0.1295 0.0071 0.0028 0.0032 0.0034 0.0035 0.0035 0.0035 0.0036 0.0039 0.0223 0.0186 0.1372 0.2786 0.3810 0.4352 0.4703 0.5138 0.5480 0.5643 0.5693 1.1640 0.1869 0.0882 0.0736 0.0712 0.0671 0.0659 0.0659 0.0658 0.0656 0.0650 0.1039  
61369 15 1.1434 1.0510 0.0070 0.0119 48458076.8186 0.0000 3564850873.2047 1743783.2846 3734326935.8221 16824918258.9659 23286024179.5677 19364380047.5366 5851984632.6203 403936611.7362 6916460.3688 2164317.6575 2132532.5708 2087108.1322 727.9751 0.1544 0.0009 0.0002 0.0003 0.0026 0.0451 2.1850 5.4311 5.3280 5.1791 0.0107 0.0038 0.0342 0.0808 0.1147 0.1548 0.1707 0.1721 0.1731 0.1761 0.1804 1.6453 0.2860 0.1954 0.1469 0.1337 0.1333 0.1332 0.1278 0.1137 0.1132 0.1126 0.2027  
61369 29 0.9052 0.9185 0.0197 0.0253 25279211.7026 725114.8628 99990580.4818 96071.0791 23409.9855 3929824.0426 93795732.5030 334114346.4812 457430052.8463 314948716.2525 170480925.5504 90623306.0678 48234505.1392 30297138.1340 79.8430 6.3345 1.1451 0.0435 0.0208 0.0134 0.0243 0.0779 0.1852 0.3217 0.4387 0.0091 0.0008 0.0082 0.0282 0.0621 0.1093 0.1664 0.2317 0.3016 0.3756 0.4292 2.5550 0.3159 0.1119 0.0812 0.0725 0.0665 0.0612 0.0551 0.0500 0.0464 0.0441 0.0671  
61369 30 1.0396 0.9194 0.0172 0.0318 60859878.1606 42946.8972 453571210.9043 111405.8167 1647395.2885 20762517.6400 15800322.8003 29791669.9727 51581631.4731 58383644.2206 58965161.8730 58987315.0604 58987562.2749 58987562.2749 1.8261 0.0587 1.0054 2.0465 0.3957 0.0526 0.0227 0.0192 0.0189 0.0189 0.0189 1.9576 0.0092 0.1152 0.3963 0.8329 1.2515 1.4225 1.4449 1.4461 1.4461 1.4461 1.4461 0.1789 0.1356 0.0985 0.0663 0.0590 0.0567 0.0563 0.0563 0.0563 0.0563 0.0823  
61369 35 0.8372 0.9347 0.1102 0.3443 5038489.0187 130256.9591 52560672.7011 4673.8188 1463586.9674 14918652.2923 13615137.1961 23440111.7790 19510426.9335 12074396.2384 9101910.5312 8551405.0077 8391685.4175 8236183.9995 0.0272 0.4353 0.8373 0.8956 0.1915 0.1802 0.1018 0.0306 0.0133 0.0117 0.0115 0.0122 0.0143 0.1168 0.2527 0.3549 0.4242 0.4826 0.5057 0.5111 0.5149 0.5194 1.4702 0.1359 0.1135 0.0825 0.0741 0.0721 0.0691 0.0666 0.0659 0.0658 0.0658 0.0598  
61369 36 0.8596 0.8947 0.0589 0.1010 88475128.3323 663958.6983 133614856.2888 147385.1822 7648986760.4882 16910820021.3086 13749154009.4717 4979843295.0487 417428225.7894 65915251.2615 56364182.8221 56364182.8221 56357136.0565 56350089.2910 2832.8316 0.0983 0.1011 0.1354 0.1364 0.1372 0.1416 0.1425 0.1425 0.1425 0.1425 0.1363 0.0007 0.0052 0.0090 0.0171 0.0213 0.0216 0.0216 0.0216 0.0216 0.0216 1.4359 0.1944 0.1642 0.1340 0.1336 0.1292 0.1046 0.0999 0.0999 0.0999 0.0999 0.1338  
70129 4 1.0290 1.0195 0.0171 0.0159 19310339.1140 14198754.2961 1392041005.2283 254532.4360 306420.3372 29898070.4778 97287742.7297 119581750.7594 120758525.0848 120777193.4383 120777193.4383 120777193.4383 120777193.4383 120777193.4383 93.7002 0.1880 0.0235 0.0162 0.0153 0.0153 0.0153 0.0153 0.0153 0.0153 0.0153 0.0154 0.0416 0.5143 1.3000 1.5275 1.5374 1.5376 1.5376 1.5376 1.5376 1.5376 1.5376 0.1112 0.0765 0.0594 0.0564 0.0563 0.0563 0.0563 0.0563 0.0563 0.0563 0.0569  
70129 12 0.9550 0.9671 0.0032 0.0030 11037388.0402 103344.1571 3125862768.9367 774952.8315 32020947.7483 330569720.4267 2147902224.6695 2372775318.4733 1555634127.6211 1130282043.8593 648282171.5816 269670787.6242 90379494.2323 35434463.2840 12.7143 0.1095 0.0072 0.0028 0.0032 0.0035 0.0035 0.0035 0.0035 0.0036 0.0038 0.0165 0.0186 0.1372 0.2786 0.3810 0.4352 0.4703 0.5138 0.5480 0.5643 0.5693 1.1640 0.1854 0.0921 0.0736 0.0707 0.0668 0.0659 0.0659 0.0658 0.0656 0.0652 0.1067  
70129 15 1.1192 0.9707 0.0075 0.0149 72667952.9188 0.0000 3789400995.6289 1993759.2596 2359021282.3450 12155048020.5652 22932761014.5421 21990825839.4427 6673461079.7838 461125055.7122 8405736.3274 2972386.7978 2893696.4050 2781237.9235 470.5075 0.1170 0.0006 0.0001 0.0003 0.0031 0.0564 2.3460 4.7433 4.7226 4.6912 0.0217 0.0038 0.0342 0.0808 0.1147 0.1548 0.1707 0.1721 0.1731 0.1761 0.1804 1.6453 0.2824 0.1916 0.1444 0.1336 0.1333 0.1332 0.1261 0.1138 0.1137 0.1136 0.2025  
70129 29 0.8414 0.9127 0.0266 0.0335 23932221.1531 682995.5422 78958567.8825 86968.1582 27241.3865 2700658.0022 69616565.0171 292503578.8155 429071609.1925 294757377.4597 149606566.9939 69238156.5480 30873854.3545 16616370.3184 76.4928 6.2332 1.5367 0.0630 0.0257 0.0161 0.0306 0.1025 0.2549 0.4372 0.5842 0.0107 0.0008 0.0082 0.0282 0.0621 0.1093 0.1664 0.2317 0.3016 0.3756 0.4292 2.5550 0.3129 0.1191 0.0803 0.0713 0.0662 0.0613 0.0556 0.0508 0.0472 0.0450 0.0671  
70129 30 0.9722 1.0308 0.0187 0.0285 67468410.7653 52776.3480 437828570.7719 115817.1898 2529446.0827 41666115.2795 30913068.4365 19213182.4623 41003835.6306 57210236.4889 59810578.2008 59959834.4227 59964914.2612 59964914.2612 2.9405 0.0483 0.7590 1.8628 0.7424 0.0453 0.0205 0.0190 0.0189 0.0189 0.0189 2.3049 0.0092 0.1152 0.3963 0.8329 1.2515 1.4225 1.4449 1.4461 1.4461 1.4461 1.4461 0.1787 0.1349 0.1058 0.0690 0.0577 0.0564 0.0563 0.0563 0.0563 0.0563 0.0918  
70129 35 0.9839 0.9490 0.1353 0.3777 4673591.0932 133816.1679 46339781.1496 3912.7260 1604248.6108 15361208.8090 13585837.5432 20331959.0599 16762884.9620 10853772.8274 8495716.0760 8051813.1371 7907253.4939 7760567.3644 0.0253 0.3850 0.9113 1.0183 0.2077 0.1880 0.1023 0.0307 0.0142 0.0126 0.0125 0.0131 0.0143 0.1168 0.2527 0.3549 0.4242 0.4826 0.5057 0.5111 0.5149 0.5194 1.4702 0.1369 0.1137 0.0835 0.0744 0.0720 0.0689 0.0665 0.0659 0.0658 0.0658 0.0598  
70129 36 0.8928 0.9149 0.0567 0.0990 81274112.0259 534171.7045 121122766.8159 126685.2624 6008940810.2836 14652455609.6223 12832458635.8251 4644056766.5349 381659638.3115 53261657.9028 44338652.7538 44338652.7538 44333109.4447 44327566.1355 2645.0123 0.0950 0.0983 0.1322 0.1332 0.1340 0.1390 0.1401 0.1401 0.1401 0.1401 0.1332 0.0007 0.0052 0.0090 0.0171 0.0213 0.0216 0.0216 0.0216 0.0216 0.0216 1.4359 0.1944 0.1623 0.1339 0.1336 0.1298 0.1053 0.0999 0.0999 0.0999 0.0999 0.1338  
78889 4 0.9863 0.9911 0.0171 0.0159 19677326.4470 13568706.9168 1401757610.4210 261903.7132 204788.7037 20292869.4225 88226283.6842 119915688.0722 121757590.3643 121787447.8220 121787447.8220 121787447.8220 121787447.8220 121787447.8220 93.8417 0.1875 0.0232 0.0162 0.0156 0.0156 0.0156 0.0156 0.0156 0.0156 0.0156 0.0156 0.0416 0.5143 1.3000 1.5275 1.5374 1.5376 1.5376 1.5376 1.5376 1.5376 1.5376 0.1107 0.0748 0.0586 0.0564 0.0563 0.0563 0.0563 0.0563 0.0563 0.0563 0.0567  
78889 12 0.9721 0.9829 0.0032 0.0031 11040415.6984 120934.1950 3053618937.3304 740098.1482 53782799.4766 436132849.6262 1884422343.5015 2181648988.5731 1586242237.5495 1176041771.9426 674831840.8932 280454625.0063 93697467.6197 36464496.1900 20.3158 0.1082 0.0074 0.0028 0.0033 0.0036 0.0036 0.0036 0.0036 0.0037 0.0039 0.0126 0.0186 0.1372 0.2786 0.3810 0.4352 0.4703 0.5138 0.5480 0.5643 0.5693 1.1640 0.1849 0.0982 0.0738 0.0703 0.0666 0.0659 0.0659 0.0658 0.0656 0.0652 0.1103  
78889 15 1.0515 0.9781 0.0070 0.0146 77483437.1720 0.0000 3876654609.9368 2231421.9465 1751539846.4274 10045402855.3984 21776775723.6129 23331261414.6194 7100462877.9577 490391699.1917 8687635.0183 2905890.4106 2820605.7796 2698723.1528 456.6274 0.1862 0.0009 0.0001 0.0004 0.0031 0.0549 2.2903 4.6472 4.6394 4.6274 0.0232 0.0038 0.0342 0.0808 0.1147 0.1548 0.1707 0.1721 0.1731 0.1761 0.1804 1.6453 0.2841 0.1928 0.1421 0.1335 0.1333 0.1332 0.1261 0.1139 0.1138 0.1138 0.2025  
78889 29 0.7786 0.9077 0.0360 0.0465 21277266.9064 610126.7490 61893726.9390 73178.9145 23129.3234 1618902.5887 48505866.1443 253806966.9475 399418089.9019 273263554.3455 128690819.2454 49467700.5110 17291956.5296 7771523.3239 72.6442 6.3903 1.8382 0.0958 0.0343 0.0204 0.0376 0.1251 0.3354 0.5966 0.7707 0.0130 0.0008 0.0082 0.0282 0.0621 0.1093 0.1664 0.2317 0.3016 0.3756 0.4292 2.5550 0.3147 0.1237 0.0789 0.0701 0.0660 0.0615 0.0563 0.0518 0.0483 0.0462 0.0671  
78889 30 0.9398 1.0124 0.0236 0.0312 75309167.8817 64552.9041 418716913.6522 112595.5747 2333931.8555 45968865.3832 45399028.1396 23547371.0667 37968861.1333 54495754.6030 57421099.4646 57594564.0617 57600659.5886 57600659.5886 4.3107 0.0467 0.6347 1.5168 0.9343 0.0551 0.0199 0.0190 0.0190 0.0190 0.0190 1.8349 0.0092 0.1152 0.3963 0.8329 1.2515 1.4225 1.4449 1.4461 1.4461 1.4461 1.4461 0.1771 0.1320 0.1030 0.0733 0.0575 0.0564 0.0563 0.0563 0.0563 0.0563 0.0935  
78889 35 0.8549 0.8992 0.1043 0.3513 3912476.3991 182170.9562 42821217.6732 3849.6195 1067251.8229 9840000.3999 11436771.0508 17739992.7425 14855933.8348 9921033.4429 7948756.0560 7572640.7446 7439775.6347 7301469.7249 0.0235 0.4651 1.0139 0.9327 0.1899 0.1827 0.0954 0.0284 0.0136 0.0122 0.0120 0.0126 0.0143 0.1168 0.2527 0.3549 0.4242 0.4826 0.5057 0.5111 0.5149 0.5194 1.4702 0.1377 0.1133 0.0826 0.0744 0.0718 0.0687 0.0664 0.0659 0.0658 0.0658 0.0598  
78889 36 0.8583 0.8900 0.0565 0.0972 73424792.1371 668659.4642 107738312.6516 113110.6566 4586723873.4674 12236597910.8944 11358158575.1279 4108799530.4226 333780837.4343 42933110.6408 35030394.5635 35030394.5635 35026014.9919 35021635.4202 2341.7890 0.0931 0.0966 0.1297 0.1304 0.1310 0.1348 0.1358 0.1358 0.1358 0.1358 0.1304 0.0007 0.0052 0.0090 0.0171 0.0213 0.0216 0.0216 0.0216 0.0216 0.0216 1.4359 0.1943 0.1594 0.1339 0.1336 0.1302 0.1059 0.0998 0.0998 0.0998 0.0998 0.1338  
87673 4 1.0638 1.0430 0.0161 0.0150 18914450.1698 14305083.3954 1457610520.2968 258314.4542 504135.8575 39365642.1010 106065361.6799 123870685.5465 124825292.4149 124840303.7984 124840303.7984 124840303.7984 124840303.7984 124840303.7984 97.6769 0.1732 0.0231 0.0152 0.0145 0.0145 0.0145 0.0145 0.0145 0.0145 0.0145 0.0146 0.0416 0.5143 1.3000 1.5275 1.5374 1.5376 1.5376 1.5376 1.5376 1.5376 1.5376 0.1113 0.0777 0.0599 0.0564 0.0563 0.0563 0.0563 0.0563 0.0563 0.0563 0.0571  
87673 12 0.9731 0.9734 0.0034 0.0032 11267076.8827 114822.0269 2985293943.2041 719448.4648 43390836.6081 386008709.1571 1677285988.2787 2039523393.1003 1610819100.4683 1211674783.8557 695476403.3744 288814183.4232 96239501.9190 37223731.9517 16.3017 0.1074 0.0071 0.0029 0.0035 0.0037 0.0037 0.0038 0.0038 0.0039 0.0040 0.0135 0.0186 0.1372 0.2786 0.3810 0.4352 0.4703 0.5138 0.5480 0.5643 0.5693 1.1640 0.1825 0.0963 0.0740 0.0700 0.0665 0.0659 0.0659 0.0658 0.0657 0.0653 0.1066  
87673 15 1.0089 0.9769 0.0074 0.0149 83022395.8858 0.0000 3809696152.5183 2346261.7983 2075795044.1776 8595315866.1931 20320920108.2771 23670630543.3586 7218191896.0564 498922201.4397 9259336.5976 3376196.0059 3272338.6680 3123913.1951 427.4211 0.1245 0.0007 0.0002 0.0004 0.0032 0.0561 2.2856 4.5205 4.5174 4.5127 0.0276 0.0038 0.0342 0.0808 0.1147 0.1548 0.1707 0.1721 0.1731 0.1761 0.1804 1.6453 0.2843 0.1970 0.1401 0.1335 0.1333 0.1332 0.1259 0.1139 0.1139 0.1138 0.2024  
87673 29 0.5715 0.9062 0.0569 0.0731 16896549.5166 410967.1400 49716675.7064 56973.5793 15236.6659 614840.2424 28837500.8943 216197586.1073 368941629.6814 252412659.6887 111394800.2643 35007561.9293 8591354.5084 2974302.9490 68.4432 6.3815 2.4367 0.1787 0.0484 0.0266 0.0433 0.1260 0.3646 0.7666 1.0369 0.0166 0.0008 0.0082 0.0282 0.0621 0.1093 0.1664 0.2317 0.3016 0.3756 0.4292 2.5550 0.3136 0.1298 0.0759 0.0686 0.0657 0.0616 0.0571 0.0534 0.0499 0.0475 0.0671  
87673 30 1.0121 1.1144 0.0311 0.0350 83307999.9718 52890.9567 407393160.3640 105812.7114 3393845.3139 71762508.6940 86419866.5915 40254605.1810 39781233.8441 52298492.0253 54797701.0597 54950454.2591 54955945.8925 54955945.8925 8.5073 0.0334 0.4216 1.0711 0.8011 0.0668 0.0200 0.0189 0.0189 0.0189 0.0189 1.2930 0.0092 0.1152 0.3963 0.8329 1.2515 1.4225 1.4449 1.4461 1.4461 1.4461 1.4461 0.1829 0.1305 0.1011 0.0758 0.0583 0.0564 0.0563 0.0563 0.0563 0.0563 0.0930  
87673 35 1.0400 0.9580 0.1078 0.3643 3849462.5150 157198.9596 38599083.6133 3291.1591 1357858.6546 11679454.0187 10364026.9064 15582485.6292 13184245.6007 9050314.7861 7396524.6663 7077012.8325 6955376.8269 6826045.7448 0.0219 0.4683 0.8761 0.9445 0.2144 0.1992 0.1014 0.0299 0.0145 0.0131 0.0129 0.0135 0.0143 0.1168 0.2527 0.3549 0.4242 0.4826 0.5057 0.5111 0.5149 0.5194 1.4702 0.1395 0.1137 0.0832 0.0744 0.0717 0.0686 0.0664 0.0659 0.0658 0.0658 0.0598  
87673 36 0.9119 0.9664 0.0563 0.0962 65343753.5233 551988.3721 95738596.6645 97079.8098 5133902654.7831 11932525818.6814 10091978166.8259 3647119724.7278 293105254.8539 34693955.7318 27672579.5613 27672579.5613 27669119.8787 27665660.1961 2079.9866 0.0928 0.0959 0.1274 0.1289 0.1295 0.1345 0.1359 0.1359 0.1359 0.1359 0.1288 0.0007 0.0052 0.0090 0.0171 0.0213 0.0216 0.0216 0.0216 0.0216 0.0216 1.4359 0.1943 0.1626 0.1339 0.1336 0.1306 0.1065 0.0998 0.0998 0.0998 0.0998 0.1338  
96433 4 1.0020 1.0080 0.0161 0.0154 19843519.8343 14802654.9300 1482680691.2079 274792.9838 390485.3433 27796436.1460 99020915.6934 127677130.5645 129251930.7484 129277122.1614 129277122.1614 129277122.1614 129277122.1614 129277122.1614 100.0551 0.1911 0.0249 0.0161 0.0149 0.0148 0.0148 0.0148 0.0148 0.0148 0.0148 0.0149 0.0416 0.5143 1.3000 1.5275 1.5374 1.5376 1.5376 1.5376 1.5376 1.5376 1.5376 0.1125 0.0759 0.0592 0.0564 0.0563 0.0563 0.0563 0.0563 0.0563 0.0563 0.0569  
96433 12 0.9730 0.9758 0.0034 0.0033 11270376.7019 120955.9788 2916842375.0097 700103.9062 51014743.4120 351842650.7593 1476213802.1828 1931272960.9253 1625199728.0491 1234666412.4256 708787891.8017 294160719.7778 97814267.5194 37642630.5252 16.4765 0.1061 0.0081 0.0030 0.0036 0.0038 0.0038 0.0038 0.0038 0.0039 0.0041 0.0147 0.0186 0.1372 0.2786 0.3810 0.4352 0.4703 0.5138 0.5480 0.5643 0.5693 1.1640 0.1834 0.0982 0.0738 0.0697 0.0664 0.0659 0.0659 0.0658 0.0657 0.0653 0.1093  
96433 15 0.9786 0.9778 0.0059 0.0122 65554507.3941 0.0000 3715388844.5322 2367065.3836 1546276426.4303 8512951261.5193 19641466461.0726 23163142624.7156 7064805119.4256 487342199.7512 8015313.5853 2267043.6246 2196633.1095 2096007.4313 482.4992 0.1439 0.0008 0.0001 0.0003 0.0026 0.0455 2.0872 4.7222 4.7204 4.7175 0.0186 0.0038 0.0342 0.0808 0.1147 0.1548 0.1707 0.1721 0.1731 0.1761 0.1804 1.6453 0.2823 0.1994 0.1391 0.1334 0.1333 0.1332 0.1270 0.1139 0.1139 0.1139 0.2025  
96433 29 0.8611 0.9130 0.0443 0.1053 11244885.0736 270448.7024 41971515.7903 32562.0155 14287.6297 72118.7398 17263502.9582 186688523.4169 335891308.6372 229512935.2589 97643549.4051 27015066.1666 4752329.1515 1170584.8725 63.1348 6.3635 4.6872 0.2978 0.0581 0.0299 0.0409 0.0952 0.2734 0.7237 1.1523 0.0195 0.0008 0.0082 0.0282 0.0621 0.1093 0.1664 0.2317 0.3016 0.3756 0.4292 2.5550 0.3081 0.1615 0.0705 0.0671 0.0655 0.0618 0.0576 0.0548 0.0521 0.0496 0.0671  
96433 30 0.9486 0.9089 0.0291 0.0412 84858062.7873 57717.2855 404052483.1664 107087.8780 1971923.9405 40889460.3769 53695841.1972 43784360.6225 43516072.1717 51417133.3171 53119726.7064 53226029.8264 53229814.9634 53229814.9634 4.8194 0.0403 0.5255 1.2203 0.7382 0.0850 0.0208 0.0190 0.0190 0.0189 0.0189 1.3199 0.0092 0.1152 0.3963 0.8329 1.2515 1.4225 1.4449 1.4461 1.4461 1.4461 1.4461 0.1810 0.1284 0.0960 0.0737 0.0592 0.0565 0.0563 0.0563 0.0563 0.0563 0.0903  
96433 35 0.9251 0.9395 0.1099 0.3484 3290981.2107 230914.3932 41305136.5426 3422.7621 1129488.8119 11530510.1422 10052524.1301 13419297.3453 11291863.2901 8116895.6902 6848699.2980 6597134.6735 6487610.3944 6367205.5109 0.0203 0.4137 0.8073 0.9065 0.1960 0.1932 0.0954 0.0286 0.0146 0.0133 0.0132 0.0138 0.0143 0.1168 0.2527 0.3549 0.4242 0.4826 0.5057 0.5111 0.5149 0.5194 1.4702 0.1367 0.1131 0.0838 0.0746 0.0716 0.0684 0.0664 0.0659 0.0658 0.0658 0.0598  
96433 36 0.8966 0.9422 0.0562 0.0964 57999478.4611 387939.5152 82991792.5492 88525.0780 5091888223.5934 11098455625.6721 8914955810.2867 3219341675.1683 256334725.5917 28048747.0009 21845915.1223 21845915.1223 21843183.9013 21840452.6802 1837.0236 0.0931 0.0964 0.1285 0.1298 0.1304 0.1351 0.1366 0.1366 0.1366 0.1366 0.1298 0.0007 0.0052 0.0090 0.0171 0.0213 0.0216 0.0216 0.0216 0.0216 0.0216 1.4359 0.1944 0.1641 0.1340 0.1336 0.1309 0.1072 0.0999 0.0999 0.0999 0.0999 0.1338  
