8761 4 0.8030 0.7939 0.1677 0.2038 24478219.6034 22662661.6693 302105835.5145 28347.2589 629155.6213 31587778.5110 34575685.5999 12117783.4881 10480745.4306 10453338.8262 10453338.8262 10453338.8262 10453338.8262 10453338.8262 9.4955 0.4905 0.2623 0.2410 0.2175 0.2113 0.2111 0.2111 0.2111 0.2111 0.2111 0.2262 0.0416 0.5143 1.3000 1.5275 1.5374 1.5376 1.5376 1.5376 1.5376 1.5376 1.5376 0.1114 0.0803 0.0662 0.0578 0.0563 0.0563 0.0563 0.0563 0.0563 0.0563 0.0645  
8761 12 1.6262 0.6944 0.0178 0.0303 16443081.3699 4411631.7157 1245130095.0538 42940.2663 811324535.8032 4080340359.9384 1607074869.7176 306466887.8841 89474589.0851 55650197.3758 34520887.9915 18239789.7417 10529281.9972 8165987.3974 292.8998 0.5573 0.0192 0.0268 0.0415 0.0466 0.0478 0.0487 0.0506 0.0535 0.0553 0.0141 0.0186 0.1372 0.2786 0.3810 0.4352 0.4703 0.5138 0.5480 0.5643 0.5693 1.1640 0.1872 0.1138 0.0852 0.0731 0.0673 0.0657 0.0651 0.0639 0.0620 0.0608 0.1163  
8761 15 0.7677 0.6262 0.2072 0.1829 594812099.6731 0.0000 1651638652.9929 461082.7893 875549931.1537 12260572373.4635 8534691587.0394 3207770740.2407 1545775815.1099 925763114.6592 879168596.0230 870638299.1261 847318798.6135 813992290.7335 1259.6792 1.1251 0.0100 0.0042 0.0394 0.2548 0.4635 0.4861 0.4866 0.4874 0.4885 0.2157 0.0038 0.0342 0.0808 0.1147 0.1548 0.1707 0.1721 0.1731 0.1761 0.1804 1.6453 0.2737 0.2002 0.1548 0.1329 0.1231 0.1148 0.1139 0.1139 0.1138 0.1137 0.1635  
8761 29 0.7253 0.6635 0.0504 0.1138 73711929.0107 99136305.0308 258092252.9350 92830.9781 2265945.8537 307575670.9760 800474294.3572 743922535.4513 512444154.5022 348378724.7934 255904719.1939 207335234.9674 183718927.7778 174117533.4207 146.2660 4.9140 1.3277 0.2743 0.0747 0.0479 0.0774 0.1889 0.3185 0.3948 0.4283 0.1545 0.0008 0.0082 0.0282 0.0621 0.1093 0.1664 0.2317 0.3016 0.3756 0.4292 2.5550 0.1638 0.1191 0.1035 0.0843 0.0694 0.0596 0.0526 0.0477 0.0442 0.0421 0.0967  
8761 30 0.1304 0.8856 0.0188 0.0396 21708720.1243 45571.2886 165072381.7487 4078.3357 39.2775 5050.8663 1270319.6224 11434471.6549 20878024.6335 21091384.7594 20747455.8232 20719603.6436 20718351.0728 20718351.0728 0.5711 1.0646 3.4242 0.8728 0.2166 0.0698 0.0319 0.0250 0.0245 0.0245 0.0245 0.2991 0.0092 0.1152 0.3963 0.8329 1.2515 1.4225 1.4449 1.4461 1.4461 1.4461 1.4461 0.1305 0.0889 0.0689 0.0639 0.0596 0.0568 0.0563 0.0563 0.0563 0.0563 0.0663  
8761 35 1.0112 0.4714 0.2903 0.5535 12209840.6483 2347456.0589 106408992.1543 12696.0418 3919494.5600 53125736.4835 61227220.5236 66177497.5322 45640397.5873 23206522.3604 14386987.2111 12823650.0350 12521996.3036 12285577.8378 0.0416 0.5110 1.6405 1.7355 0.2473 0.1899 0.1335 0.0662 0.0465 0.0446 0.0444 0.0472 0.0143 0.1168 0.2527 0.3549 0.4242 0.4826 0.5057 0.5111 0.5149 0.5194 1.4702 0.1329 0.1125 0.0842 0.0757 0.0726 0.0699 0.0669 0.0660 0.0658 0.0658 0.0598  
8761 36 0.4504 0.5415 0.0456 0.1036 169687461.9226 1972485.8947 271453772.4996 79450.6448 31842057750.3066 48100152017.3130 24116382353.3824 8801145657.4216 869144236.7567 258020227.3473 241415210.9710 241415210.9710 241385028.7470 241354846.5229 4951.5152 1.3346 0.1382 0.1447 0.1451 0.1487 0.1574 0.1581 0.1581 0.1581 0.1581 0.1448 0.0007 0.0052 0.0090 0.0171 0.0213 0.0216 0.0216 0.0216 0.0216 0.0216 1.4359 0.1897 0.1723 0.1293 0.1283 0.1193 0.0980 0.0961 0.0961 0.0961 0.0961 0.1289  
17545 4 10.1296 2.7813 0.0408 0.0478 16184707.1659 5579784.1361 772878784.9440 16233.0904 3249649.8929 150562509.7578 154317683.5278 49783351.7748 42248276.3872 42122338.8042 42122338.8042 42122338.8042 42122338.8042 42122338.8042 39.2613 0.1487 0.0359 0.0305 0.0261 0.0243 0.0243 0.0243 0.0243 0.0243 0.0243 0.0269 0.0416 0.5143 1.3000 1.5275 1.5374 1.5376 1.5376 1.5376 1.5376 1.5376 1.5376 0.1123 0.0807 0.0663 0.0579 0.0563 0.0563 0.0563 0.0563 0.0563 0.0563 0.0651  
17545 12 1.7121 1.7700 0.0090 0.0131 18091657.9310 144100.0971 3091766133.5078 684706.5269 1377146054.4503 7673058357.9399 4879326447.4885 1413045005.4042 279027933.2728 123479941.1492 71644119.0506 33230997.9258 15039945.1572 9464856.4961 491.8557 0.0884 0.0040 0.0080 0.0139 0.0165 0.0174 0.0177 0.0181 0.0189 0.0196 0.0026 0.0186 0.1372 0.2786 0.3810 0.4352 0.4703 0.5138 0.5480 0.5643 0.5693 1.1640 0.1865 0.1076 0.0826 0.0743 0.0691 0.0659 0.0654 0.0645 0.0629 0.0614 0.1130  
17545 15 0.9937 1.0432 0.2361 0.2071 431312495.2118 0.0000 1529681617.7507 654737.1324 637005684.9127 12507940413.6015 11195259146.3657 4720672710.2738 1651003201.0404 471882858.5692 385350773.6086 380898199.4523 370898779.3958 356608350.3142 865.1920 0.1369 0.0009 0.0008 0.0195 0.1931 0.6193 0.7127 0.7139 0.7134 0.7127 0.2064 0.0038 0.0342 0.0808 0.1147 0.1548 0.1707 0.1721 0.1731 0.1761 0.1804 1.6453 0.2724 0.1903 0.1548 0.1341 0.1279 0.1164 0.1139 0.1139 0.1138 0.1137 0.1743  
17545 29 1.3211 0.8769 0.0423 0.0870 20041070.1677 805173.3038 233255734.4530 134065.4193 615975.3889 95637664.0115 493419590.5247 713154229.8922 529508411.3063 350478773.0492 246129134.7149 190498532.5981 161983654.0824 149515371.2233 89.9683 3.8115 0.6834 0.2745 0.0503 0.0093 0.0094 0.0232 0.0503 0.0857 0.1121 0.2774 0.0008 0.0082 0.0282 0.0621 0.1093 0.1664 0.2317 0.3016 0.3756 0.4292 2.5550 0.2284 0.1124 0.0947 0.0812 0.0697 0.0602 0.0532 0.0481 0.0444 0.0423 0.0844  
17545 30 1.2854 1.4486 0.0037 0.0088 4064087.7339 1588299.9632 168574752.3855 36174.5966 1657316.0825 36516394.1752 48711768.5579 19193956.5120 16250982.2652 21429132.4819 22418181.1950 22476900.8609 22478930.0084 22478930.0084 4.9260 0.0088 0.0525 0.1815 0.0885 0.0103 0.0056 0.0044 0.0043 0.0043 0.0043 0.2561 0.0092 0.1152 0.3963 0.8329 1.2515 1.4225 1.4449 1.4461 1.4461 1.4461 1.4461 0.1842 0.1317 0.1031 0.0736 0.0582 0.0565 0.0563 0.0563 0.0563 0.0563 0.0935  
17545 35 0.9121 0.8200 0.2095 0.2804 10439581.9672 1356.4657 94156893.1621 9377.2413 1067525.8333 17137422.0346 35796177.2421 59310950.3118 45167067.7400 22581023.7414 13609477.5237 12024273.2390 11730853.9430 11507948.1130 0.0388 0.3241 0.9855 0.6246 0.1718 0.1678 0.1117 0.0350 0.0105 0.0081 0.0078 0.0087 0.0143 0.1168 0.2527 0.3549 0.4242 0.4826 0.5057 0.5111 0.5149 0.5194 1.4702 0.1300 0.1094 0.0810 0.0746 0.0726 0.0702 0.0670 0.0660 0.0659 0.0658 0.0598  
17545 36 0.8914 0.8810 0.0602 0.1044 79449466.6362 901395.2499 259817304.4744 294821.2523 22076314189.1267 38599774037.2641 24522889996.5578 8927392156.2415 830027946.3032 206163497.0202 189212296.9974 189212296.9974 189188641.2886 189164985.5797 5044.1722 0.0990 0.1047 0.1330 0.1341 0.1363 0.1430 0.1438 0.1438 0.1438 0.1438 0.1340 0.0007 0.0052 0.0090 0.0171 0.0213 0.0216 0.0216 0.0216 0.0216 0.0216 1.4359 0.1945 0.1720 0.1340 0.1332 0.1257 0.1025 0.0999 0.0999 0.0999 0.0999 0.1337  
26305 4 1.2844 1.1508 0.0261 0.0272 16040864.8235 51016999.0789 1037677497.1585 164434.1792 1137027.5061 72886540.4002 119648277.6957 81857380.8482 78546589.3038 78489982.0353 78489982.0353 78489982.0353 78489982.0353 78489982.0353 63.0364 0.1392 0.0306 0.0258 0.0234 0.0230 0.0230 0.0230 0.0230 0.0230 0.0230 0.0235 0.0416 0.5143 1.3000 1.5275 1.5374 1.5376 1.5376 1.5376 1.5376 1.5376 1.5376 0.1102 0.0764 0.0629 0.0569 0.0563 0.0563 0.0563 0.0563 0.0563 0.0563 0.0588  
26305 12 0.9853 0.9483 0.0052 0.0062 19920478.2630 195809.7991 4170190657.3057 1172304.6728 45765418.1108 2727557523.1004 6962113760.0574 3461359205.8563 793393139.6453 373045399.3871 211622572.7460 90669335.9576 33391561.6228 15838155.4567 61.8910 0.0538 0.0034 0.0046 0.0061 0.0068 0.0072 0.0073 0.0076 0.0082 0.0090 0.0040 0.0186 0.1372 0.2786 0.3810 0.4352 0.4703 0.5138 0.5480 0.5643 0.5693 1.1640 0.1361 0.0901 0.0792 0.0736 0.0694 0.0661 0.0657 0.0654 0.0645 0.0631 0.0973  
26305 15 1.0979 1.0195 0.1604 0.3248 428678926.0075 0.0000 1489135122.2330 650593.3427 566380479.7374 11736257900.0056 12618071078.9902 6479960694.8881 1936601528.2755 155635332.9823 25861193.5092 24373892.9834 24556600.9454 24817728.3452 551.1217 0.1776 0.0011 0.0008 0.0117 0.1389 1.1676 2.5960 2.6400 2.6061 2.5565 0.2310 0.0038 0.0342 0.0808 0.1147 0.1548 0.1707 0.1721 0.1731 0.1761 0.1804 1.6453 0.2741 0.1874 0.1527 0.1342 0.1322 0.1242 0.1143 0.1138 0.1136 0.1132 0.1926  
26305 29 0.6745 0.8968 0.0203 0.0628 33902749.6641 811255.4987 197985692.0531 177117.3266 100924.3511 23138799.4552 335441911.4595 632348567.1291 524532714.9541 348458077.5691 231701218.3805 167203623.5220 131249342.0878 114368763.4508 74.3678 5.6422 1.0141 0.1897 0.0312 0.0104 0.0160 0.0431 0.0969 0.1715 0.2282 0.1749 0.0008 0.0082 0.0282 0.0621 0.1093 0.1664 0.2317 0.3016 0.3756 0.4292 2.5550 0.2885 0.1070 0.0861 0.0791 0.0693 0.0604 0.0535 0.0484 0.0446 0.0425 0.0706  
26305 30 1.0857 1.0902 0.0049 0.0276 36150076.3747 1921342.9341 180990283.6295 46499.0526 2006573.1230 47342468.6308 54355096.5640 26307097.0709 21695321.6726 22382916.6808 22538683.7205 22547815.8993 22548123.5572 22548123.5572 5.8664 0.0193 0.2648 0.8254 0.5327 0.0620 0.0130 0.0114 0.0114 0.0114 0.0114 0.9740 0.0092 0.1152 0.3963 0.8329 1.2515 1.4225 1.4449 1.4461 1.4461 1.4461 1.4461 0.1805 0.1318 0.1006 0.0739 0.0595 0.0565 0.0563 0.0563 0.0563 0.0563 0.0903  
26305 35 0.8459 0.9214 0.2333 0.2859 9376484.4862 4173.2502 84300251.1201 8553.3132 1375574.5525 19217220.8327 25590623.9600 51263661.4998 40749782.2569 20675518.0758 12671098.7768 11253697.5425 10984552.1599 10776077.0615 0.0362 0.2986 0.8576 0.6871 0.1768 0.1683 0.1123 0.0360 0.0118 0.0093 0.0091 0.0100 0.0143 0.1168 0.2527 0.3549 0.4242 0.4826 0.5057 0.5111 0.5149 0.5194 1.4702 0.1312 0.1120 0.0808 0.0741 0.0726 0.0702 0.0670 0.0660 0.0659 0.0658 0.0598  
26305 36 0.9178 0.8953 0.0601 0.1026 170335596.7043 1178841.9409 249870770.5105 262805.0769 14814457688.0823 31582252765.4386 24894764131.0162 9044923085.3013 800616760.5700 165431099.5760 148172280.1264 148172280.1264 148153755.3245 148135230.5226 5127.4951 0.0990 0.1019 0.1367 0.1378 0.1391 0.1440 0.1446 0.1446 0.1446 0.1446 0.1377 0.0007 0.0052 0.0090 0.0171 0.0213 0.0216 0.0216 0.0216 0.0216 0.0216 1.4359 0.1944 0.1666 0.1340 0.1334 0.1272 0.1032 0.0999 0.0999 0.0999 0.0999 0.1338  
35065 4 1.0686 1.0615 0.0243 0.0247 26448181.6902 8624686.0604 1212560477.4441 211196.7643 685815.6859 47098835.5205 102394438.2749 95565018.5583 94559840.7572 94542129.2815 94542129.2815 94542129.2815 94542129.2815 94542129.2815 73.8001 0.1806 0.0339 0.0260 0.0228 0.0225 0.0225 0.0225 0.0225 0.0225 0.0225 0.0229 0.0416 0.5143 1.3000 1.5275 1.5374 1.5376 1.5376 1.5376 1.5376 1.5376 1.5376 0.1101 0.0763 0.0612 0.0566 0.0563 0.0563 0.0563 0.0563 0.0563 0.0563 0.0574  
35065 12 0.9692 0.9493 0.0027 0.0028 11323042.0527 54809.2295 4438141435.7974 1155072.1570 6729091.2251 977611201.2541 5657126513.9957 4174768281.0515 1348429422.1114 776728234.8691 442369410.7552 185554722.5504 63939974.4519 26670168.8684 5.7177 0.1310 0.0022 0.0022 0.0026 0.0028 0.0029 0.0029 0.0030 0.0032 0.0035 0.0177 0.0186 0.1372 0.2786 0.3810 0.4352 0.4703 0.5138 0.5480 0.5643 0.5693 1.1640 0.1648 0.0823 0.0759 0.0728 0.0686 0.0660 0.0658 0.0657 0.0652 0.0643 0.0903  
35065 15 1.2080 1.2387 0.0090 0.0525 75555545.5040 0.0000 1728909411.7418 714276.7371 2324284399.2173 18433926547.5952 15035351984.9061 7456494181.7920 2205801961.0511 151533001.7044 1857092.4242 215448.3242 641853.1584 1251247.0458 1035.9125 0.3945 0.0040 0.0005 0.0013 0.0093 0.1533 2.7227 4.9420 3.7338 3.0137 0.0058 0.0038 0.0342 0.0808 0.1147 0.1548 0.1707 0.1721 0.1731 0.1761 0.1804 1.6453 0.2853 0.1979 0.1523 0.1342 0.1333 0.1329 0.1247 0.1094 0.1070 0.1053 0.2025  
35065 29 0.9313 0.9316 0.0098 0.0204 19945134.1156 842125.5598 176653892.9542 119464.8837 23103.4695 13044666.0905 261114049.9290 549382643.2888 511658500.1439 349838990.4023 224271974.4853 152042814.2120 112038355.9564 93652708.8157 74.8975 6.3788 0.5621 0.0404 0.0138 0.0084 0.0118 0.0319 0.0712 0.1224 0.1612 0.0256 0.0008 0.0082 0.0282 0.0621 0.1093 0.1664 0.2317 0.3016 0.3756 0.4292 2.5550 0.3216 0.0979 0.0836 0.0777 0.0685 0.0605 0.0539 0.0488 0.0449 0.0428 0.0673  
35065 30 1.1072 1.0912 0.0055 0.0337 46472521.2529 1222377.6867 198215972.1022 50484.3498 2475162.4650 54676111.4685 63519986.5747 32237375.0831 25393700.5045 24349641.9233 24185287.8091 24174924.6939 24174521.1644 24174521.1644 6.7887 0.0232 0.2880 0.8740 0.5187 0.0697 0.0178 0.0149 0.0148 0.0148 0.0148 0.9954 0.0092 0.1152 0.3963 0.8329 1.2515 1.4225 1.4449 1.4461 1.4461 1.4461 1.4461 0.1813 0.1313 0.1003 0.0735 0.0600 0.0566 0.0563 0.0563 0.0563 0.0563 0.0905  
35065 35 0.8994 0.9026 0.2447 0.3337 8552240.4034 3545.8723 73115946.1041 7235.3225 1179499.2744 16635581.2803 20192354.8809 42924052.8885 34836697.2200 18307570.6341 11706255.8485 10530337.4100 10291179.8739 10096794.1849 0.0337 0.3321 0.9667 0.8574 0.1911 0.1782 0.1160 0.0367 0.0127 0.0103 0.0100 0.0110 0.0143 0.1168 0.2527 0.3549 0.4242 0.4826 0.5057 0.5111 0.5149 0.5194 1.4702 0.1310 0.1124 0.0809 0.0739 0.0725 0.0700 0.0669 0.0660 0.0659 0.0658 0.0598  
35065 36 0.8986 0.8984 0.0588 0.1016 166256488.8484 849799.8891 235789136.2742 241193.9550 9789095495.8972 26106623767.2786 24231786524.2855 8792442909.5720 752593649.3661 133160458.2800 116329649.1269 116329649.1269 116315105.3560 116300561.5850 4995.1324 0.0988 0.1013 0.1351 0.1360 0.1369 0.1414 0.1421 0.1421 0.1421 0.1421 0.1359 0.0007 0.0052 0.0090 0.0171 0.0213 0.0216 0.0216 0.0216 0.0216 0.0216 1.4359 0.1944 0.1610 0.1339 0.1335 0.1284 0.1039 0.0999 0.0999 0.0999 0.0999 0.1338  
43825 4 1.2901 1.2146 0.0185 0.0183 20665336.7904 17494207.7634 1467387467.8644 225677.2742 1936242.4285 108053117.4857 168694130.0510 117231850.5259 112961633.2361 112889432.9844 112889432.9844 112889432.9844 112889432.9844 112889432.9844 90.2350 0.1454 0.0259 0.0185 0.0164 0.0162 0.0162 0.0162 0.0162 0.0162 0.0162 0.0164 0.0416 0.5143 1.3000 1.5275 1.5374 1.5376 1.5376 1.5376 1.5376 1.5376 1.5376 0.1105 0.0791 0.0628 0.0567 0.0563 0.0563 0.0563 0.0563 0.0563 0.0563 0.0583  
43825 12 0.9739 0.9502 0.0023 0.0023 11157177.7569 36618.4414 4510235922.2589 1119528.1056 1755581.4398 429410063.8874 3949418022.0944 3773738968.5326 1957827446.4428 1345804835.1298 770354040.5722 320531444.9477 107518093.5918 42238702.0812 2.7394 0.1752 0.0023 0.0022 0.0023 0.0025 0.0026 0.0026 0.0026 0.0027 0.0029 0.0252 0.0186 0.1372 0.2786 0.3810 0.4352 0.4703 0.5138 0.5480 0.5643 0.5693 1.1640 0.1722 0.0794 0.0742 0.0718 0.0675 0.0660 0.0659 0.0658 0.0656 0.0650 0.0752  
43825 15 1.3173 1.1554 0.0010 0.0032 21822973.2337 0.0000 2038075990.2786 862844.4845 3153877734.2619 22802791343.8607 19133020676.4621 8349894075.5899 2451641965.4263 168391463.7436 2014404.7633 91619.2980 279116.9984 547078.2004 1159.1200 0.3790 0.0031 0.0003 0.0004 0.0005 0.0036 0.2676 3.2886 1.7080 1.2304 0.0005 0.0038 0.0342 0.0808 0.1147 0.1548 0.1707 0.1721 0.1731 0.1761 0.1804 1.6453 0.2840 0.1961 0.1535 0.1344 0.1333 0.1333 0.1329 0.1012 0.0999 0.0996 0.2028  
43825 29 0.9376 0.9289 0.0110 0.0160 25553294.4811 963527.6115 152548491.4982 111253.5701 44851.0971 10046395.7254 205679805.3819 473099746.4307 490614365.3349 349051722.1776 217121238.9866 134961964.8242 89748104.5868 69881782.8039 74.2715 6.2383 0.8533 0.0252 0.0124 0.0096 0.0162 0.0455 0.1060 0.1899 0.2559 0.0107 0.0008 0.0082 0.0282 0.0621 0.1093 0.1664 0.2317 0.3016 0.3756 0.4292 2.5550 0.3227 0.1076 0.0832 0.0766 0.0678 0.0605 0.0542 0.0492 0.0453 0.0431 0.0671  
43825 30 1.0908 1.1608 0.0052 0.0325 50459165.2236 1330920.7182 221895224.2580 55898.5763 2606737.1759 70790095.9792 90289528.1531 44077550.0157 31267300.7878 26874046.0877 26166791.1542 26125156.3959 26123699.4086 26123699.4086 10.3800 0.0198 0.2361 0.7303 0.4484 0.0663 0.0172 0.0138 0.0136 0.0136 0.0136 0.8542 0.0092 0.1152 0.3963 0.8329 1.2515 1.4225 1.4449 1.4461 1.4461 1.4461 1.4461 0.1803 0.1300 0.1003 0.0737 0.0604 0.0567 0.0563 0.0563 0.0563 0.0563 0.0907  
43825 35 0.8645 0.8793 0.1558 0.3637 7234917.5914 49493.8387 70176176.3969 6507.5787 812757.8935 9437799.6874 14879524.3259 36012697.6632 29990465.5693 16282900.6129 10796683.6139 9813537.5184 9600351.7620 9419958.9864 0.0314 0.3490 1.2296 0.9793 0.1903 0.1781 0.1120 0.0348 0.0127 0.0105 0.0103 0.0110 0.0143 0.1168 0.2527 0.3549 0.4242 0.4826 0.5057 0.5111 0.5149 0.5194 1.4702 0.1333 0.1128 0.0803 0.0738 0.0724 0.0698 0.0668 0.0660 0.0658 0.0658 0.0598  
43825 36 0.9086 0.9565 0.0588 0.1015 149234004.4836 1135628.5182 210729235.4069 216732.9427 9831347755.2309 24763820435.6264 22171796235.2144 8034137262.9930 673834186.6455 106756884.7232 91348650.9207 91348650.9207 91337230.3253 91325809.7299 4570.1350 0.0989 0.1014 0.1342 0.1356 0.1365 0.1410 0.1419 0.1419 0.1419 0.1419 0.1356 0.0007 0.0052 0.0090 0.0171 0.0213 0.0216 0.0216 0.0216 0.0216 0.0216 1.4359 0.1944 0.1612 0.1340 0.1336 0.1291 0.1046 0.0999 0.0999 0.0999 0.0999 0.1338  
52609 4 1.0150 1.0302 0.0192 0.0181 24247062.1206 17601989.1434 1573248426.7732 291140.1805 666742.0280 54587655.4221 141828665.4004 133388125.2759 131600275.2434 131568118.9309 131568118.9309 131568118.9309 131568118.9309 131568118.9309 101.7472 0.1695 0.0261 0.0191 0.0170 0.0169 0.0169 0.0169 0.0169 0.0169 0.0169 0.0171 0.0416 0.5143 1.3000 1.5275 1.5374 1.5376 1.5376 1.5376 1.5376 1.5376 1.5376 0.1097 0.0743 0.0607 0.0566 0.0563 0.0563 0.0563 0.0563 0.0563 0.0563 0.0571  
52609 12 0.9685 0.9516 0.0023 0.0022 11213315.2714 37852.8771 4484165228.0633 1090264.1859 2148969.7038 237228093.7931 2656220785.9526 3208505371.6996 2359255015.5238 1752111338.6550 1005004887.1504 417053570.2996 138629578.3543 53304753.7822 2.5486 0.1736 0.0032 0.0021 0.0023 0.0025 0.0025 0.0025 0.0025 0.0026 0.0027 0.0309 0.0186 0.1372 0.2786 0.3810 0.4352 0.4703 0.5138 0.5480 0.5643 0.5693 1.1640 0.1864 0.0784 0.0736 0.0706 0.0667 0.0659 0.0659 0.0658 0.0657 0.0653 0.0731  
52609 15 1.0622 0.9782 0.0007 0.0013 4611364.5848 0.0000 2270727059.1105 1136637.9194 1477495336.3582 18645048818.0469 21350256073.9847 9775997819.1035 2877254569.2672 197629194.0478 2360474.4166 56275.1468 137366.9194 253258.7425 661.9628 0.1478 0.0006 0.0002 0.0003 0.0005 0.0040 0.3125 5.4016 3.1041 2.1105 0.0006 0.0038 0.0342 0.0808 0.1147 0.1548 0.1707 0.1721 0.1731 0.1761 0.1804 1.6453 0.2753 0.1843 0.1536 0.1345 0.1333 0.1333 0.1330 0.1038 0.1010 0.1002 0.2028  
52609 29 0.9550 0.9247 0.0146 0.0223 25471283.8793 832781.5961 129442531.3672 104309.9207 40491.4801 7514399.7203 157248848.2903 401598648.4117 465110838.5664 347292074.2980 210562675.6460 117900244.7440 68537606.1312 48479751.1424 71.8342 6.2161 0.9167 0.0415 0.0181 0.0116 0.0189 0.0540 0.1302 0.2401 0.3296 0.0130 0.0008 0.0082 0.0282 0.0621 0.1093 0.1664 0.2317 0.3016 0.3756 0.4292 2.5550 0.3328 0.1096 0.0829 0.0754 0.0670 0.0603 0.0546 0.0498 0.0459 0.0435 0.0671  
52609 30 1.1562 1.1207 0.0050 0.0327 55874279.0646 1613456.6988 260914750.0895 60975.4841 2568102.4433 71447983.6068 109334557.4278 64903697.8912 42498949.8943 30674655.0672 28718646.3918 28604140.6864 28600204.3411 28600204.3411 13.2031 0.0207 0.2242 0.6382 0.3769 0.0652 0.0186 0.0142 0.0140 0.0140 0.0140 0.6861 0.0092 0.1152 0.3963 0.8329 1.2515 1.4225 1.4449 1.4461 1.4461 1.4461 1.4461 0.1792 0.1282 0.0978 0.0733 0.0610 0.0569 0.0563 0.0563 0.0563 0.0563 0.0897  
52609 35 0.7745 0.9675 0.1810 0.4476 6507165.4783 71946.3709 58559900.3971 5625.7342 1531484.8426 14518375.8340 13673959.9601 31978596.8478 26793588.3876 14817629.2968 10022280.4711 9159699.8775 8965350.1783 8797210.3493 0.0293 0.4485 1.2129 1.3176 0.1994 0.1774 0.1100 0.0337 0.0127 0.0107 0.0105 0.0113 0.0143 0.1168 0.2527 0.3549 0.4242 0.4826 0.5057 0.5111 0.5149 0.5194 1.4702 0.1368 0.1142 0.0819 0.0739 0.0724 0.0696 0.0668 0.0660 0.0658 0.0658 0.0598  
52609 36 0.8854 0.9227 0.0589 0.1014 133819602.5952 988116.2620 190958751.3818 196927.3628 8631750223.2564 22051662683.9470 19925233549.4092 7213720027.5757 595493481.0496 85589742.3926 71734987.5033 71734987.5033 71726019.0483 71717050.5932 4107.4460 0.0986 0.1014 0.1348 0.1359 0.1366 0.1409 0.1418 0.1418 0.1418 0.1418 0.1358 0.0007 0.0052 0.0090 0.0171 0.0213 0.0216 0.0216 0.0216 0.0216 0.0216 1.4359 0.1944 0.1610 0.1340 0.1336 0.1297 0.1052 0.0999 0.0999 0.0999 0.0999 0.1338  
61369 4 0.9914 0.9791 0.0153 0.0144 19495227.5846 14224854.0060 1556455323.2383 295503.4717 247356.9035 23926520.3073 107734903.8363 135433764.0872 136539975.6053 136556691.3378 136556691.3378 136556691.3378 136556691.3378 136556691.3378 104.6818 0.1764 0.0192 0.0142 0.0138 0.0138 0.0138 0.0138 0.0138 0.0138 0.0138 0.0138 0.0416 0.5143 1.3000 1.5275 1.5374 1.5376 1.5376 1.5376 1.5376 1.5376 1.5376 0.1101 0.0716 0.0587 0.0564 0.0563 0.0563 0.0563 0.0563 0.0563 0.0563 0.0565  
61369 12 0.9563 0.9522 0.0023 0.0022 11124318.3584 31226.1260 4375896458.8781 1055955.6999 1245072.5957 124696120.1108 1636409051.0508 2694812496.4807 2639328263.9381 2047699955.2822 1175866484.6750 487296860.4453 161225231.9988 61298543.5427 2.1611 0.1805 0.0039 0.0021 0.0023 0.0025 0.0025 0.0025 0.0025 0.0025 0.0026 0.0256 0.0186 0.1372 0.2786 0.3810 0.4352 0.4703 0.5138 0.5480 0.5643 0.5693 1.1640 0.1838 0.0777 0.0730 0.0693 0.0663 0.0659 0.0659 0.0658 0.0657 0.0654 0.0700  
61369 15 1.1116 1.0559 0.0007 0.0014 4933139.5356 0.0000 2459421217.7774 1207291.7452 2308522361.6132 19808170269.4867 21973324099.3281 11112133834.6921 3288958614.9611 225906713.0315 2693470.9641 39198.1997 72458.6471 119992.6246 769.5227 0.1775 0.0009 0.0002 0.0003 0.0005 0.0046 0.3525 7.3226 5.1622 3.7696 0.0007 0.0038 0.0342 0.0808 0.1147 0.1548 0.1707 0.1721 0.1731 0.1761 0.1804 1.6453 0.2827 0.1875 0.1525 0.1343 0.1333 0.1333 0.1331 0.1077 0.1034 0.1016 0.2028  
61369 29 0.9367 0.9201 0.0181 0.0271 25543420.2259 788778.5798 110072451.1273 99617.2225 36227.2673 5413237.2414 116121667.3800 332488459.2562 431849960.5457 346764276.7465 207110898.0201 101275150.5923 48650583.2946 30026367.0209 66.2618 6.3957 1.1464 0.0519 0.0202 0.0134 0.0236 0.0679 0.1700 0.3208 0.4453 0.0155 0.0008 0.0082 0.0282 0.0621 0.1093 0.1664 0.2317 0.3016 0.3756 0.4292 2.5550 0.3296 0.1140 0.0825 0.0742 0.0663 0.0600 0.0550 0.0506 0.0466 0.0441 0.0671  
61369 30 1.2008 1.1239 0.0041 0.0311 60953254.4478 1468811.5239 327265499.0933 70500.3787 3031155.4883 75775952.0863 120789718.6721 81823282.0312 56634199.3691 38215317.7881 34868630.4687 34666761.0261 34659559.8129 34659559.8129 14.9066 0.0193 0.2021 0.5890 0.3154 0.0612 0.0184 0.0133 0.0130 0.0129 0.0129 0.5826 0.0092 0.1152 0.3963 0.8329 1.2515 1.4225 1.4449 1.4461 1.4461 1.4461 1.4461 0.1784 0.1288 0.0964 0.0722 0.0613 0.0571 0.0563 0.0563 0.0563 0.0563 0.0877  
61369 35 1.1176 0.8561 0.1344 0.4106 5625375.7684 79056.3468 57578510.4983 4357.0215 718036.5641 4801111.1961 9822685.5357 26630268.9830 22874542.3460 13146375.2022 9242565.8890 8534389.0360 8361466.3295 8205377.7813 0.0272 0.4577 1.5895 1.1491 0.1965 0.1814 0.1093 0.0338 0.0136 0.0117 0.0115 0.0123 0.0143 0.1168 0.2527 0.3549 0.4242 0.4826 0.5057 0.5111 0.5149 0.5194 1.4702 0.1372 0.1149 0.0794 0.0736 0.0723 0.0695 0.0667 0.0660 0.0658 0.0658 0.0598  
61369 36 0.9115 0.9474 0.0590 0.1017 122891541.1633 860100.0237 176648047.1381 174351.5439 8052031497.7490 20456673940.1374 18416636582.6935 6661051942.0507 540671649.6880 69124661.4526 56312108.1968 56312108.1968 56305067.9417 56298027.6866 3796.6178 0.0989 0.1018 0.1348 0.1361 0.1368 0.1411 0.1422 0.1422 0.1422 0.1422 0.1361 0.0007 0.0052 0.0090 0.0171 0.0213 0.0216 0.0216 0.0216 0.0216 0.0216 1.4359 0.1944 0.1615 0.1340 0.1336 0.1302 0.1059 0.0999 0.0999 0.0999 0.0999 0.1338  
70129 4 0.9581 0.9769 0.0152 0.0142 19208305.7052 12974380.5929 1509092196.6342 292953.3293 182193.0542 18859297.1553 97385594.8439 131902867.8178 133746509.3676 133776126.4507 133776126.4507 133776126.4507 133776126.4507 133776126.4507 102.4658 0.1858 0.0221 0.0146 0.0137 0.0137 0.0137 0.0137 0.0137 0.0137 0.0137 0.0137 0.0416 0.5143 1.3000 1.5275 1.5374 1.5376 1.5376 1.5376 1.5376 1.5376 1.5376 0.1102 0.0727 0.0580 0.0564 0.0563 0.0563 0.0563 0.0563 0.0563 0.0563 0.0565  
70129 12 0.9586 0.9536 0.0024 0.0023 10998082.6164 44774.8699 4214502008.0682 1009841.3766 3274579.7335 72548673.6727 962476582.4131 2299820418.0071 2758869802.9534 2191232645.1568 1259025385.2570 521404514.1889 172104759.5610 65059699.4140 2.5010 0.1686 0.0085 0.0022 0.0024 0.0025 0.0025 0.0025 0.0025 0.0025 0.0026 0.0378 0.0186 0.1372 0.2786 0.3810 0.4352 0.4703 0.5138 0.5480 0.5643 0.5693 1.1640 0.1895 0.0805 0.0723 0.0681 0.0661 0.0659 0.0659 0.0659 0.0658 0.0655 0.0784  
70129 15 1.0312 1.0590 0.0007 0.0014 5266477.2889 0.0000 2542030990.2678 1342015.8561 3023546394.5908 23045035694.7022 22033120303.8276 11860877214.0912 3522683250.1227 241964033.9055 2887402.5539 36830.1513 50038.8141 68915.9088 1140.6170 0.1686 0.0009 0.0002 0.0002 0.0004 0.0048 0.3741 8.3882 6.9693 5.6876 0.0006 0.0038 0.0342 0.0808 0.1147 0.1548 0.1707 0.1721 0.1731 0.1761 0.1804 1.6453 0.2819 0.1916 0.1519 0.1342 0.1333 0.1333 0.1331 0.1108 0.1068 0.1043 0.2028  
70129 29 0.9112 0.9151 0.0230 0.0302 24411608.4346 760148.4098 92095983.1259 93315.0920 16746.5902 3692677.5329 83140867.5091 266934819.9772 390067625.5153 345162568.6383 205321936.5613 85305702.0900 31323522.0070 15934722.2913 57.5294 6.4452 0.9854 0.0516 0.0239 0.0163 0.0293 0.0815 0.2161 0.4332 0.6072 0.0130 0.0008 0.0082 0.0282 0.0621 0.1093 0.1664 0.2317 0.3016 0.3756 0.4292 2.5550 0.3299 0.1094 0.0818 0.0731 0.0654 0.0595 0.0554 0.0518 0.0478 0.0451 0.0671  
70129 30 1.1644 0.9815 0.0050 0.0332 70470136.7281 1134548.5081 392587460.9903 84659.2006 2399368.6965 53876175.5874 84785423.8527 74312086.9199 61812341.2406 47164603.5884 44437137.8447 44273168.6418 44267490.5850 44267490.5850 11.1909 0.0248 0.2847 0.7650 0.3663 0.0655 0.0200 0.0147 0.0144 0.0144 0.0144 0.6754 0.0092 0.1152 0.3963 0.8329 1.2515 1.4225 1.4449 1.4461 1.4461 1.4461 1.4461 0.1779 0.1291 0.0944 0.0706 0.0610 0.0570 0.0563 0.0563 0.0563 0.0563 0.0850  
70129 35 0.6209 0.9827 0.1360 0.4759 4356851.1875 168609.7924 51884724.3317 4869.3498 1339604.9205 7695038.7608 10166710.1688 24924878.2688 21208376.9694 12216069.3159 8610938.3707 7956533.9009 7795795.1729 7650280.6921 0.0254 0.6247 1.6642 1.5067 0.1657 0.1519 0.0901 0.0278 0.0119 0.0104 0.0103 0.0109 0.0143 0.1168 0.2527 0.3549 0.4242 0.4826 0.5057 0.5111 0.5149 0.5194 1.4702 0.1385 0.1166 0.0812 0.0739 0.0722 0.0693 0.0666 0.0659 0.0658 0.0658 0.0598  
70129 36 0.9094 0.9260 0.0593 0.1016 117012438.6430 723657.2853 163116460.7310 158918.1251 6100842589.9106 17955320106.0415 17601731760.8812 6362309590.3197 507542448.9785 56459724.9361 44203211.0768 44203211.0768 44197684.7008 44192158.3249 3630.0667 0.0985 0.1016 0.1348 0.1359 0.1364 0.1409 0.1422 0.1422 0.1422 0.1422 0.1358 0.0007 0.0052 0.0090 0.0171 0.0213 0.0216 0.0216 0.0216 0.0216 0.0216 1.4359 0.1943 0.1586 0.1339 0.1337 0.1308 0.1069 0.0999 0.0999 0.0999 0.0999 0.1338  
78889 4 0.9668 0.9751 0.0156 0.0143 18734892.3567 13049548.2674 1465180292.4488 280671.7106 161424.5107 17413618.5609 92496175.4649 127403830.7212 129365378.9239 129397196.3846 129397196.3846 129397196.3846 129397196.3846 129397196.3846 99.0607 0.2100 0.0226 0.0147 0.0139 0.0139 0.0139 0.0139 0.0139 0.0139 0.0139 0.0139 0.0416 0.5143 1.3000 1.5275 1.5374 1.5376 1.5376 1.5376 1.5376 1.5376 1.5376 0.1103 0.0728 0.0579 0.0563 0.0563 0.0563 0.0563 0.0563 0.0563 0.0563 0.0565  
78889 12 0.9382 0.9538 0.0025 0.0024 11042763.7901 44792.6298 3991782624.1024 968006.0705 2912321.5596 48647540.2571 649480530.2755 2051101902.9909 2708930212.4274 2171940017.3786 1248231970.8073 516799660.7140 170430514.9144 64283570.3395 2.3330 0.1592 0.0115 0.0023 0.0025 0.0026 0.0026 0.0026 0.0026 0.0027 0.0027 0.0354 0.0186 0.1372 0.2786 0.3810 0.4352 0.4703 0.5138 0.5480 0.5643 0.5693 1.1640 0.1877 0.0834 0.0715 0.0672 0.0660 0.0659 0.0659 0.0659 0.0658 0.0655 0.0794  
78889 15 1.0481 0.9911 0.0007 0.0014 5138411.2271 0.0000 2612927074.6673 1383939.5550 2084360660.9993 22149360488.5958 22392257693.9477 12366168046.6375 3677188486.6284 252575689.0162 3012513.2623 33783.0992 38435.2739 45083.9160 1092.8543 0.1409 0.0006 0.0002 0.0002 0.0004 0.0046 0.3567 8.8581 8.0769 7.1880 0.0006 0.0038 0.0342 0.0808 0.1147 0.1548 0.1707 0.1721 0.1731 0.1761 0.1804 1.6453 0.2758 0.1888 0.1516 0.1341 0.1333 0.1333 0.1331 0.1124 0.1098 0.1073 0.2028  
78889 29 0.8067 0.9114 0.0335 0.0471 21870917.8390 602828.4734 75602744.2338 85026.0231 35633.1113 2662674.0444 60812457.0303 222209840.8947 355548603.3598 328069709.0929 189274758.2484 66646184.2891 17536381.6098 6899990.7277 51.8779 6.3227 1.6798 0.1008 0.0326 0.0213 0.0366 0.0939 0.2607 0.5818 0.8279 0.0202 0.0008 0.0082 0.0282 0.0621 0.1093 0.1664 0.2317 0.3016 0.3756 0.4292 2.5550 0.3316 0.1240 0.0816 0.0720 0.0648 0.0592 0.0558 0.0531 0.0493 0.0465 0.0671  
78889 30 1.0858 0.9523 0.0168 0.0386 84624250.3570 183077.6622 422536613.1073 98580.4392 2360303.5714 45903395.6057 51252061.5253 51397492.9232 55970889.1829 52711194.1678 52072209.7635 52035928.2883 52035010.2937 52035010.2937 7.4946 0.0388 0.4898 1.2772 0.5443 0.0763 0.0225 0.0181 0.0179 0.0179 0.0179 1.0490 0.0092 0.1152 0.3963 0.8329 1.2515 1.4225 1.4449 1.4461 1.4461 1.4461 1.4461 0.1777 0.1315 0.0968 0.0696 0.0601 0.0568 0.0563 0.0563 0.0563 0.0563 0.0835  
78889 35 1.2991 0.9276 0.1713 0.4823 4869025.6972 84432.2693 49657297.6568 3023.1539 1115542.3738 7128663.9795 9438634.4811 21635993.0928 18446279.1124 10947571.3247 7941190.1707 7391348.4570 7247089.6630 7112396.2622 0.0236 0.4857 1.5178 1.4134 0.2170 0.1889 0.1110 0.0335 0.0138 0.0119 0.0117 0.0125 0.0143 0.1168 0.2527 0.3549 0.4242 0.4826 0.5057 0.5111 0.5149 0.5194 1.4702 0.1370 0.1159 0.0812 0.0739 0.0722 0.0693 0.0666 0.0659 0.0658 0.0658 0.0598  
78889 36 0.8741 0.9253 0.0596 0.1020 102069229.4719 668289.7950 138770077.6867 144525.2368 6050453542.5845 16286321211.1597 15196604039.8622 5489660812.7901 434714943.5658 45254748.4346 34672599.5478 34672599.5478 34668264.7084 34663929.8690 3133.5175 0.0987 0.1021 0.1357 0.1368 0.1372 0.1415 0.1430 0.1430 0.1430 0.1430 0.1367 0.0007 0.0052 0.0090 0.0171 0.0213 0.0216 0.0216 0.0216 0.0216 0.0216 1.4359 0.1943 0.1589 0.1339 0.1337 0.1311 0.1077 0.0999 0.0999 0.0999 0.0999 0.1338  
87673 4 0.9862 0.9969 0.0156 0.0147 18637053.3611 13233741.8848 1446436605.1392 271345.4040 329490.7328 26588400.4263 99709733.3838 124989731.6166 126272775.6412 126293308.0390 126293308.0390 126293308.0390 126293308.0390 126293308.0390 97.0762 0.2002 0.0246 0.0154 0.0141 0.0140 0.0140 0.0140 0.0140 0.0140 0.0140 0.0141 0.0416 0.5143 1.3000 1.5275 1.5374 1.5376 1.5376 1.5376 1.5376 1.5376 1.5376 0.1110 0.0756 0.0587 0.0564 0.0563 0.0563 0.0563 0.0563 0.0563 0.0563 0.0567  
87673 12 0.9475 0.9565 0.0026 0.0025 10829372.9671 62053.0750 3770855331.6383 908173.8688 9321333.9795 55997342.5601 467584071.0940 1857516177.7673 2609196664.7304 2103656337.9578 1209156711.2810 500548068.8122 164987062.6910 62152345.4461 3.5514 0.1390 0.0218 0.0023 0.0027 0.0027 0.0027 0.0027 0.0027 0.0027 0.0028 0.0492 0.0186 0.1372 0.2786 0.3810 0.4352 0.4703 0.5138 0.5480 0.5643 0.5693 1.1640 0.1920 0.0942 0.0708 0.0668 0.0660 0.0659 0.0659 0.0659 0.0658 0.0655 0.0943  
87673 15 1.0164 1.0164 0.0007 0.0014 5338992.5868 0.0000 2649642881.8284 1450543.7429 1596098429.8379 24295753256.1845 21693844546.5344 12749441929.9415 3803073266.1892 261225005.3268 3118254.5349 36260.9395 37302.1062 38790.1002 1461.0727 0.1642 0.0007 0.0002 0.0002 0.0005 0.0046 0.3560 9.1027 8.7525 8.2849 0.0005 0.0038 0.0342 0.0808 0.1147 0.1548 0.1707 0.1721 0.1731 0.1761 0.1804 1.6453 0.2707 0.1898 0.1513 0.1341 0.1333 0.1333 0.1331 0.1133 0.1120 0.1104 0.2028  
87673 29 0.6665 0.9144 0.0430 0.0623 16301162.4028 342276.3685 64064444.6847 68593.2195 27371.7396 1785174.3221 43582302.9628 186015245.1094 322756555.8692 306491746.2429 173100072.6360 53665599.2170 9742786.4374 2549121.9824 46.9017 6.4300 1.8496 0.1390 0.0457 0.0272 0.0400 0.0822 0.2192 0.5991 1.0096 0.0229 0.0008 0.0082 0.0282 0.0621 0.1093 0.1664 0.2317 0.3016 0.3756 0.4292 2.5550 0.3342 0.1256 0.0808 0.0709 0.0643 0.0591 0.0562 0.0545 0.0517 0.0488 0.0671  
87673 30 1.1109 1.4396 0.0214 0.0351 98542950.7926 281094.5906 455696248.9649 107041.7084 6655202.9381 158334165.7752 199083030.7941 87725701.7510 57117578.2795 55494662.9678 55688071.0368 55705978.4216 55706905.4032 55706905.4032 21.5745 0.0275 0.2388 0.6975 0.5182 0.0664 0.0206 0.0176 0.0174 0.0174 0.0174 0.7711 0.0092 0.1152 0.3963 0.8329 1.2515 1.4225 1.4449 1.4461 1.4461 1.4461 1.4461 0.1757 0.1313 0.1015 0.0751 0.0600 0.0566 0.0563 0.0563 0.0563 0.0563 0.0914  
87673 35 0.8262 0.9970 0.1475 0.4297 3023036.0220 252021.5304 43280083.9830 3927.4043 1540079.7562 9385241.5737 10851602.5379 20936971.9781 17369943.3917 10247667.7338 7400178.5985 6880110.7676 6745173.4365 6619812.8181 0.0220 0.5132 1.4355 1.3838 0.1260 0.1263 0.0739 0.0236 0.0113 0.0102 0.0100 0.0105 0.0143 0.1168 0.2527 0.3549 0.4242 0.4826 0.5057 0.5111 0.5149 0.5194 1.4702 0.1371 0.1159 0.0825 0.0742 0.0721 0.0692 0.0666 0.0659 0.0658 0.0658 0.0598  
87673 36 0.8373 0.8824 0.0573 0.0983 84430569.1868 687603.1976 118736481.6353 126327.7262 4961372133.1032 13589533436.6208 12809788371.8115 4626403959.6359 364588584.5395 36235424.9036 27313634.7110 27313634.7110 27310219.9044 27306805.0979 2641.5083 0.0934 0.0970 0.1317 0.1324 0.1328 0.1372 0.1387 0.1387 0.1387 0.1387 0.1323 0.0007 0.0052 0.0090 0.0171 0.0213 0.0216 0.0216 0.0216 0.0216 0.0216 1.4359 0.1943 0.1580 0.1339 0.1337 0.1313 0.1081 0.0999 0.0999 0.0999 0.0999 0.1338  
96433 4 1.0013 0.9915 0.0160 0.0150 18252213.9413 16016959.3343 1450740737.8504 267614.1665 291521.9924 25140644.0632 96515671.7604 123715148.3158 125221937.6346 125246424.5804 125246424.5804 125246424.5804 125246424.5804 125246424.5804 96.2226 0.2034 0.0218 0.0152 0.0149 0.0148 0.0148 0.0148 0.0148 0.0148 0.0148 0.0149 0.0416 0.5143 1.3000 1.5275 1.5374 1.5376 1.5376 1.5376 1.5376 1.5376 1.5376 0.1106 0.0748 0.0587 0.0564 0.0563 0.0563 0.0563 0.0563 0.0563 0.0563 0.0566  
96433 12 0.9459 0.9596 0.0028 0.0026 10934983.9283 76834.8332 3552998175.3264 860524.8336 15102516.8066 83493134.8782 383006129.7267 1706179796.5074 2481153344.2750 2006495358.7545 1153397468.6133 477428921.1730 157324609.3480 59226693.7513 5.2899 0.1221 0.0192 0.0024 0.0029 0.0029 0.0029 0.0029 0.0029 0.0029 0.0030 0.0377 0.0186 0.1372 0.2786 0.3810 0.4352 0.4703 0.5138 0.5480 0.5643 0.5693 1.1640 0.1887 0.1008 0.0706 0.0664 0.0659 0.0659 0.0659 0.0659 0.0658 0.0655 0.1030  
96433 15 1.0645 1.0794 0.0007 0.0013 19211597.1416 0.0000 2761186467.7390 1474359.5747 2862284302.0541 29501315193.3847 22077898993.1432 13182239219.0945 3936031830.2570 270355113.9282 3224475.7371 34284.2167 34058.2170 33735.2470 1975.4519 0.3223 0.0021 0.0002 0.0002 0.0004 0.0045 0.3529 9.1462 9.0095 8.8100 0.0004 0.0038 0.0342 0.0808 0.1147 0.1548 0.1707 0.1721 0.1731 0.1761 0.1804 1.6453 0.2775 0.1956 0.1511 0.1340 0.1333 0.1333 0.1331 0.1137 0.1131 0.1123 0.2028  
96433 29 0.5823 0.9217 0.0437 0.0772 10728118.4987 253361.9293 56846630.5294 45715.8949 25303.8036 1193846.7531 31459535.6969 157464261.7927 291876441.3113 283502333.1373 159154470.1374 46394427.0586 6566362.3389 1106454.2445 42.2960 6.4823 2.0261 0.1883 0.0547 0.0297 0.0384 0.0614 0.1345 0.4088 0.8858 0.0253 0.0008 0.0082 0.0282 0.0621 0.1093 0.1664 0.2317 0.3016 0.3756 0.4292 2.5550 0.3411 0.1292 0.0798 0.0698 0.0640 0.0590 0.0565 0.0554 0.0543 0.0527 0.0671  
96433 30 1.0975 0.9940 0.0198 0.0389 106995986.2770 327163.2183 547294549.8775 118912.3224 3695849.3643 88739068.2601 157962215.4380 136793938.9399 86971821.5675 63551326.2833 60786639.6937 60652744.4429 60649648.7528 60649648.7528 19.7524 0.0291 0.2316 0.6116 0.4023 0.0809 0.0203 0.0162 0.0160 0.0160 0.0160 0.5253 0.0092 0.1152 0.3963 0.8329 1.2515 1.4225 1.4449 1.4461 1.4461 1.4461 1.4461 0.1750 0.1266 0.0935 0.0737 0.0615 0.0568 0.0563 0.0563 0.0563 0.0563 0.0870  
96433 35 1.0004 0.9025 0.1201 0.4160 3927192.6247 194065.7953 38705539.3276 3244.9383 1056295.4027 6298868.0476 8503329.8589 18315150.1688 15533286.3333 9320868.9952 6831755.0301 6375181.4546 6252419.0875 6136557.0863 0.0204 0.5476 1.3694 1.1770 0.1944 0.1843 0.1062 0.0332 0.0151 0.0134 0.0133 0.0140 0.0143 0.1168 0.2527 0.3549 0.4242 0.4826 0.5057 0.5111 0.5149 0.5194 1.4702 0.1370 0.1158 0.0812 0.0740 0.0721 0.0692 0.0666 0.0659 0.0658 0.0658 0.0598  
96433 36 0.9005 0.9557 0.0569 0.0969 72344644.8231 652853.7917 102421907.1885 105775.1156 5570741261.0001 13067615259.8633 11127707271.6604 4015823147.1055 314499069.2863 29329171.2143 21580727.0643 21580727.0643 21578028.9976 21575330.9309 2293.7159 0.0934 0.0965 0.1282 0.1295 0.1299 0.1341 0.1357 0.1357 0.1357 0.1357 0.1295 0.0007 0.0052 0.0090 0.0171 0.0213 0.0216 0.0216 0.0216 0.0216 0.0216 1.4359 0.1943 0.1621 0.1339 0.1337 0.1315 0.1086 0.0998 0.0998 0.0998 0.0998 0.1338  
