8761 4 0.7829 0.7958 0.1628 0.2025 24424990.3984 21712629.1463 250726194.3438 27636.3933 638947.7975 30986868.9965 34366380.2728 12247861.1220 10671695.8158 10645348.5021 10645348.5021 10645348.5021 10645348.5021 10645348.5021 9.6881 0.5092 0.2625 0.2438 0.2118 0.2019 0.2017 0.2017 0.2017 0.2017 0.2017 0.2189 0.0416 0.5143 1.3000 1.5275 1.5374 1.5376 1.5376 1.5376 1.5376 1.5376 1.5376 0.1124 0.0801 0.0663 0.0578 0.0563 0.0563 0.0563 0.0563 0.0563 0.0563 0.0645  
8761 12 1.6383 0.6944 0.0184 0.0306 16652839.9969 4615630.1111 1186494358.1709 43260.3489 791873790.9609 4144492765.8226 1553432659.8064 314394624.2842 90772412.2500 55393284.8355 34347992.9984 18167521.0257 10504664.8661 8155973.4443 306.7645 0.5567 0.0197 0.0271 0.0418 0.0467 0.0479 0.0488 0.0508 0.0537 0.0556 0.0147 0.0186 0.1372 0.2786 0.3810 0.4352 0.4703 0.5138 0.5480 0.5643 0.5693 1.1640 0.1863 0.1139 0.0852 0.0730 0.0673 0.0657 0.0651 0.0638 0.0620 0.0608 0.1162  
8761 15 0.7770 0.6264 0.2027 0.1819 596634696.5533 15227.7954 1714556366.0327 466664.1982 971620348.3822 11997121042.1450 8366512053.1605 3479644247.9254 1629929198.4994 928962746.7983 876476539.0354 867919322.0049 844726858.2071 811581902.7695 1254.5036 1.1239 0.0094 0.0035 0.0379 0.2511 0.4653 0.4892 0.4898 0.4904 0.4915 0.2194 0.0038 0.0342 0.0808 0.1147 0.1548 0.1707 0.1721 0.1731 0.1761 0.1804 1.6453 0.2752 0.2004 0.1545 0.1329 0.1233 0.1148 0.1139 0.1139 0.1138 0.1137 0.1630  
8761 29 0.7460 0.6619 0.0575 0.1184 73514575.5549 105126786.1793 257413614.1900 95475.5394 2436362.2325 329094154.6475 810858901.9639 715894517.9172 500738579.7781 346100798.3508 255315023.0988 206915133.0031 183260368.4340 173621093.9848 152.0143 4.8998 1.3202 0.2783 0.0796 0.0528 0.0826 0.1935 0.3221 0.3979 0.4314 0.1587 0.0008 0.0082 0.0282 0.0621 0.1093 0.1664 0.2317 0.3016 0.3756 0.4292 2.5550 0.1629 0.1191 0.1038 0.0844 0.0694 0.0596 0.0526 0.0477 0.0442 0.0421 0.0971  
8761 30 0.1311 0.8859 0.0180 0.0395 21531785.4668 35231.3287 166685239.4039 4102.6135 11.5293 4016.7875 1152713.5960 10320142.6570 19813688.8921 21310273.6807 21266393.8099 21257964.4412 21257470.4570 21257470.4570 0.5502 1.4659 3.5470 0.8832 0.2161 0.0684 0.0322 0.0260 0.0256 0.0256 0.0256 0.2947 0.0092 0.1152 0.3963 0.8329 1.2515 1.4225 1.4449 1.4461 1.4461 1.4461 1.4461 0.1299 0.0866 0.0689 0.0639 0.0595 0.0568 0.0563 0.0563 0.0563 0.0563 0.0663  
8761 35 0.9477 0.4555 0.2872 0.5633 12279751.3133 2304019.5381 108940936.9227 11898.6274 3149140.1637 41542087.9300 64234736.0197 64359446.6580 43149546.2197 22390184.3948 14258962.2725 12812367.8114 12520928.3032 12285536.6332 0.0415 0.5157 1.8474 1.7666 0.2524 0.1931 0.1349 0.0669 0.0472 0.0453 0.0451 0.0479 0.0143 0.1168 0.2527 0.3549 0.4242 0.4826 0.5057 0.5111 0.5149 0.5194 1.4702 0.1341 0.1122 0.0840 0.0759 0.0726 0.0698 0.0668 0.0660 0.0658 0.0658 0.0598  
8761 36 0.4525 0.5413 0.0457 0.1042 172082528.6308 1885449.3994 291056714.9415 79832.9166 31278679450.7196 47885103854.8819 24634673266.5147 8987844145.5095 881658740.0412 257114660.2858 240145002.4214 240145002.4214 240114979.0015 240084955.5815 5059.0352 1.3351 0.1389 0.1458 0.1463 0.1511 0.1624 0.1634 0.1634 0.1634 0.1634 0.1459 0.0007 0.0052 0.0090 0.0171 0.0213 0.0216 0.0216 0.0216 0.0216 0.0216 1.4359 0.1897 0.1721 0.1293 0.1283 0.1193 0.0980 0.0960 0.0960 0.0960 0.0960 0.1289  
17545 4 5.8228 2.0955 0.0498 0.0562 15805837.2560 4792474.5558 577984968.9614 16477.3212 1841410.8523 85122136.4060 89788679.4046 36224874.8857 32714373.2435 32656409.8997 32656409.8997 32656409.8997 32656409.8997 32656409.8997 29.4334 0.1901 0.0468 0.0397 0.0361 0.0352 0.0352 0.0352 0.0352 0.0352 0.0352 0.0365 0.0416 0.5143 1.3000 1.5275 1.5374 1.5376 1.5376 1.5376 1.5376 1.5376 1.5376 0.1128 0.0802 0.0660 0.0575 0.0563 0.0563 0.0563 0.0563 0.0563 0.0563 0.0633  
17545 12 1.4328 1.5455 0.0107 0.0145 18209358.8021 143716.6707 2392393894.7462 689552.3546 954278686.0162 6720064879.4467 3816842989.6375 1122772572.0346 236343250.4337 109741206.0899 64136411.0413 30126352.0447 14020365.0077 9084257.1558 481.9462 0.1029 0.0045 0.0090 0.0160 0.0188 0.0198 0.0201 0.0205 0.0214 0.0221 0.0030 0.0186 0.1372 0.2786 0.3810 0.4352 0.4703 0.5138 0.5480 0.5643 0.5693 1.1640 0.1829 0.1056 0.0830 0.0742 0.0689 0.0659 0.0654 0.0645 0.0628 0.0614 0.1098  
17545 15 1.1683 1.3913 0.2288 0.2023 435862658.6604 11891.9684 1900129297.1609 658261.3270 3195737030.6881 22696437565.5888 14018676992.6021 5573846405.0734 1891523525.3622 482324877.0975 379039908.0244 374464762.2890 364691971.3548 350725424.8311 1668.3914 0.1064 0.0010 0.0006 0.0173 0.1769 0.6181 0.7271 0.7284 0.7278 0.7270 0.1399 0.0038 0.0342 0.0808 0.1147 0.1548 0.1707 0.1721 0.1731 0.1761 0.1804 1.6453 0.2872 0.2045 0.1550 0.1341 0.1284 0.1167 0.1139 0.1139 0.1138 0.1137 0.1822  
17545 29 1.2659 0.8702 0.0563 0.0960 20503570.8684 877918.7504 235597574.2168 135564.2443 876958.4680 127444792.5590 474277379.5227 636000521.7884 527870932.9479 366230035.8997 253824533.6881 192340159.3996 161736445.6807 148800928.4474 104.7504 3.4004 0.6089 0.3031 0.0582 0.0094 0.0095 0.0235 0.0511 0.0878 0.1149 0.2689 0.0008 0.0082 0.0282 0.0621 0.1093 0.1664 0.2317 0.3016 0.3756 0.4292 2.5550 0.2196 0.1133 0.0975 0.0811 0.0690 0.0601 0.0533 0.0482 0.0444 0.0423 0.0866  
17545 30 1.3269 1.6796 0.0034 0.0082 4088627.9355 1691066.4072 173037883.9839 36897.2403 1843320.7523 56149567.2137 73813667.2251 27467092.2377 17185538.2638 21594319.8922 22616881.4056 22680269.4686 22682542.1562 22682542.1562 6.2883 0.0075 0.0359 0.1255 0.0849 0.0095 0.0049 0.0040 0.0040 0.0040 0.0040 0.1893 0.0092 0.1152 0.3963 0.8329 1.2515 1.4225 1.4449 1.4461 1.4461 1.4461 1.4461 0.1847 0.1298 0.1035 0.0764 0.0585 0.0564 0.0563 0.0563 0.0563 0.0563 0.0932  
17545 35 0.9471 0.8396 0.2049 0.2885 9794399.0752 1609.6784 97520690.1021 9580.4270 495215.6217 10120860.2386 39749381.6752 60139340.5348 44738084.4940 22418666.7879 13573276.2204 12009620.2688 11718302.5660 11495878.3245 0.0388 0.4045 1.5636 0.6852 0.1641 0.1556 0.1031 0.0322 0.0100 0.0077 0.0075 0.0084 0.0143 0.1168 0.2527 0.3549 0.4242 0.4826 0.5057 0.5111 0.5149 0.5194 1.4702 0.1325 0.1075 0.0812 0.0749 0.0726 0.0701 0.0670 0.0660 0.0659 0.0658 0.0598  
17545 36 1.1682 1.0233 0.0497 0.1001 79834584.6964 1276341.3389 294296439.7498 294954.3398 30356532307.4956 48934393121.6558 27559248372.6395 10009597023.7887 908425253.2329 207222074.7146 188169477.7306 188169477.7306 188145952.3972 188122427.0638 5664.9597 0.0984 0.0988 0.1158 0.1192 0.1243 0.1418 0.1440 0.1440 0.1440 0.1440 0.1189 0.0007 0.0052 0.0090 0.0171 0.0213 0.0216 0.0216 0.0216 0.0216 0.0216 1.4359 0.1945 0.1751 0.1340 0.1332 0.1261 0.1027 0.0999 0.0999 0.0999 0.0999 0.1337  
26305 4 1.7693 1.3749 0.0251 0.0330 16225219.1728 38452513.3786 885401271.8985 95944.8282 1871531.4874 88249501.6388 112213936.6671 65970554.9414 62742818.1345 62689204.0042 62689204.0042 62689204.0042 62689204.0042 62689204.0042 52.0917 0.1746 0.0378 0.0313 0.0288 0.0283 0.0283 0.0283 0.0283 0.0283 0.0283 0.0291 0.0416 0.5143 1.3000 1.5275 1.5374 1.5376 1.5376 1.5376 1.5376 1.5376 1.5376 0.1129 0.0791 0.0644 0.0570 0.0563 0.0563 0.0563 0.0563 0.0563 0.0563 0.0601  
26305 12 1.0301 1.0046 0.0061 0.0069 16789559.0639 233554.1715 3195157358.3683 988011.2602 210352702.2167 4418200521.1956 5300050137.2723 2188152774.3419 528282635.5565 263346770.3168 150592881.1833 65501549.7882 25206134.6423 12857067.1513 293.0813 0.0943 0.0033 0.0047 0.0073 0.0081 0.0086 0.0087 0.0090 0.0097 0.0107 0.0026 0.0186 0.1372 0.2786 0.3810 0.4352 0.4703 0.5138 0.5480 0.5643 0.5693 1.1640 0.1667 0.0953 0.0807 0.0736 0.0691 0.0660 0.0657 0.0653 0.0642 0.0627 0.0988  
26305 15 1.2718 1.0673 0.0980 0.2941 451851353.2860 0.0000 2107100013.5848 769018.5382 2227825403.4491 21551912172.3905 18726009021.3223 8766866008.1001 2596853975.0481 194461646.7809 19415717.1482 17465113.6030 17873999.5241 18458364.4811 1146.3067 0.0879 0.0012 0.0012 0.0099 0.1142 1.0664 2.8781 2.9642 2.9147 2.8435 0.1172 0.0038 0.0342 0.0808 0.1147 0.1548 0.1707 0.1721 0.1731 0.1761 0.1804 1.6453 0.2782 0.1938 0.1538 0.1344 0.1325 0.1259 0.1146 0.1138 0.1134 0.1130 0.1983  
26305 29 0.7410 0.8780 0.0364 0.1022 32809849.9805 706877.4359 205644790.0010 171612.3429 136124.8620 26958918.5606 258442472.0526 527457588.9314 528242737.1854 383747548.6768 253356339.6594 173719806.3648 132422710.2501 114836593.7212 82.2839 4.6095 1.2378 0.3372 0.0474 0.0103 0.0149 0.0398 0.0917 0.1650 0.2200 0.2372 0.0008 0.0082 0.0282 0.0621 0.1093 0.1664 0.2317 0.3016 0.3756 0.4292 2.5550 0.2474 0.1088 0.0888 0.0779 0.0680 0.0602 0.0537 0.0486 0.0447 0.0425 0.0732  
26305 30 1.1932 1.0763 0.0051 0.0297 36872174.6485 2512966.8262 199915260.4363 48957.6675 1699123.5014 55114493.8693 76938777.2548 42443626.6395 27503825.2646 23727113.9918 23328911.9572 23309694.3498 23309193.4513 23309193.4513 7.4846 0.0209 0.1934 0.5214 0.4156 0.0682 0.0136 0.0115 0.0115 0.0115 0.0115 0.5941 0.0092 0.1152 0.3963 0.8329 1.2515 1.4225 1.4449 1.4461 1.4461 1.4461 1.4461 0.1820 0.1268 0.0986 0.0742 0.0607 0.0567 0.0563 0.0563 0.0563 0.0563 0.0884  
26305 35 0.9240 0.9135 0.2086 0.3184 9579796.3949 2910.2149 83166923.7980 9073.7026 549242.2381 9116573.8853 29794815.1024 52701318.2094 40693411.6019 20612611.3386 12627116.2036 11213298.8611 10945171.3910 10737679.0658 0.0362 0.3460 1.5740 0.8205 0.1787 0.1675 0.1120 0.0361 0.0121 0.0097 0.0094 0.0104 0.0143 0.1168 0.2527 0.3549 0.4242 0.4826 0.5057 0.5111 0.5149 0.5194 1.4702 0.1340 0.1100 0.0807 0.0744 0.0726 0.0701 0.0670 0.0660 0.0659 0.0658 0.0598  
26305 36 0.8228 0.9139 0.0565 0.1010 184239583.9720 1082748.0573 271394099.9924 344565.7764 24296920188.2935 42232069774.9610 26611381939.2161 9650196986.7920 844359778.8195 165910760.7398 147476417.8560 147476417.8560 147457980.0522 147439542.2485 5474.7435 0.0991 0.1012 0.1350 0.1366 0.1378 0.1430 0.1438 0.1438 0.1438 0.1438 0.1365 0.0007 0.0052 0.0090 0.0171 0.0213 0.0216 0.0216 0.0216 0.0216 0.0216 1.4359 0.1945 0.1718 0.1341 0.1335 0.1277 0.1034 0.0999 0.0999 0.0999 0.0999 0.1338  
35065 4 1.2071 1.1128 0.0328 0.0331 34369378.2555 6619019.9785 1092002629.0083 169751.5916 1193108.5927 56957278.9920 101180084.5890 85668253.5728 84321038.1254 84298217.4407 84298217.4407 84298217.4407 84298217.4407 84298217.4407 66.7487 0.2130 0.0429 0.0346 0.0315 0.0313 0.0313 0.0313 0.0313 0.0313 0.0313 0.0318 0.0416 0.5143 1.3000 1.5275 1.5374 1.5376 1.5376 1.5376 1.5376 1.5376 1.5376 0.1123 0.0775 0.0622 0.0566 0.0563 0.0563 0.0563 0.0563 0.0563 0.0563 0.0580  
35065 12 0.9635 0.9587 0.0035 0.0036 11911398.2089 117598.7130 3560800460.9561 1017704.0228 43335343.8321 2223438244.5301 5364158717.7509 2993943813.8754 858577323.9518 469786377.7625 267812739.7168 113591540.1913 40559803.4221 18178530.6013 91.1232 0.1057 0.0023 0.0028 0.0037 0.0041 0.0043 0.0043 0.0044 0.0047 0.0052 0.0027 0.0186 0.1372 0.2786 0.3810 0.4352 0.4703 0.5138 0.5480 0.5643 0.5693 1.1640 0.1637 0.0893 0.0781 0.0731 0.0687 0.0660 0.0658 0.0656 0.0649 0.0638 0.0963  
35065 15 1.3175 1.0419 0.0059 0.0346 55327158.2504 0.0000 2506649065.9221 978005.1709 1631035962.0347 20254692321.1738 20375686799.1497 11484658776.3608 3418518199.9158 234854224.1525 2875300.6371 250401.1959 675693.6449 1283497.7903 1037.1574 0.0725 0.0005 0.0003 0.0008 0.0053 0.0888 2.3789 5.4015 3.9568 3.0819 0.0041 0.0038 0.0342 0.0808 0.1147 0.1548 0.1707 0.1721 0.1731 0.1761 0.1804 1.6453 0.2757 0.1898 0.1521 0.1342 0.1333 0.1331 0.1268 0.1092 0.1062 0.1045 0.2027  
35065 29 0.9376 0.9262 0.0215 0.0435 21263429.8786 711597.6788 187065891.5215 127158.4990 76911.8584 9193498.7793 164960223.9621 428974086.4996 515617875.4476 402616011.8335 260227241.3527 162656650.2003 112997923.8812 93178266.7124 79.3649 6.0420 1.3955 0.1218 0.0221 0.0088 0.0115 0.0299 0.0708 0.1283 0.1714 0.0532 0.0008 0.0082 0.0282 0.0621 0.1093 0.1664 0.2317 0.3016 0.3756 0.4292 2.5550 0.3072 0.1168 0.0841 0.0755 0.0669 0.0600 0.0542 0.0492 0.0451 0.0428 0.0679  
35065 30 1.0107 1.0747 0.0044 0.0291 48934509.7603 1520430.1745 235498833.1715 58418.7317 2031995.3037 63691587.8949 75908276.2893 41817715.1330 32273836.3754 28393824.9010 27856793.8221 27828051.5224 27827248.8937 27827248.8937 7.8413 0.0237 0.2947 0.7213 0.3949 0.0624 0.0139 0.0109 0.0107 0.0107 0.0107 0.7149 0.0092 0.1152 0.3963 0.8329 1.2515 1.4225 1.4449 1.4461 1.4461 1.4461 1.4461 0.1788 0.1286 0.0998 0.0723 0.0607 0.0568 0.0563 0.0563 0.0563 0.0563 0.0864  
35065 35 0.9601 0.8765 0.1811 0.3171 9073071.5194 2803.8156 72438565.5374 8383.7775 221104.8071 4156035.8998 21863713.8315 43467079.8680 34599556.2394 18177116.7286 11630428.4993 10464297.8815 10227151.6622 10034411.8700 0.0337 0.4130 1.8277 0.7616 0.1970 0.1877 0.1219 0.0386 0.0133 0.0108 0.0105 0.0115 0.0143 0.1168 0.2527 0.3549 0.4242 0.4826 0.5057 0.5111 0.5149 0.5194 1.4702 0.1336 0.1086 0.0796 0.0741 0.0725 0.0700 0.0669 0.0660 0.0658 0.0658 0.0598  
35065 36 0.8580 0.8884 0.0580 0.1010 169160161.7131 1167357.1732 243258985.8207 283505.1005 18973679927.9334 35144073356.6946 23996453335.5981 8694820294.4020 744829704.2938 132319708.0528 115677011.2592 115677011.2592 115662549.0823 115648086.9055 4939.4231 0.0987 0.1010 0.1358 0.1369 0.1378 0.1422 0.1430 0.1430 0.1430 0.1430 0.1368 0.0007 0.0052 0.0090 0.0171 0.0213 0.0216 0.0216 0.0216 0.0216 0.0216 1.4359 0.1945 0.1691 0.1340 0.1335 0.1285 0.1040 0.0999 0.0999 0.0999 0.0999 0.1338  
43825 4 1.2406 1.1696 0.0222 0.0227 22223505.4076 18360766.9665 1285927530.6351 204906.9050 1990495.5501 81249472.9143 136694578.6861 105212885.1550 102379209.1802 102330794.4803 102330794.4803 102330794.4803 102330794.4803 102330794.4803 81.5161 0.1941 0.0327 0.0232 0.0196 0.0193 0.0192 0.0192 0.0192 0.0192 0.0192 0.0197 0.0416 0.5143 1.3000 1.5275 1.5374 1.5376 1.5376 1.5376 1.5376 1.5376 1.5376 0.1133 0.0789 0.0624 0.0566 0.0563 0.0563 0.0563 0.0563 0.0563 0.0563 0.0582  
43825 12 0.9673 0.9542 0.0029 0.0028 11130195.8971 84288.1635 3697586441.7679 980541.7835 16175724.0097 1065082157.6641 4615398831.9515 3283131912.3814 1197713880.5747 733088367.4435 418619582.3804 175542392.7614 60433053.1337 25156886.3370 17.3974 0.1390 0.0027 0.0025 0.0030 0.0033 0.0034 0.0034 0.0035 0.0036 0.0040 0.0094 0.0186 0.1372 0.2786 0.3810 0.4352 0.4703 0.5138 0.5480 0.5643 0.5693 1.1640 0.1745 0.0849 0.0763 0.0725 0.0681 0.0660 0.0658 0.0657 0.0653 0.0645 0.0960  
43825 15 1.2877 1.0619 0.0019 0.0043 11390920.6162 0.0000 3030468627.9180 1288480.9824 2045240848.0226 19644010188.4590 20022018850.8125 15749236193.8588 4751076112.4603 326423079.9918 3994499.1040 207760.7893 394199.4513 660647.1897 1239.8918 0.1011 0.0006 0.0002 0.0002 0.0008 0.0111 0.8228 6.4839 4.2056 2.9617 0.0014 0.0038 0.0342 0.0808 0.1147 0.1548 0.1707 0.1721 0.1731 0.1761 0.1804 1.6453 0.2763 0.1935 0.1491 0.1339 0.1333 0.1333 0.1326 0.1062 0.1024 0.1010 0.2028  
43825 29 0.9371 0.9279 0.0140 0.0256 25622635.6980 784966.8842 164109744.6658 119228.2587 25923.9309 5493344.3108 119234594.6806 353531355.4203 478342670.6451 404580393.0354 261656821.9338 148690065.2181 91184351.3620 69585150.1857 72.2562 6.2764 1.1662 0.0558 0.0186 0.0102 0.0149 0.0394 0.0975 0.1865 0.2553 0.0153 0.0008 0.0082 0.0282 0.0621 0.1093 0.1664 0.2317 0.3016 0.3756 0.4292 2.5550 0.3103 0.1118 0.0823 0.0738 0.0660 0.0596 0.0544 0.0498 0.0455 0.0431 0.0671  
43825 30 1.1723 1.0903 0.0057 0.0341 58391599.1354 945255.5279 264783147.1476 59043.5237 2286117.1925 71681363.4403 89265032.3647 43488507.7694 32967570.9823 32382477.1775 32516449.7791 32528716.7483 32529366.5532 32529366.5532 9.1758 0.0318 0.3245 0.7899 0.4950 0.0702 0.0181 0.0150 0.0149 0.0149 0.0149 0.8729 0.0092 0.1152 0.3963 0.8329 1.2515 1.4225 1.4449 1.4461 1.4461 1.4461 1.4461 0.1797 0.1279 0.1005 0.0736 0.0602 0.0567 0.0563 0.0563 0.0563 0.0563 0.0893  
43825 35 0.7834 0.8868 0.1343 0.3703 8383507.7312 24354.7155 62165940.4915 8049.2154 192026.6291 3072515.1810 16040445.4327 35225326.3189 28916504.3748 15914555.5902 10718479.3301 9784691.5031 9576178.1338 9396697.3909 0.0314 0.4420 2.0382 0.9326 0.2203 0.2073 0.1295 0.0395 0.0138 0.0113 0.0110 0.0119 0.0143 0.1168 0.2527 0.3549 0.4242 0.4826 0.5057 0.5111 0.5149 0.5194 1.4702 0.1353 0.1099 0.0794 0.0739 0.0724 0.0698 0.0668 0.0660 0.0658 0.0658 0.0598  
43825 36 0.9163 0.9495 0.0582 0.1011 148389707.0976 1361400.2387 222492846.3317 243239.2818 17608579351.2538 32668112746.9546 22346321245.9771 8086194957.2308 677190007.0881 106360451.0539 90850263.4007 90850263.4007 90838905.1147 90827546.8287 4600.1711 0.0990 0.1011 0.1336 0.1353 0.1362 0.1408 0.1417 0.1417 0.1417 0.1417 0.1353 0.0007 0.0052 0.0090 0.0171 0.0213 0.0216 0.0216 0.0216 0.0216 0.0216 1.4359 0.1945 0.1694 0.1340 0.1336 0.1291 0.1046 0.0999 0.0999 0.0999 0.0999 0.1338  
52609 4 0.9690 0.9888 0.0212 0.0204 23062729.5902 16330905.7679 1327867810.1387 254205.6944 458652.1862 27061745.1942 96161219.8631 113904894.1617 114430834.8147 114438103.4057 114438103.4057 114438103.4057 114438103.4057 114438103.4057 88.1393 0.2007 0.0286 0.0211 0.0192 0.0191 0.0191 0.0191 0.0191 0.0191 0.0191 0.0191 0.0416 0.5143 1.3000 1.5275 1.5374 1.5376 1.5376 1.5376 1.5376 1.5376 1.5376 0.1111 0.0735 0.0595 0.0565 0.0563 0.0563 0.0563 0.0563 0.0563 0.0563 0.0568  
52609 12 0.9585 0.9555 0.0028 0.0027 11163734.9200 80969.8754 3675755450.8595 948478.9109 14604210.3690 621031468.6539 3778599692.4152 3212738593.7897 1428449634.6483 938418239.5600 536710788.8488 224023006.1509 75949693.4003 30571553.3287 12.5658 0.1495 0.0038 0.0025 0.0029 0.0031 0.0032 0.0032 0.0032 0.0034 0.0036 0.0165 0.0186 0.1372 0.2786 0.3810 0.4352 0.4703 0.5138 0.5480 0.5643 0.5693 1.1640 0.1805 0.0839 0.0749 0.0720 0.0675 0.0660 0.0659 0.0658 0.0655 0.0649 0.0980  
52609 15 1.1920 1.0098 0.0021 0.0039 15322799.6339 0.0000 3393665766.8254 1659164.4803 2384833655.0228 15285652160.0497 20099410244.3246 19367899305.8638 5877711326.4724 403838342.5515 4942713.0408 204746.9798 279920.7458 387354.9570 932.9691 0.1002 0.0005 0.0002 0.0002 0.0009 0.0142 1.0256 8.2251 6.7020 5.3827 0.0025 0.0038 0.0342 0.0808 0.1147 0.1548 0.1707 0.1721 0.1731 0.1761 0.1804 1.6453 0.2786 0.1959 0.1450 0.1336 0.1333 0.1333 0.1324 0.1109 0.1071 0.1045 0.2028  
52609 29 0.9484 0.9253 0.0188 0.0300 25471452.2367 776520.6752 142006940.9615 111723.8587 34094.8790 4054428.3868 89427572.3926 289262135.9150 432066264.4912 400231510.7809 261171961.0588 134216179.6279 70517895.2810 48472348.5319 62.4283 6.2945 1.6163 0.0692 0.0221 0.0118 0.0176 0.0457 0.1165 0.2329 0.3265 0.0126 0.0008 0.0082 0.0282 0.0621 0.1093 0.1664 0.2317 0.3016 0.3756 0.4292 2.5550 0.3051 0.1213 0.0820 0.0729 0.0652 0.0591 0.0547 0.0504 0.0461 0.0436 0.0671  
52609 30 1.0696 0.9418 0.0049 0.0341 59020627.2825 935468.8569 293766754.5668 69218.8404 1214254.7120 44090187.8374 64788765.2013 41475890.1539 35742836.3321 36140822.8618 36414228.7643 36434654.6600 36435603.3841 36435603.3841 7.1742 0.0341 0.3911 0.8855 0.5140 0.0707 0.0172 0.0144 0.0143 0.0143 0.0143 0.9080 0.0092 0.1152 0.3963 0.8329 1.2515 1.4225 1.4449 1.4461 1.4461 1.4461 1.4461 0.1764 0.1259 0.0976 0.0724 0.0601 0.0566 0.0563 0.0563 0.0563 0.0563 0.0879  
52609 35 0.9698 0.8761 0.2936 0.4235 8047552.7921 1921.5937 57342036.2973 6305.9919 167395.5186 2685740.9137 11412706.1272 27204787.1598 23146470.4444 13634512.0835 9821610.3797 9125617.7586 8946010.7372 8779562.0891 0.0291 0.4021 2.0026 1.0419 0.2692 0.2460 0.1458 0.0429 0.0158 0.0132 0.0129 0.0138 0.0143 0.1168 0.2527 0.3549 0.4242 0.4826 0.5057 0.5111 0.5149 0.5194 1.4702 0.1331 0.1109 0.0792 0.0738 0.0723 0.0695 0.0667 0.0660 0.0658 0.0658 0.0598  
52609 36 0.8663 0.8779 0.0594 0.1015 142948594.8449 1010765.6570 208833869.2130 222881.2857 11249821096.9799 25961083490.6603 21838542942.6543 7899261226.7380 645297661.2228 86413325.9854 71227702.6448 71227702.6448 71218797.6116 71209892.5783 4500.6349 0.0987 0.1016 0.1365 0.1373 0.1379 0.1424 0.1435 0.1435 0.1435 0.1435 0.1372 0.0007 0.0052 0.0090 0.0171 0.0213 0.0216 0.0216 0.0216 0.0216 0.0216 1.4359 0.1944 0.1643 0.1340 0.1336 0.1299 0.1055 0.0999 0.0999 0.0999 0.0999 0.1338  
61369 4 1.0037 1.0008 0.0178 0.0165 18863151.7951 13913992.1490 1341201382.9982 246313.8511 539563.2418 24408127.2054 89978382.9812 114708343.8659 115932560.6402 115951908.2912 115951908.2912 115951908.2912 115951908.2912 115951908.2912 89.3606 0.2100 0.0262 0.0165 0.0156 0.0156 0.0156 0.0156 0.0156 0.0156 0.0156 0.0156 0.0416 0.5143 1.3000 1.5275 1.5374 1.5376 1.5376 1.5376 1.5376 1.5376 1.5376 0.1132 0.0765 0.0588 0.0564 0.0563 0.0563 0.0563 0.0563 0.0563 0.0563 0.0567  
61369 12 0.9529 0.9546 0.0028 0.0027 11061280.0366 76558.2113 3585656388.0912 909151.0100 10895299.2799 375617416.1189 3081760624.9568 3003678754.2748 1585794859.2073 1095002111.8563 627025096.2566 261067645.7844 87768581.1725 34659887.1509 9.6782 0.1631 0.0047 0.0025 0.0028 0.0031 0.0031 0.0031 0.0032 0.0033 0.0035 0.0197 0.0186 0.1372 0.2786 0.3810 0.4352 0.4703 0.5138 0.5480 0.5643 0.5693 1.1640 0.1785 0.0836 0.0741 0.0714 0.0672 0.0659 0.0659 0.0658 0.0656 0.0651 0.0972  
61369 15 1.0411 0.9740 0.0020 0.0036 15662496.9975 0.0000 3429878656.5929 1977699.0395 2012229059.6986 11985743703.4451 20142910260.8663 20335726298.4615 6178355601.0572 424487034.5369 5184340.7869 186795.7958 215545.1940 256632.3034 630.5932 0.0794 0.0005 0.0002 0.0002 0.0009 0.0132 0.9620 8.7462 7.8838 6.9313 0.0038 0.0038 0.0342 0.0808 0.1147 0.1548 0.1707 0.1721 0.1731 0.1761 0.1804 1.6453 0.2782 0.1942 0.1430 0.1336 0.1333 0.1333 0.1325 0.1125 0.1100 0.1077 0.2028  
61369 29 0.9191 0.9202 0.0216 0.0350 25455925.8522 784198.2672 119205873.0028 105957.3182 30151.4973 2961056.4015 67528245.8104 241046412.7039 392530451.0486 385870098.6727 249501599.3250 115446709.1471 50629049.9029 30281730.3617 54.9518 6.2616 1.7151 0.0792 0.0256 0.0139 0.0220 0.0571 0.1492 0.3066 0.4370 0.0133 0.0008 0.0082 0.0282 0.0621 0.1093 0.1664 0.2317 0.3016 0.3756 0.4292 2.5550 0.3099 0.1229 0.0815 0.0720 0.0645 0.0588 0.0549 0.0512 0.0469 0.0443 0.0671  
61369 30 1.1217 1.2754 0.0054 0.0323 69192536.3463 736572.8004 323932369.6299 74033.0766 2569221.9179 96292875.4103 129299062.4970 54839172.5597 38610790.2821 39847297.3434 40257835.3702 40283457.5201 40284390.1213 40284390.1213 12.4454 0.0286 0.2876 0.7388 0.5274 0.0646 0.0171 0.0147 0.0146 0.0146 0.0146 0.8663 0.0092 0.1152 0.3963 0.8329 1.2515 1.4225 1.4449 1.4461 1.4461 1.4461 1.4461 0.1765 0.1285 0.1012 0.0749 0.0599 0.0566 0.0563 0.0563 0.0563 0.0563 0.0907  
61369 35 0.9250 0.9212 0.1563 0.5247 6305703.9120 95254.4805 52990838.8839 6115.7328 271012.1354 3814770.9437 10342294.0001 22513087.1739 19302486.6012 11966635.2592 9024597.6943 8479679.0379 8321553.2080 8167593.2123 0.0271 0.3920 2.0697 1.5034 0.2565 0.2276 0.1283 0.0374 0.0152 0.0131 0.0129 0.0137 0.0143 0.1168 0.2527 0.3549 0.4242 0.4826 0.5057 0.5111 0.5149 0.5194 1.4702 0.1342 0.1122 0.0811 0.0740 0.0721 0.0691 0.0666 0.0659 0.0658 0.0658 0.0598  
61369 36 0.8655 0.8893 0.0591 0.1015 132771440.7655 794385.1513 183633835.2780 193085.7862 8540389607.0646 21626460066.1568 19427876166.0894 7024506293.4833 566955819.0629 69431427.9455 55913033.8173 55913033.8173 55906043.4553 55899053.0933 4005.1259 0.0986 0.1015 0.1358 0.1366 0.1371 0.1411 0.1422 0.1422 0.1422 0.1422 0.1365 0.0007 0.0052 0.0090 0.0171 0.0213 0.0216 0.0216 0.0216 0.0216 0.0216 1.4359 0.1943 0.1605 0.1340 0.1337 0.1305 0.1063 0.0999 0.0999 0.0999 0.0999 0.1338  
70129 4 1.0359 1.0291 0.0177 0.0163 19718403.3565 14734610.7837 1379921440.2015 247217.0036 922332.3011 34446558.5466 100207724.0758 117735762.0039 118439499.0575 118450131.7603 118450131.7603 118450131.7603 118450131.7603 118450131.7603 91.7566 0.2264 0.0285 0.0167 0.0159 0.0158 0.0158 0.0158 0.0158 0.0158 0.0158 0.0159 0.0416 0.5143 1.3000 1.5275 1.5374 1.5376 1.5376 1.5376 1.5376 1.5376 1.5376 0.1145 0.0781 0.0596 0.0564 0.0563 0.0563 0.0563 0.0563 0.0563 0.0563 0.0570  
70129 12 0.9495 0.9562 0.0029 0.0027 10991683.2533 84082.2850 3454186772.2512 866317.2455 12540095.8262 270470529.7381 2554597497.6442 2753219504.3701 1662690305.6966 1186271958.1252 679846489.1310 282670638.1399 94588167.8511 36949033.2678 9.8460 0.1755 0.0062 0.0026 0.0029 0.0031 0.0032 0.0032 0.0032 0.0033 0.0035 0.0200 0.0186 0.1372 0.2786 0.3810 0.4352 0.4703 0.5138 0.5480 0.5643 0.5693 1.1640 0.1810 0.0848 0.0736 0.0710 0.0669 0.0659 0.0659 0.0658 0.0656 0.0652 0.0994  
70129 15 0.9893 1.0021 0.0011 0.0027 11508219.1673 0.0000 3415447747.7363 2059048.7636 1978647621.4495 12419557332.4528 20184791984.1783 20143865165.2848 6118240704.1569 420280987.6235 5051548.7494 96900.7372 108845.1466 125915.4697 666.8880 0.0840 0.0005 0.0001 0.0002 0.0007 0.0096 0.7256 8.9444 8.3789 7.6742 0.0025 0.0038 0.0342 0.0808 0.1147 0.1548 0.1707 0.1721 0.1731 0.1761 0.1804 1.6453 0.2801 0.1963 0.1427 0.1335 0.1333 0.1333 0.1328 0.1130 0.1112 0.1092 0.2028  
70129 29 0.8605 0.9137 0.0294 0.0462 24094097.7696 649721.3417 98375910.8954 97380.4382 19634.1138 2081021.7165 50276943.2512 200261341.6964 354314122.7406 366279962.3985 232471433.4519 94934482.4421 32977772.4947 16361308.0317 48.0128 6.2961 1.5910 0.1034 0.0373 0.0182 0.0278 0.0709 0.1907 0.4064 0.5846 0.0129 0.0008 0.0082 0.0282 0.0621 0.1093 0.1664 0.2317 0.3016 0.3756 0.4292 2.5550 0.3192 0.1206 0.0808 0.0712 0.0640 0.0585 0.0552 0.0521 0.0480 0.0452 0.0671  
70129 30 1.1084 1.0236 0.0058 0.0358 74004338.5025 1081330.7515 371223903.0914 83044.7243 1751940.2439 70928415.9170 119126610.9821 78357696.1609 51872816.7411 44389998.6706 43489004.6046 43441549.1538 43440057.9675 43440057.9675 11.4319 0.0296 0.2644 0.6408 0.4493 0.0762 0.0173 0.0146 0.0145 0.0145 0.0145 0.6811 0.0092 0.1152 0.3963 0.8329 1.2515 1.4225 1.4449 1.4461 1.4461 1.4461 1.4461 0.1756 0.1251 0.0958 0.0744 0.0607 0.0567 0.0563 0.0563 0.0563 0.0563 0.0890  
70129 35 0.8495 0.9220 0.1698 0.5867 6115507.9921 108012.9783 46711050.6308 5657.0538 302626.6753 4273948.0774 9597370.2700 18739072.7424 16136272.1324 10530599.9548 8282120.9880 7858128.2595 7718611.9211 7576559.4595 0.0251 0.3940 2.0505 1.6647 0.2982 0.2562 0.1379 0.0396 0.0170 0.0148 0.0146 0.0154 0.0143 0.1168 0.2527 0.3549 0.4242 0.4826 0.5057 0.5111 0.5149 0.5194 1.4702 0.1342 0.1121 0.0822 0.0742 0.0719 0.0689 0.0665 0.0659 0.0658 0.0658 0.0598  
70129 36 0.9029 0.9312 0.0592 0.1016 120049308.3640 847676.0081 168393072.8225 167106.9334 7235716723.5978 19381881482.8322 18032898161.2917 6515947117.5402 518538931.4338 56466374.7013 43911252.3295 43911252.3295 43905762.4548 43900272.5801 3718.2541 0.0987 0.1017 0.1348 0.1360 0.1364 0.1405 0.1418 0.1418 0.1418 0.1418 0.1359 0.0007 0.0052 0.0090 0.0171 0.0213 0.0216 0.0216 0.0216 0.0216 0.0216 1.4359 0.1943 0.1605 0.1340 0.1337 0.1309 0.1071 0.0999 0.0999 0.0999 0.0999 0.1338  
78889 4 1.0057 1.0065 0.0175 0.0165 20027764.4392 14249708.0593 1403402715.8444 256091.6674 681787.6065 27528020.5232 94875470.6429 120273362.3637 121576647.3400 121597477.3235 121597477.3235 121597477.3235 121597477.3235 121597477.3235 93.6503 0.2438 0.0317 0.0174 0.0155 0.0154 0.0154 0.0154 0.0154 0.0154 0.0154 0.0156 0.0416 0.5143 1.3000 1.5275 1.5374 1.5376 1.5376 1.5376 1.5376 1.5376 1.5376 0.1145 0.0769 0.0591 0.0564 0.0563 0.0563 0.0563 0.0563 0.0563 0.0563 0.0568  
78889 12 0.9506 0.9574 0.0030 0.0028 10951222.3517 86373.9244 3309673135.6826 822527.1608 13471398.3331 236107924.3442 2146802276.2641 2498673108.3070 1690235610.7358 1235275108.9832 708366331.1237 294268158.7691 98172170.2141 38077263.3323 11.2262 0.1712 0.0073 0.0027 0.0030 0.0032 0.0033 0.0033 0.0033 0.0034 0.0035 0.0188 0.0186 0.1372 0.2786 0.3810 0.4352 0.4703 0.5138 0.5480 0.5643 0.5693 1.1640 0.1809 0.0870 0.0733 0.0706 0.0667 0.0659 0.0659 0.0658 0.0657 0.0653 0.1004  
78889 15 1.0216 1.0029 0.0012 0.0026 11520425.0050 0.0000 3483511181.1393 2036964.6067 3238574213.3364 10700273542.8669 20064086472.9482 20767514727.0039 6313103036.0483 433673076.4997 5218726.4119 103079.4287 106060.1987 110320.1960 440.1995 0.0764 0.0006 0.0002 0.0002 0.0007 0.0094 0.7121 9.0581 8.7978 8.4352 0.0036 0.0038 0.0342 0.0808 0.1147 0.1548 0.1707 0.1721 0.1731 0.1761 0.1804 1.6453 0.2838 0.1985 0.1425 0.1335 0.1333 0.1333 0.1328 0.1135 0.1126 0.1115 0.2028  
78889 29 0.7817 0.9096 0.0424 0.0693 21298079.4599 568931.0053 81202801.2190 83800.7256 33552.0650 1445497.3120 35844014.0756 163552731.1968 316770565.5045 344657557.9029 214264593.4107 75855967.1602 19251325.1693 7394575.5599 41.2908 6.2766 2.4070 0.1734 0.0502 0.0235 0.0340 0.0812 0.2255 0.5280 0.7745 0.0167 0.0008 0.0082 0.0282 0.0621 0.1093 0.1664 0.2317 0.3016 0.3756 0.4292 2.5550 0.3150 0.1341 0.0806 0.0703 0.0634 0.0583 0.0556 0.0533 0.0496 0.0466 0.0671  
78889 30 1.0586 1.0453 0.0087 0.0357 83012673.2841 493909.5308 434776889.3635 92047.6243 1903908.0789 71677215.0088 108154424.0621 76712242.7227 62949389.2767 52566511.3759 50485139.8538 50354616.3822 50349711.3005 50349711.3005 10.9257 0.0337 0.3153 0.7587 0.4421 0.0734 0.0191 0.0147 0.0145 0.0145 0.0145 0.7518 0.0092 0.1152 0.3963 0.8329 1.2515 1.4225 1.4449 1.4461 1.4461 1.4461 1.4461 0.1765 0.1268 0.0965 0.0722 0.0607 0.0568 0.0563 0.0563 0.0563 0.0563 0.0870  
78889 35 0.8789 0.9153 0.1911 0.6124 5656768.7741 100971.2454 38303814.7458 4805.4594 354332.7963 4515058.9416 7619031.6098 15548011.3822 13763065.5438 9373226.6768 7606794.7587 7267707.8701 7143300.6432 7012367.7541 0.0233 0.4039 1.8678 1.7036 0.3274 0.2790 0.1438 0.0411 0.0185 0.0164 0.0161 0.0170 0.0143 0.1168 0.2527 0.3549 0.4242 0.4826 0.5057 0.5111 0.5149 0.5194 1.4702 0.1355 0.1125 0.0825 0.0742 0.0718 0.0687 0.0664 0.0659 0.0658 0.0658 0.0598  
78889 36 0.8820 0.8944 0.0587 0.1016 112085536.6730 664513.3253 151689334.1150 150883.8967 4743840833.0563 16036111814.5695 16768110377.2640 6057565413.7526 476209305.2371 46191636.1969 34507486.4333 34507486.4333 34503172.2367 34498858.0401 3459.1373 0.0984 0.1016 0.1354 0.1361 0.1365 0.1399 0.1411 0.1411 0.1411 0.1411 0.1361 0.0007 0.0052 0.0090 0.0171 0.0213 0.0216 0.0216 0.0216 0.0216 0.0216 1.4359 0.1942 0.1559 0.1339 0.1337 0.1313 0.1081 0.0999 0.0999 0.0999 0.0999 0.1338  
87673 4 1.0365 1.0174 0.0160 0.0157 19337641.4590 15199498.8078 1431963040.5981 257554.4789 885459.0030 32343917.4763 99371723.6335 122571559.0800 123664834.3605 123682064.6690 123682064.6690 123682064.6690 123682064.6690 123682064.6690 95.3460 0.2146 0.0277 0.0161 0.0151 0.0151 0.0151 0.0151 0.0151 0.0151 0.0151 0.0152 0.0416 0.5143 1.3000 1.5275 1.5374 1.5376 1.5376 1.5376 1.5376 1.5376 1.5376 0.1143 0.0780 0.0593 0.0564 0.0563 0.0563 0.0563 0.0563 0.0563 0.0563 0.0568  
87673 12 0.9481 0.9680 0.0031 0.0029 10994001.7070 107680.3713 3193054804.9798 781899.7568 39383758.6867 284721070.9371 1756872593.1472 2234180499.2033 1736047158.7094 1301561684.9226 746862462.0372 309986929.6196 103104775.6440 39704402.6220 19.2243 0.1359 0.0078 0.0027 0.0031 0.0033 0.0034 0.0034 0.0034 0.0035 0.0036 0.0142 0.0186 0.1372 0.2786 0.3810 0.4352 0.4703 0.5138 0.5480 0.5643 0.5693 1.1640 0.1822 0.0948 0.0733 0.0701 0.0666 0.0659 0.0659 0.0658 0.0657 0.0653 0.1093  
87673 15 1.0156 0.9901 0.0009 0.0023 10368910.7259 0.0000 3481806012.5543 2081005.0606 3193184787.8225 9886463011.6831 19469056695.9622 21203312773.3418 6453680038.6899 443308665.0911 5311970.8268 81309.2309 81194.4993 81030.5696 432.1181 0.0864 0.0007 0.0002 0.0002 0.0006 0.0081 0.6215 9.1354 9.0099 8.8253 0.0034 0.0038 0.0342 0.0808 0.1147 0.1548 0.1707 0.1721 0.1731 0.1761 0.1804 1.6453 0.2828 0.2012 0.1413 0.1335 0.1333 0.1333 0.1329 0.1137 0.1132 0.1126 0.2028  
87673 29 0.6297 0.9116 0.0545 0.0879 15863759.0327 361163.6563 68848642.8784 65504.3289 23607.5575 845528.2582 24141120.1239 134483032.5933 283831132.5126 319078027.3020 194975522.3674 61687498.4607 11114843.3658 2880830.5814 36.2302 6.3601 2.4645 0.2193 0.0648 0.0313 0.0393 0.0748 0.1961 0.5490 0.9467 0.0218 0.0008 0.0082 0.0282 0.0621 0.1093 0.1664 0.2317 0.3016 0.3756 0.4292 2.5550 0.3257 0.1339 0.0793 0.0692 0.0629 0.0582 0.0559 0.0545 0.0519 0.0489 0.0671  
87673 30 1.2031 0.9479 0.0248 0.0409 92011138.8029 58137.8345 476566931.8341 97437.1329 1576356.2597 48210962.7692 69189142.7663 58452520.9676 63667379.9912 59668620.9045 58175627.4145 58068846.7822 58064270.2588 58064270.2588 6.6152 0.0470 0.4445 1.0399 0.5758 0.0812 0.0235 0.0189 0.0187 0.0186 0.0186 1.0022 0.0092 0.1152 0.3963 0.8329 1.2515 1.4225 1.4449 1.4461 1.4461 1.4461 1.4461 0.1767 0.1267 0.0959 0.0711 0.0599 0.0568 0.0563 0.0563 0.0563 0.0563 0.0872  
87673 35 0.9651 0.8702 0.1733 0.6190 4805162.8031 137480.8659 35400687.7890 4223.4676 193994.6026 2310700.6639 4441745.8034 12207664.5516 11524544.0130 8289077.7822 6975639.8342 6716296.8429 6606020.2277 6485449.9527 0.0215 0.4069 1.9661 1.7112 0.3317 0.2908 0.1433 0.0413 0.0196 0.0177 0.0175 0.0181 0.0143 0.1168 0.2527 0.3549 0.4242 0.4826 0.5057 0.5111 0.5149 0.5194 1.4702 0.1360 0.1130 0.0808 0.0737 0.0716 0.0684 0.0664 0.0659 0.0658 0.0658 0.0598  
87673 36 0.8436 0.8808 0.0577 0.1013 94844088.8100 602285.2600 129649640.9617 133083.2582 3497136816.6528 13220249311.2266 14438833936.0882 5215221108.5252 407568884.6616 37161520.7170 27097061.4707 27097061.4707 27093673.7406 27090286.0105 2979.1365 0.0971 0.1011 0.1356 0.1361 0.1365 0.1403 0.1419 0.1419 0.1419 0.1419 0.1361 0.0007 0.0052 0.0090 0.0171 0.0213 0.0216 0.0216 0.0216 0.0216 0.0216 1.4359 0.1941 0.1526 0.1339 0.1337 0.1316 0.1089 0.0999 0.0999 0.0999 0.0999 0.1338  
96433 4 1.0183 1.0123 0.0163 0.0156 19843394.7442 14303997.9843 1461660358.9266 266961.4899 807202.3119 30908609.2806 98868749.8322 125116691.3939 126504330.7928 126526647.0110 126526647.0110 126526647.0110 126526647.0110 126526647.0110 97.5351 0.1970 0.0270 0.0161 0.0150 0.0149 0.0149 0.0149 0.0149 0.0149 0.0149 0.0150 0.0416 0.5143 1.3000 1.5275 1.5374 1.5376 1.5376 1.5376 1.5376 1.5376 1.5376 0.1133 0.0778 0.0592 0.0564 0.0563 0.0563 0.0563 0.0563 0.0563 0.0563 0.0568  
96433 12 0.9608 0.9643 0.0032 0.0030 10965531.9473 107655.4344 3071429086.1933 741313.8002 30918216.9178 262121332.3850 1509172060.7372 2044977494.3678 1735868512.5287 1320166797.3721 757795028.7899 314354336.5659 104363281.3701 40010181.2111 16.8996 0.1364 0.0077 0.0028 0.0033 0.0035 0.0035 0.0035 0.0035 0.0036 0.0037 0.0140 0.0186 0.1372 0.2786 0.3810 0.4352 0.4703 0.5138 0.5480 0.5643 0.5693 1.1640 0.1779 0.0946 0.0735 0.0697 0.0664 0.0659 0.0659 0.0658 0.0657 0.0654 0.1074  
96433 15 0.9920 0.9909 0.0006 0.0015 8256509.2956 0.0000 3501285750.1566 2113508.8778 2957121921.7602 9637745006.6936 19168113334.8770 21202487375.1567 6455846410.1920 443427838.0731 5281930.5169 49335.6328 48778.2786 47981.7625 446.2767 0.1013 0.0008 0.0001 0.0002 0.0004 0.0053 0.4125 9.1708 9.0904 8.9699 0.0021 0.0038 0.0342 0.0808 0.1147 0.1548 0.1707 0.1721 0.1731 0.1761 0.1804 1.6453 0.2821 0.2024 0.1408 0.1335 0.1333 0.1333 0.1331 0.1137 0.1134 0.1129 0.2028  
96433 29 0.4136 0.9149 0.0840 0.1593 10662425.7341 255221.0968 61320243.0782 41245.9171 15355.4918 309306.2505 13138627.0296 106971015.0913 251989679.4367 294419523.8675 179875936.5394 53933073.9436 7765907.5258 1349996.7271 31.4523 6.4308 3.0767 0.4705 0.1039 0.0367 0.0379 0.0572 0.1252 0.3847 0.8359 0.0226 0.0008 0.0082 0.0282 0.0621 0.1093 0.1664 0.2317 0.3016 0.3756 0.4292 2.5550 0.3304 0.1395 0.0765 0.0677 0.0625 0.0580 0.0561 0.0553 0.0543 0.0525 0.0671  
96433 30 1.0310 1.1173 0.0181 0.0368 97401836.6055 186220.0974 497048913.8581 117222.4454 2404597.2037 82016684.3558 108324109.2311 58520101.4976 59974786.6590 62759299.7598 62678246.3696 62658506.6931 62657115.9363 62657115.9363 10.2646 0.0394 0.3774 0.9733 0.6335 0.0712 0.0210 0.0173 0.0171 0.0170 0.0170 1.1135 0.0092 0.1152 0.3963 0.8329 1.2515 1.4225 1.4449 1.4461 1.4461 1.4461 1.4461 0.1751 0.1290 0.1002 0.0724 0.0592 0.0567 0.0563 0.0563 0.0563 0.0563 0.0913  
96433 35 0.6675 0.9399 0.2752 0.7443 4223271.0881 171920.8720 33604778.0925 4075.9468 423308.4727 4488207.3081 3823458.9206 9831233.6120 9563787.2262 7318388.7690 6401111.5235 6211639.7545 6113977.7943 6002802.5215 0.0199 0.4108 1.6453 2.1972 0.3580 0.3023 0.1408 0.0403 0.0201 0.0183 0.0181 0.0186 0.0143 0.1168 0.2527 0.3549 0.4242 0.4826 0.5057 0.5111 0.5149 0.5194 1.4702 0.1376 0.1138 0.0836 0.0737 0.0714 0.0682 0.0663 0.0659 0.0658 0.0658 0.0598  
96433 36 0.8633 0.9134 0.0575 0.0981 80935229.4121 566969.9463 110905429.6543 112272.8611 3406344923.2527 11737480782.1648 12370813328.6594 4466556756.0747 347399471.2865 30037457.3973 21414310.3460 21414310.3460 21411633.0851 21408955.8242 2552.1671 0.0933 0.0971 0.1291 0.1299 0.1302 0.1339 0.1355 0.1355 0.1355 0.1355 0.1299 0.0007 0.0052 0.0090 0.0171 0.0213 0.0216 0.0216 0.0216 0.0216 0.0216 1.4359 0.1941 0.1540 0.1339 0.1337 0.1317 0.1094 0.0998 0.0998 0.0998 0.0998 0.1338  
