8761 4 0.7987 0.8123 0.1549 0.1848 24319315.7993 24803359.8340 280175968.9923 28193.5933 404981.9063 31167488.1439 32224547.4310 12267910.0608 11719869.4067 11717457.0294 11717457.0294 11717457.0294 11717457.0294 11717457.0294 0.5845 0.3999 0.2388 0.2225 0.1932 0.1904 0.1904 0.1904 0.1904 0.1904 0.1904 0.2158 0.0538 0.6101 1.3851 1.5351 1.5375 1.5376 1.5376 1.5376 1.5376 1.5376 1.5376 0.1035 0.0747 0.0634 0.0567 0.0563 0.0563 0.0563 0.0563 0.0563 0.0563 0.0825  
8761 12 1.6101 0.6941 0.0175 0.0303 16600963.1879 3772767.0273 1231183678.2456 42515.3856 785360639.3056 4056980093.7186 1637673003.3703 306970452.9928 95551576.4055 59402810.1658 36758777.5161 19469399.7865 10946415.1483 8415982.0093 40.0649 0.5604 0.0193 0.0268 0.0415 0.0466 0.0478 0.0486 0.0504 0.0531 0.0548 0.0340 0.0186 0.1361 0.2771 0.3810 0.4348 0.4710 0.5140 0.5477 0.5643 0.5692 1.1640 0.1871 0.1142 0.0852 0.0731 0.0673 0.0657 0.0651 0.0639 0.0620 0.0608 0.1393  
8761 15 0.0053 0.6892 0.0011 0.0020 6791193.7608 0.0000 1153054963.5293 3172.0701 1442315445.0208 14711780504.9907 6429021820.5867 3421156507.7016 1740651935.1551 1518928051.1703 1506294572.9990 1504434838.0887 1501725621.7390 1498075160.7920 0.0000 0.9028 0.0026 0.0021 0.0021 0.0021 0.0021 0.0022 0.0024 0.0027 0.0032 0.0000 0.0045 0.0338 0.0594 0.0852 0.1005 0.1025 0.1026 0.1027 0.1028 0.1030 1.6453 0.2646 0.2030 0.1623 0.1520 0.1374 0.1336 0.1333 0.1333 0.1333 0.1333 0.0000  
8761 29 0.5728 0.6760 0.0499 0.0876 69928213.8983 182689806.7677 176135078.2701 73308.6132 4641062.3480 475470440.0293 942486378.3203 742604738.6010 490975565.2047 330612918.9761 230245592.0803 161182007.5731 131991766.0258 121513027.0110 51.4415 4.3053 0.9751 0.1732 0.0596 0.0485 0.0838 0.2630 0.5531 0.7256 0.7928 0.0556 0.0010 0.0098 0.0322 0.0674 0.1121 0.1625 0.2158 0.2678 0.3130 0.3562 2.5550 0.1515 0.1162 0.1010 0.0811 0.0678 0.0593 0.0536 0.0494 0.0466 0.0448 0.0555  
8761 30 0.0810 0.8879 0.0172 0.0374 21250730.2422 28827.0092 168269472.8993 2534.6671 47.1402 5194.2551 1021379.3448 9713579.1784 19585987.8188 21525496.3357 21564349.0057 21556045.4406 21555971.1211 21555971.1211 0.0000 0.8696 3.5307 0.8961 0.2048 0.0642 0.0307 0.0248 0.0245 0.0245 0.0245 0.0000 0.0091 0.1152 0.3955 0.8326 1.2540 1.4215 1.4449 1.4461 1.4461 1.4461 1.4461 0.1386 0.0913 0.0690 0.0638 0.0594 0.0568 0.0563 0.0563 0.0563 0.0563 0.0000  
8761 35 1.3213 0.4758 0.2679 0.5387 12224698.1168 1881280.5418 107733544.8176 16588.8618 4280715.9479 55174954.9738 64677659.3324 65996947.6104 44647115.7403 22631672.0376 14363132.8345 12851175.7054 12512166.4104 12253643.8841 0.3148 0.4396 1.6262 1.6805 0.2456 0.1885 0.1300 0.0634 0.0438 0.0417 0.0416 0.6548 0.0144 0.1174 0.2537 0.3547 0.4241 0.4832 0.5056 0.5109 0.5153 0.5202 1.4702 0.1339 0.1125 0.0841 0.0758 0.0726 0.0698 0.0669 0.0660 0.0658 0.0658 0.1341  
8761 36 1.0733 0.5687 0.0428 0.0992 146799076.1451 2010929.0608 227098828.4672 189341.1544 40853251269.6714 41269293100.4559 7148191606.2625 6980947142.2076 6706411524.4597 6089805239.5685 5107037027.6752 3989374895.9226 2918318723.9877 2233124841.3543 4521.2907 1.1603 0.1323 0.1397 0.1399 0.1399 0.1399 0.1399 0.1399 0.1399 0.1399 0.1399 0.0007 0.0051 0.0076 0.0077 0.0083 0.0095 0.0114 0.0137 0.0158 0.0172 1.4359 0.1898 0.1844 0.1301 0.1289 0.1289 0.1289 0.1289 0.1289 0.1289 0.1289 0.1289  
17545 4 5.3059 1.9617 0.0492 0.0540 16445791.3756 4799953.3637 552944774.9866 11699.4489 807172.0527 71239513.3909 80419499.9503 34110132.3054 32787237.4497 32781267.0818 32781267.0818 32781267.0818 32781267.0818 32781267.0818 1.2844 0.1308 0.0425 0.0394 0.0359 0.0356 0.0356 0.0356 0.0356 0.0356 0.0356 0.0389 0.0538 0.6101 1.3851 1.5351 1.5375 1.5376 1.5376 1.5376 1.5376 1.5376 1.5376 0.1035 0.0743 0.0627 0.0566 0.0563 0.0563 0.0563 0.0563 0.0563 0.0563 0.0825  
17545 12 1.3771 1.4854 0.0097 0.0133 17935779.8030 190234.1078 2508984183.1594 688950.8519 799157092.4451 5498838452.8016 4317260837.3831 1190430634.0550 272719571.6928 132704879.6470 77243448.8351 36156843.2935 15903514.8807 9891684.3208 67.5962 0.0929 0.0049 0.0083 0.0140 0.0168 0.0177 0.0180 0.0184 0.0193 0.0201 0.0188 0.0186 0.1361 0.2771 0.3810 0.4348 0.4710 0.5140 0.5477 0.5643 0.5692 1.1640 0.1845 0.1047 0.0823 0.0744 0.0689 0.0659 0.0655 0.0647 0.0630 0.0615 0.1290  
17545 15 1.1696 1.1313 0.0003 0.0005 1180457.8890 62535.8123 1195333640.1390 394995.7463 1702838657.8884 19273379343.8543 8633233955.1663 4182727629.5661 1670670515.4038 1339256202.1746 1320603743.1045 1318730738.8875 1316354623.3678 1313152990.4689 0.0000 0.0187 0.0003 0.0003 0.0004 0.0004 0.0004 0.0004 0.0004 0.0004 0.0004 0.0000 0.0045 0.0338 0.0594 0.0852 0.1005 0.1025 0.1026 0.1027 0.1028 0.1030 1.6453 0.2732 0.2007 0.1625 0.1546 0.1393 0.1337 0.1333 0.1333 0.1333 0.1333 0.0000  
17545 29 0.4917 0.8725 0.0538 0.0656 16842359.8142 999248.6590 158015726.7842 98557.7541 1605650.7667 185593188.8360 639916374.8715 736619165.9738 520719849.9773 332007579.8027 216839943.2614 144031544.0890 112293655.9432 99053318.7551 49.0635 2.1970 0.5300 0.2102 0.0301 0.0079 0.0105 0.0289 0.0690 0.1160 0.1597 0.0091 0.0010 0.0098 0.0322 0.0674 0.1121 0.1625 0.2158 0.2678 0.3130 0.3562 2.5550 0.1823 0.1114 0.0948 0.0796 0.0680 0.0598 0.0544 0.0501 0.0469 0.0450 0.0555  
17545 30 2.2485 1.9577 0.0030 0.0064 2525085.6011 1938049.9021 181063763.6031 23464.3439 3136857.3575 76876754.3655 107393288.5178 40417272.2760 19126177.3777 21887112.6022 22870113.1797 22935527.1868 22935985.3739 22935985.3739 0.0000 0.0040 0.0158 0.0564 0.0526 0.0072 0.0033 0.0027 0.0027 0.0027 0.0027 0.0018 0.0091 0.1152 0.3955 0.8326 1.2540 1.4215 1.4449 1.4461 1.4461 1.4461 1.4461 0.1815 0.1310 0.1024 0.0789 0.0589 0.0564 0.0563 0.0563 0.0563 0.0563 0.2740  
17545 35 0.9911 0.7997 0.2616 0.3202 13579469.2053 2001.9540 92655817.2037 13525.5503 1074977.4323 18575769.4511 41265492.0725 54781956.8092 39976617.3420 20657227.9247 13339402.1145 11997461.4752 11687096.7365 11445902.6388 0.0426 0.2845 1.0486 0.6407 0.2309 0.2275 0.1451 0.0445 0.0136 0.0104 0.0101 0.6294 0.0144 0.1174 0.2537 0.3547 0.4241 0.4832 0.5056 0.5109 0.5153 0.5202 1.4702 0.1298 0.1084 0.0816 0.0749 0.0726 0.0699 0.0669 0.0660 0.0658 0.0658 0.1341  
17545 36 0.8700 0.8597 0.0531 0.0988 131649944.2851 633130.2922 198689556.2136 793734.9723 31089219329.8881 31911954412.5392 6297829448.4334 6164803514.9021 5922340885.5491 5377770449.4594 4509815439.7254 3522725671.7654 2576797060.3851 1971651863.4827 3992.7091 0.0982 0.0987 0.1322 0.1346 0.1346 0.1346 0.1346 0.1346 0.1346 0.1346 0.1346 0.0007 0.0051 0.0076 0.0077 0.0083 0.0095 0.0114 0.0137 0.0158 0.0172 1.4359 0.1946 0.1883 0.1348 0.1338 0.1338 0.1338 0.1338 0.1338 0.1338 0.1338 0.1338  
26305 4 1.3786 1.1780 0.0289 0.0324 11619651.7139 36734736.2043 721085422.2229 62076.2321 416478.4117 40148942.8200 70341297.9119 53821090.2034 53269836.5461 53267225.9575 53267225.9575 53267225.9575 53267225.9575 53267225.9575 0.6098 0.1211 0.0361 0.0318 0.0277 0.0275 0.0275 0.0275 0.0275 0.0275 0.0275 0.0324 0.0538 0.6101 1.3851 1.5351 1.5375 1.5376 1.5376 1.5376 1.5376 1.5376 1.5376 0.1042 0.0722 0.0605 0.0564 0.0563 0.0563 0.0563 0.0563 0.0563 0.0563 0.0825  
26305 12 1.0237 0.9935 0.0056 0.0062 16111068.8547 232357.1622 3086194864.1458 948744.5273 149237712.1687 3191525522.9380 5748418101.8919 2090278059.3128 528721752.1785 267806247.2821 153313437.2533 67844705.0671 25714098.9784 13209338.4040 109.5099 0.0879 0.0043 0.0043 0.0065 0.0073 0.0078 0.0079 0.0081 0.0088 0.0098 0.0160 0.0186 0.1361 0.2771 0.3810 0.4348 0.4710 0.5140 0.5477 0.5643 0.5692 1.1640 0.1701 0.0919 0.0803 0.0739 0.0690 0.0660 0.0657 0.0653 0.0643 0.0628 0.0821  
26305 15 1.1354 1.0779 0.0005 0.0005 3159927.6755 0.0000 1258594619.2036 461990.1198 1688694571.7629 21637260096.5859 11015389407.5904 5055304156.9529 1634367728.9333 1183061778.6987 1157820797.3555 1155894914.2932 1153812058.8576 1151005571.3936 0.0000 0.0727 0.0004 0.0004 0.0005 0.0005 0.0005 0.0005 0.0005 0.0005 0.0005 0.0000 0.0045 0.0338 0.0594 0.0852 0.1005 0.1025 0.1026 0.1027 0.1028 0.1030 1.6453 0.2722 0.1988 0.1625 0.1564 0.1414 0.1339 0.1333 0.1333 0.1333 0.1333 0.0000  
26305 29 1.6546 0.8880 0.0208 0.0608 15682505.2432 1005333.7309 140856454.6408 48459.4226 192731.3297 43175200.8586 431995357.3506 675913161.7639 532264350.8652 332235303.1862 204908335.2297 127955518.1644 94195192.8634 79425081.5329 47.1951 3.7355 1.0469 0.2000 0.0239 0.0077 0.0107 0.0311 0.0781 0.1306 0.1760 0.0093 0.0010 0.0098 0.0322 0.0674 0.1121 0.1625 0.2158 0.2678 0.3130 0.3562 2.5550 0.2143 0.1033 0.0867 0.0777 0.0678 0.0602 0.0547 0.0503 0.0471 0.0453 0.0556  
26305 30 1.2037 1.0834 0.0034 0.0184 23454142.7330 4378195.8136 249476182.2996 52759.5653 1907512.6961 52837758.0228 103111976.9071 75284489.2196 41239859.5083 27612148.0973 25632056.4667 25528392.4901 25527729.3128 25527729.3128 0.0000 0.0080 0.0463 0.1188 0.1898 0.0430 0.0081 0.0064 0.0064 0.0064 0.0064 0.0047 0.0091 0.1152 0.3955 0.8326 1.2540 1.4215 1.4449 1.4461 1.4461 1.4461 1.4461 0.1792 0.1255 0.0938 0.0743 0.0619 0.0569 0.0563 0.0563 0.0563 0.0563 0.2740  
26305 35 0.8619 0.9204 0.2577 0.3017 10311848.7959 2594.8777 80397263.5240 13404.5310 1369150.1592 21704814.4544 32211361.2157 46072380.8670 34727961.8036 18493224.5762 12324945.7414 11187278.0134 10908035.7921 10683580.5928 0.0443 0.2609 0.8818 0.6651 0.2112 0.2013 0.1262 0.0389 0.0132 0.0106 0.0104 0.5986 0.0144 0.1174 0.2537 0.3547 0.4241 0.4832 0.5056 0.5109 0.5153 0.5202 1.4702 0.1301 0.1107 0.0818 0.0746 0.0725 0.0698 0.0669 0.0660 0.0658 0.0658 0.1341  
26305 36 0.8721 0.9018 0.0561 0.0987 115249525.0944 764237.2764 169586132.0546 690526.6253 26551106338.8754 27333660803.5499 5514015724.3680 5399496462.0384 5187116638.3328 4710112105.7147 3949845946.3825 3085226307.9767 2256660882.1045 1726597215.7349 3497.0512 0.0982 0.0987 0.1300 0.1340 0.1340 0.1340 0.1340 0.1340 0.1340 0.1340 0.1340 0.0007 0.0051 0.0076 0.0077 0.0083 0.0095 0.0114 0.0137 0.0158 0.0172 1.4359 0.1946 0.1881 0.1348 0.1338 0.1338 0.1338 0.1338 0.1338 0.1338 0.1338 0.1338  
35065 4 1.2572 1.1239 0.0346 0.0334 27366262.0721 6004498.7833 828678288.0742 85575.7802 409283.1527 36557879.5851 75999426.2443 65959207.8752 65564543.1655 65562605.7550 65562605.7550 65562605.7550 65562605.7550 65562605.7550 0.5431 0.1408 0.0399 0.0349 0.0321 0.0320 0.0320 0.0320 0.0320 0.0320 0.0320 0.0359 0.0538 0.6101 1.3851 1.5351 1.5375 1.5376 1.5376 1.5376 1.5376 1.5376 1.5376 0.1049 0.0727 0.0598 0.0564 0.0563 0.0563 0.0563 0.0563 0.0563 0.0563 0.0824  
35065 12 0.9605 0.9557 0.0036 0.0037 11761748.3866 111200.8094 3231936486.7872 971236.7081 31968133.0781 2056717018.3749 5230128016.1721 2396263970.1275 814864810.7016 482702052.6430 276570971.2376 119379828.7984 41895077.0922 18897562.1075 195.0735 0.1123 0.0029 0.0028 0.0039 0.0043 0.0045 0.0046 0.0047 0.0050 0.0055 0.0054 0.0186 0.1361 0.2771 0.3810 0.4348 0.4710 0.5140 0.5477 0.5643 0.5692 1.1640 0.1687 0.0856 0.0788 0.0732 0.0683 0.0660 0.0658 0.0656 0.0650 0.0638 0.0679  
35065 15 1.2102 1.1337 0.0007 0.0006 3643919.7854 0.0000 1400013375.0650 524548.6841 2081708866.1750 25591062733.3507 14977164278.7320 6583394252.2666 1695930647.3984 1051169836.2470 1015267922.2833 1013139668.0125 1011314008.2144 1008854072.0939 0.0000 0.0839 0.0005 0.0005 0.0006 0.0006 0.0006 0.0006 0.0006 0.0006 0.0006 0.0000 0.0045 0.0338 0.0594 0.0852 0.1005 0.1025 0.1026 0.1027 0.1028 0.1030 1.6453 0.2786 0.1984 0.1623 0.1578 0.1440 0.1342 0.1333 0.1333 0.1333 0.1333 0.0000  
35065 29 1.0965 0.9030 0.0196 0.0295 40113407.3561 1209892.0502 106122325.0791 80182.7136 36670.9807 21321791.2054 337934002.0901 603495110.6426 524411545.0183 321426709.6276 180344725.8762 93340470.8238 56319704.9334 41589627.4925 44.4261 5.8939 0.5769 0.0498 0.0146 0.0149 0.0335 0.1046 0.2781 0.4697 0.6019 0.0365 0.0010 0.0098 0.0322 0.0674 0.1121 0.1625 0.2158 0.2678 0.3130 0.3562 2.5550 0.2851 0.0955 0.0836 0.0764 0.0674 0.0605 0.0552 0.0509 0.0476 0.0458 0.0556  
35065 30 1.0428 1.2873 0.0026 0.0243 52739552.0014 1489212.0337 341889240.2029 63504.1308 4717658.1440 114094219.2416 141400116.2478 77951610.9195 51552333.1366 39769701.4411 37676881.0960 37550519.2449 37549670.5786 37549670.5786 0.0000 0.0127 0.1497 0.4819 0.2470 0.0493 0.0143 0.0104 0.0102 0.0102 0.0102 0.0058 0.0091 0.1152 0.3955 0.8326 1.2540 1.4215 1.4449 1.4461 1.4461 1.4461 1.4461 0.1797 0.1312 0.0986 0.0725 0.0614 0.0571 0.0563 0.0563 0.0563 0.0563 0.2740  
35065 35 0.9446 0.8754 0.2812 0.3334 9021726.1720 3957.5314 69988349.0744 11552.9930 915772.7942 14183801.0168 24356652.4191 37978189.1645 29503940.0046 16344348.5120 11331158.8774 10398661.2723 10150455.0000 9942535.5746 0.0341 0.2973 1.0866 0.7794 0.2236 0.2091 0.1268 0.0385 0.0138 0.0113 0.0111 0.6250 0.0144 0.1174 0.2537 0.3547 0.4241 0.4832 0.5056 0.5109 0.5153 0.5202 1.4702 0.1304 0.1106 0.0816 0.0745 0.0724 0.0696 0.0668 0.0660 0.0658 0.0658 0.1341  
35065 36 0.8678 0.8625 0.0548 0.0966 97321651.7876 642156.0742 151373569.1588 602236.6940 20308962926.1035 21258695815.1371 4813014507.5469 4721426787.1700 4535705082.4427 4118574615.8967 3453737793.2387 2697646040.2896 1973082940.5449 1509553373.3791 3057.8926 0.0953 0.0958 0.1298 0.1320 0.1320 0.1320 0.1320 0.1320 0.1320 0.1320 0.1320 0.0007 0.0051 0.0076 0.0077 0.0083 0.0095 0.0114 0.0137 0.0158 0.0172 1.4359 0.1946 0.1873 0.1347 0.1338 0.1338 0.1338 0.1338 0.1338 0.1338 0.1338 0.1338  
43825 4 1.0801 1.0302 0.0321 0.0305 21604693.9302 17441023.7887 876723627.2219 107588.2518 216268.2811 22818733.6499 69605168.1810 72136706.6514 72064212.9074 72063650.1078 72063650.1078 72063650.1078 72063650.1078 72063650.1078 0.2897 0.1358 0.0370 0.0315 0.0287 0.0286 0.0286 0.0286 0.0286 0.0286 0.0286 0.0337 0.0538 0.6101 1.3851 1.5351 1.5375 1.5376 1.5376 1.5376 1.5376 1.5376 1.5376 0.1049 0.0711 0.0587 0.0563 0.0563 0.0563 0.0563 0.0563 0.0563 0.0563 0.0823  
43825 12 0.9548 0.9554 0.0031 0.0030 11012088.6616 92281.1820 3252752539.2019 932869.5649 22367558.2776 1551791121.0835 4322768028.3661 2341969682.4306 1094075833.6609 729132079.2185 418823732.5759 178908917.6171 60647158.6492 25547427.1533 295.3643 0.1378 0.0028 0.0025 0.0034 0.0038 0.0039 0.0039 0.0040 0.0042 0.0045 0.0042 0.0186 0.1361 0.2771 0.3810 0.4348 0.4710 0.5140 0.5477 0.5643 0.5692 1.1640 0.1793 0.0842 0.0782 0.0724 0.0675 0.0660 0.0658 0.0657 0.0653 0.0645 0.0668  
43825 15 1.1109 1.0452 0.0004 0.0003 4809061.2169 0.0000 1532797300.7190 634820.4765 1887847868.3785 24639589455.8120 18779139496.7431 8107852722.1032 1773677881.5348 938075768.6167 891652727.7186 889308261.1819 887705733.9969 885546451.9078 0.0000 0.0577 0.0003 0.0003 0.0003 0.0003 0.0003 0.0003 0.0003 0.0003 0.0003 0.0000 0.0045 0.0338 0.0594 0.0852 0.1005 0.1025 0.1026 0.1027 0.1028 0.1030 1.6453 0.2740 0.1954 0.1620 0.1587 0.1467 0.1346 0.1334 0.1333 0.1333 0.1333 0.0000  
43825 29 0.8787 0.9167 0.0173 0.0194 27461822.5505 918869.4883 82657048.8439 87917.1361 31917.1383 16423100.1920 273478970.7658 540539514.7200 510959501.1406 308034717.0611 158967049.2930 66942058.7652 30651103.7116 19574500.8490 41.4670 6.0355 0.6100 0.0183 0.0127 0.0144 0.0305 0.0955 0.2926 0.5634 0.7081 0.0348 0.0010 0.0098 0.0322 0.0674 0.1121 0.1625 0.2158 0.2678 0.3130 0.3562 2.5550 0.2752 0.0974 0.0829 0.0753 0.0671 0.0608 0.0558 0.0521 0.0483 0.0466 0.0555  
43825 30 1.1691 0.9700 0.0038 0.0292 63480102.1539 1268726.1285 432577121.9415 66220.1626 2353386.8852 63492977.6954 102570584.7650 76965395.9760 60657822.6991 51167406.9406 49549365.8629 49461988.6516 49461430.8965 49461430.8965 0.0000 0.0223 0.2433 0.6011 0.3230 0.0598 0.0163 0.0127 0.0125 0.0125 0.0125 0.0124 0.0091 0.1152 0.3955 0.8326 1.2540 1.4215 1.4449 1.4461 1.4461 1.4461 1.4461 0.1801 0.1260 0.0951 0.0721 0.0609 0.0569 0.0563 0.0563 0.0563 0.0563 0.2740  
43825 35 0.7486 0.8669 0.3575 0.4142 9862995.5377 3860.3364 62280690.3411 10912.8582 813136.8791 11036238.8089 17530763.8271 29169689.6641 23538691.8740 13973868.6522 10318603.6902 9626390.6631 9412203.2731 9220764.1190 0.0477 0.3464 1.1715 0.9275 0.3025 0.2792 0.1609 0.0470 0.0170 0.0139 0.0137 0.6377 0.0144 0.1174 0.2537 0.3547 0.4241 0.4832 0.5056 0.5109 0.5153 0.5202 1.4702 0.1330 0.1114 0.0815 0.0743 0.0723 0.0694 0.0667 0.0660 0.0658 0.0658 0.1341  
43825 36 0.9119 0.9643 0.0542 0.0947 85025307.3580 651308.4988 138214856.4836 522634.1600 20101378643.3922 20784563940.8254 4328380358.8835 4240644263.0620 4073822004.4026 3699139644.7102 3101958068.1888 2422807862.3702 1771977885.1609 1355618098.4287 2746.5094 0.0935 0.0941 0.1217 0.1277 0.1277 0.1277 0.1277 0.1277 0.1277 0.1277 0.1277 0.0007 0.0051 0.0076 0.0077 0.0083 0.0095 0.0114 0.0137 0.0158 0.0172 1.4359 0.1946 0.1880 0.1348 0.1338 0.1338 0.1338 0.1338 0.1338 0.1338 0.1338 0.1338  
52609 4 1.0981 1.0409 0.0275 0.0263 19661470.9143 16056572.9946 917750775.6395 116206.0927 250180.8656 27049042.5938 76847257.5477 75641000.2712 75428460.8868 75427157.1942 75427157.1942 75427157.1942 75427157.1942 75427157.1942 0.3500 0.1324 0.0316 0.0268 0.0247 0.0247 0.0247 0.0247 0.0247 0.0247 0.0247 0.0296 0.0538 0.6101 1.3851 1.5351 1.5375 1.5376 1.5376 1.5376 1.5376 1.5376 1.5376 0.1045 0.0717 0.0587 0.0563 0.0563 0.0563 0.0563 0.0563 0.0563 0.0563 0.0822  
52609 12 0.9492 0.9582 0.0030 0.0029 10970622.9655 90201.3770 3255998234.0719 890701.6257 24313324.1092 1155382891.9712 3559202372.5095 2328729534.3026 1295476538.8264 903185402.1554 519185489.4475 220860454.4608 73806532.5079 30161579.3107 366.2623 0.1421 0.0031 0.0024 0.0033 0.0036 0.0037 0.0037 0.0038 0.0039 0.0042 0.0039 0.0186 0.1361 0.2771 0.3810 0.4348 0.4710 0.5140 0.5477 0.5643 0.5692 1.1640 0.1828 0.0846 0.0776 0.0717 0.0671 0.0659 0.0659 0.0658 0.0655 0.0648 0.0666  
52609 15 1.1476 1.0994 0.0002 0.0003 4584010.3919 0.0000 1731674375.1051 705232.3482 1850314980.7864 26907172473.7744 23630596721.6509 10046832632.1944 1918224087.0327 845910025.2011 786425045.2476 783765481.3844 782353137.7786 780450113.4311 0.0000 0.0398 0.0002 0.0003 0.0003 0.0003 0.0003 0.0003 0.0003 0.0003 0.0003 0.0000 0.0045 0.0338 0.0594 0.0852 0.1005 0.1025 0.1026 0.1027 0.1028 0.1030 1.6453 0.2726 0.1943 0.1617 0.1594 0.1492 0.1351 0.1334 0.1333 0.1333 0.1333 0.0000  
52609 29 0.7425 0.9206 0.0213 0.0217 20369360.6796 788463.7301 66520208.0870 77257.0006 26699.8178 13102264.1179 222868178.4904 483772894.5190 489222111.3249 292119884.9736 141310560.3204 47961897.1698 13771095.1367 6681740.0303 38.6531 6.0430 0.6660 0.0209 0.0157 0.0173 0.0332 0.0902 0.2996 0.7583 1.0302 0.0415 0.0010 0.0098 0.0322 0.0674 0.1121 0.1625 0.2158 0.2678 0.3130 0.3562 2.5550 0.2746 0.0980 0.0826 0.0744 0.0669 0.0610 0.0564 0.0536 0.0497 0.0474 0.0556  
52609 30 1.1807 1.0425 0.0033 0.0272 66197218.1059 953338.7962 499560244.2109 77418.1642 2530072.9494 65861638.5006 93415183.0864 56880841.6407 58018672.5862 61946890.5253 62604721.5058 62642918.7879 62643187.8354 62643187.8354 0.0000 0.0238 0.2864 0.7612 0.3619 0.0523 0.0159 0.0131 0.0130 0.0130 0.0130 0.0120 0.0091 0.1152 0.3955 0.8326 1.2540 1.4215 1.4449 1.4461 1.4461 1.4461 1.4461 0.1846 0.1283 0.0978 0.0713 0.0597 0.0567 0.0563 0.0563 0.0563 0.0563 0.2740  
52609 35 0.8380 0.9256 0.3887 0.4596 7876179.1311 3940.4116 53294633.4292 8169.4649 1075006.0672 14332775.8280 15455167.4466 23188340.5980 18915705.8254 12038309.9741 9410315.1103 8900758.4431 8714685.1312 8538566.6717 0.0534 0.3132 1.1119 1.1198 0.3081 0.2708 0.1472 0.0422 0.0167 0.0141 0.0139 0.5837 0.0144 0.1174 0.2537 0.3547 0.4241 0.4832 0.5056 0.5109 0.5153 0.5202 1.4702 0.1322 0.1123 0.0829 0.0745 0.0721 0.0690 0.0666 0.0659 0.0658 0.0658 0.1341  
52609 36 0.9098 0.9468 0.0542 0.0940 78016188.6227 549956.8412 123108385.7276 476581.3564 18667014376.0180 19278820223.1973 3981156343.7988 3899935482.1771 3746504391.1639 3401898559.2855 2852653982.5821 2228020568.0348 1629434058.7650 1246496332.9229 2525.8466 0.0932 0.0938 0.1222 0.1278 0.1278 0.1278 0.1278 0.1278 0.1278 0.1278 0.1278 0.0007 0.0051 0.0076 0.0077 0.0083 0.0095 0.0114 0.0137 0.0158 0.0172 1.4359 0.1946 0.1881 0.1348 0.1338 0.1338 0.1338 0.1338 0.1338 0.1338 0.1338 0.1338  
61369 4 1.0391 1.0132 0.0266 0.0254 20093620.5571 16585444.6734 930721655.7723 127603.9643 207020.8745 20578239.2087 72522926.2461 78717485.2378 78716449.7774 78716113.4950 78716113.4950 78716113.4950 78716113.4950 78716113.4950 0.2583 0.1274 0.0294 0.0260 0.0246 0.0246 0.0246 0.0246 0.0246 0.0246 0.0246 0.0260 0.0538 0.6101 1.3851 1.5351 1.5375 1.5376 1.5376 1.5376 1.5376 1.5376 1.5376 0.1048 0.0709 0.0582 0.0563 0.0563 0.0563 0.0563 0.0563 0.0563 0.0563 0.0823  
61369 12 0.9514 0.9606 0.0030 0.0028 10919724.3419 92776.1673 3251932152.7707 845425.1641 25897516.0230 846449738.6487 2872019620.2096 2271722958.8699 1475026763.1641 1063402471.9406 611672334.8014 259518065.0586 85930086.5099 34410095.1452 431.4418 0.1257 0.0036 0.0024 0.0032 0.0035 0.0036 0.0036 0.0036 0.0037 0.0039 0.0037 0.0186 0.1361 0.2771 0.3810 0.4348 0.4710 0.5140 0.5477 0.5643 0.5692 1.1640 0.1813 0.0857 0.0768 0.0711 0.0668 0.0659 0.0659 0.0658 0.0656 0.0650 0.0666  
61369 15 1.0761 1.0383 0.0003 0.0005 5460423.7269 0.0000 1905326046.5532 809352.1672 1662957828.6354 23711291379.0458 28853086439.4719 12210771379.0533 2106556286.9933 773630195.6093 699757200.2090 696722256.8142 695466763.3680 693775082.5434 0.0000 0.0513 0.0004 0.0005 0.0005 0.0005 0.0005 0.0005 0.0005 0.0005 0.0005 0.0000 0.0045 0.0338 0.0594 0.0852 0.1005 0.1025 0.1026 0.1027 0.1028 0.1030 1.6453 0.2761 0.1900 0.1615 0.1598 0.1514 0.1358 0.1334 0.1333 0.1333 0.1333 0.0000  
61369 29 0.7113 0.9254 0.0235 0.0277 13136494.1482 440334.9496 57272866.5139 57365.0954 16346.9469 10224502.4272 179007741.1134 430196231.7342 463237327.7625 275335835.5958 128178356.1303 37801501.1941 6107671.4981 1370013.2206 35.8799 6.1508 0.5026 0.0302 0.0226 0.0225 0.0364 0.0726 0.2106 0.7794 1.5456 0.0491 0.0010 0.0098 0.0322 0.0674 0.1121 0.1625 0.2158 0.2678 0.3130 0.3562 2.5550 0.2924 0.0951 0.0822 0.0735 0.0667 0.0612 0.0568 0.0551 0.0527 0.0497 0.0556  
61369 30 0.9545 0.8665 0.0155 0.0345 77391290.9295 109924.7067 527670312.1446 91407.7840 1278885.8105 22697301.4180 24107897.4897 32392213.5612 55392499.6781 67234324.1594 69171076.2630 69283973.8213 69284745.9871 69284745.9871 0.0000 0.0562 0.7961 1.6525 0.6402 0.0657 0.0207 0.0184 0.0183 0.0183 0.0183 0.0186 0.0091 0.1152 0.3955 0.8326 1.2540 1.4215 1.4449 1.4461 1.4461 1.4461 1.4461 0.1840 0.1288 0.0960 0.0692 0.0588 0.0565 0.0563 0.0563 0.0563 0.0563 0.2740  
61369 35 0.9301 0.8734 0.3415 0.5281 8167196.0255 2750.1152 53353544.7788 6845.7332 966532.3061 13146885.6641 11505115.4098 16752743.9972 14282507.3955 10113483.1709 8514054.3784 8187310.1542 8029185.6462 7868166.4185 0.0370 0.2777 1.0014 1.1859 0.4060 0.3542 0.1779 0.0500 0.0213 0.0185 0.0182 0.5615 0.0144 0.1174 0.2537 0.3547 0.4241 0.4832 0.5056 0.5109 0.5153 0.5202 1.4702 0.1317 0.1122 0.0833 0.0745 0.0718 0.0686 0.0664 0.0659 0.0658 0.0658 0.1341  
61369 36 0.8822 0.8814 0.0541 0.0940 69828603.7928 465239.6155 109950761.3247 433574.0600 14907540086.1283 15599290292.9914 3523795804.3457 3456622546.8814 3320625294.2076 3015175817.9895 2528339981.8043 1974681477.8454 1444110260.3873 1104684409.1749 2238.7298 0.0935 0.0940 0.1255 0.1283 0.1283 0.1283 0.1283 0.1283 0.1283 0.1283 0.1283 0.0007 0.0051 0.0076 0.0077 0.0083 0.0095 0.0114 0.0137 0.0158 0.0172 1.4359 0.1946 0.1873 0.1347 0.1338 0.1338 0.1338 0.1338 0.1338 0.1338 0.1338 0.1338  
70129 4 0.9596 0.9843 0.0251 0.0244 19401556.0030 14900175.6485 918426871.2511 132589.3489 116510.9258 13678981.0911 64964193.6874 78537720.8435 78764252.7536 78764996.3296 78764996.3296 78764996.3296 78764996.3296 78764996.3296 0.1798 0.1347 0.0291 0.0247 0.0238 0.0238 0.0238 0.0238 0.0238 0.0238 0.0238 0.0270 0.0538 0.6101 1.3851 1.5351 1.5375 1.5376 1.5376 1.5376 1.5376 1.5376 1.5376 0.1029 0.0700 0.0576 0.0563 0.0563 0.0563 0.0563 0.0563 0.0563 0.0563 0.0824  
70129 12 0.9543 0.9609 0.0030 0.0028 10917401.9643 91567.5502 3231165231.8342 804367.9408 22032647.0506 589494604.8477 2202085905.7709 2143360017.0254 1664587335.9030 1240614627.1939 714155662.0064 302385398.7485 99410891.2817 39169270.0866 503.6891 0.1113 0.0042 0.0024 0.0032 0.0034 0.0035 0.0035 0.0035 0.0036 0.0038 0.0035 0.0186 0.1361 0.2771 0.3810 0.4348 0.4710 0.5140 0.5477 0.5643 0.5692 1.1640 0.1805 0.0867 0.0761 0.0704 0.0666 0.0659 0.0659 0.0658 0.0656 0.0652 0.0664  
70129 15 0.9979 0.9803 0.0002 0.0002 4359157.9160 0.0000 1930658430.8872 870913.7126 882158127.5497 18646336481.3740 31729891077.7538 13422405118.3601 2191341229.6585 709767517.2590 627693524.4909 624466548.5969 623341259.3407 621825018.6446 0.0000 0.0508 0.0002 0.0002 0.0002 0.0002 0.0002 0.0002 0.0002 0.0002 0.0002 0.0000 0.0045 0.0338 0.0594 0.0852 0.1005 0.1025 0.1026 0.1027 0.1028 0.1030 1.6453 0.2755 0.1821 0.1612 0.1601 0.1530 0.1365 0.1334 0.1333 0.1333 0.1333 0.0000  
70129 29 0.4114 0.9323 0.0231 0.0301 7285197.8226 424487.3392 52359306.0582 40806.1943 56599.4195 8208850.0048 145945331.5495 384167022.5811 433800058.7330 256523473.5597 117476139.2670 33827914.0187 4812248.2727 718401.1383 32.8511 5.5363 0.9540 0.0341 0.0239 0.0249 0.0381 0.0545 0.0789 0.2106 0.6346 0.0552 0.0010 0.0098 0.0322 0.0674 0.1121 0.1625 0.2158 0.2678 0.3130 0.3562 2.5550 0.2867 0.1055 0.0818 0.0728 0.0665 0.0613 0.0570 0.0557 0.0554 0.0549 0.0555  
70129 30 0.9438 1.0057 0.0184 0.0279 66609677.2498 50043.4901 515572514.0536 87245.4178 2160672.7013 37357494.1105 28842696.2951 17379313.8815 45481116.3986 67311022.8932 71210845.9061 71440642.0372 71442201.5217 71442201.5217 0.0000 0.0588 0.7702 1.7973 0.8029 0.0441 0.0197 0.0187 0.0186 0.0186 0.0186 0.0166 0.0091 0.1152 0.3955 0.8326 1.2540 1.4215 1.4449 1.4461 1.4461 1.4461 1.4461 0.1856 0.1329 0.1058 0.0690 0.0574 0.0564 0.0563 0.0563 0.0563 0.0563 0.2740  
70129 35 1.0140 0.9664 0.2551 0.6519 6845474.7421 63455.6732 40556271.2296 6367.2034 1346628.1696 16183456.7732 12722369.4081 14046321.1145 11587333.2348 8815439.0744 7761285.0894 7533141.2701 7394384.9553 7246830.0376 0.0818 0.3368 1.2833 1.7133 0.4217 0.3364 0.1570 0.0443 0.0210 0.0187 0.0186 0.5912 0.0144 0.1174 0.2537 0.3547 0.4241 0.4832 0.5056 0.5109 0.5153 0.5202 1.4702 0.1333 0.1129 0.0857 0.0752 0.0715 0.0682 0.0663 0.0659 0.0658 0.0658 0.1341  
70129 36 0.8978 0.9400 0.0538 0.0938 62022782.1410 458237.4527 97169096.9221 382513.5729 13912929740.6158 14474829020.3064 3146793473.0238 3085051887.9244 2963667870.4239 2691039682.4722 2256515539.4702 1762348986.7211 1288788935.4419 985835216.4436 1998.0777 0.0932 0.0937 0.1225 0.1275 0.1275 0.1275 0.1275 0.1275 0.1275 0.1275 0.1275 0.0007 0.0051 0.0076 0.0077 0.0083 0.0095 0.0114 0.0137 0.0158 0.0172 1.4359 0.1946 0.1876 0.1347 0.1338 0.1338 0.1338 0.1338 0.1338 0.1338 0.1338 0.1338  
78889 4 1.0062 1.0018 0.0241 0.0234 18278524.1079 14199876.8674 924673139.1282 127230.0863 181771.1494 19381881.0851 70605347.3158 77329645.9025 77335336.8793 77334989.1765 77334989.1765 77334989.1765 77334989.1765 77334989.1765 0.2610 0.1196 0.0298 0.0239 0.0225 0.0225 0.0225 0.0225 0.0225 0.0225 0.0225 0.0270 0.0538 0.6101 1.3851 1.5351 1.5375 1.5376 1.5376 1.5376 1.5376 1.5376 1.5376 0.1033 0.0713 0.0579 0.0563 0.0563 0.0563 0.0563 0.0563 0.0563 0.0563 0.0825  
78889 12 0.9584 0.9689 0.0030 0.0029 10967074.6132 106554.7497 3141538366.1394 767635.2407 35377749.4268 528440328.6055 1841776937.3298 2012418289.4886 1708292707.3406 1291505164.8374 743696708.9532 314632361.9774 103133090.9640 40361428.6963 524.6323 0.0910 0.0053 0.0025 0.0032 0.0035 0.0035 0.0035 0.0035 0.0036 0.0038 0.0036 0.0186 0.1361 0.2771 0.3810 0.4348 0.4710 0.5140 0.5477 0.5643 0.5692 1.1640 0.1827 0.0902 0.0757 0.0698 0.0664 0.0659 0.0659 0.0658 0.0657 0.0653 0.0666  
78889 15 0.9471 0.9701 0.0001 0.0002 4112904.0520 0.0000 1854398694.0108 869101.0833 811083466.3782 16911111788.2502 31201500183.3927 13183066028.8904 2106706673.8078 645542580.8797 564612737.3229 561483315.6309 560471521.9752 559108207.8688 0.0000 0.0570 0.0002 0.0002 0.0002 0.0002 0.0002 0.0002 0.0002 0.0002 0.0002 0.0000 0.0045 0.0338 0.0594 0.0852 0.1005 0.1025 0.1026 0.1027 0.1028 0.1030 1.6453 0.2801 0.1781 0.1611 0.1602 0.1537 0.1368 0.1334 0.1333 0.1333 0.1333 0.0000  
78889 29 0.5612 0.9399 0.0255 0.0322 4523656.4682 263641.7066 48830375.9929 16786.0836 2267609.8326 11120257.1936 115766193.9825 342551370.4663 408933559.7715 241518134.1804 109441864.9353 31404223.5413 4461068.3286 663466.6097 30.4862 1.8073 0.7222 0.0534 0.0256 0.0214 0.0288 0.0372 0.0407 0.0473 0.0733 0.0400 0.0010 0.0098 0.0322 0.0674 0.1121 0.1625 0.2158 0.2678 0.3130 0.3562 2.5550 0.2343 0.1385 0.0817 0.0719 0.0664 0.0614 0.0570 0.0558 0.0555 0.0555 0.0555  
78889 30 1.0198 0.9173 0.0161 0.0264 55829778.8257 46212.4359 491569372.8611 82344.0363 1211323.5692 19100741.3524 13199133.6287 13605019.5317 42848616.4182 64374764.7479 68224473.9704 68452437.5768 68453986.8118 68453986.8118 0.0000 0.0779 0.9888 2.2231 0.8359 0.0408 0.0193 0.0187 0.0187 0.0187 0.0187 0.0181 0.0091 0.1152 0.3955 0.8326 1.2540 1.4215 1.4449 1.4461 1.4461 1.4461 1.4461 0.1857 0.1326 0.1046 0.0677 0.0570 0.0563 0.0563 0.0563 0.0563 0.0563 0.2740  
78889 35 0.9844 0.8208 0.1901 0.6238 6366938.4349 93183.1772 36972974.8797 6456.0945 748007.1758 9561064.9988 8710585.7896 9363428.8543 8331281.1661 7365920.4773 6994683.7145 6888968.8587 6771605.4444 6637477.7904 0.0345 0.3505 1.1247 1.4105 0.4994 0.4092 0.1716 0.0492 0.0256 0.0234 0.0232 0.6716 0.0144 0.1174 0.2537 0.3547 0.4241 0.4832 0.5056 0.5109 0.5153 0.5202 1.4702 0.1332 0.1121 0.0846 0.0751 0.0710 0.0677 0.0662 0.0659 0.0658 0.0658 0.1341  
78889 36 0.8845 0.9011 0.0536 0.0933 55585093.4012 379799.5258 86001222.0841 343412.7816 11622431162.4332 12204386865.6153 2819568676.6249 2766711449.0061 2657848025.7833 2413341060.0745 2023637484.0926 1580443530.8465 1155730546.8068 884026086.7570 1791.9007 0.0926 0.0932 0.1238 0.1273 0.1273 0.1273 0.1273 0.1273 0.1273 0.1273 0.1273 0.0007 0.0051 0.0076 0.0077 0.0083 0.0095 0.0114 0.0137 0.0158 0.0172 1.4359 0.1946 0.1873 0.1346 0.1338 0.1338 0.1338 0.1338 0.1338 0.1338 0.1338 0.1338  
87673 4 1.0773 1.0303 0.0235 0.0230 18433998.7347 15076797.8273 948279842.5686 128022.2065 245203.6426 27594074.0177 81031757.0821 78842348.7247 78556201.0369 78554413.7856 78554413.7856 78554413.7856 78554413.7856 78554413.7856 0.3521 0.1185 0.0270 0.0235 0.0223 0.0222 0.0222 0.0222 0.0222 0.0222 0.0222 0.0247 0.0538 0.6101 1.3851 1.5351 1.5375 1.5376 1.5376 1.5376 1.5376 1.5376 1.5376 0.1033 0.0715 0.0585 0.0563 0.0563 0.0563 0.0563 0.0563 0.0563 0.0563 0.0824  
87673 12 0.9628 0.9706 0.0031 0.0030 11037446.0155 106780.7909 3046898508.9277 735738.2802 35871743.6326 500879937.6579 1603324961.6939 1876759635.0494 1714051704.2687 1310285516.2665 754717581.8655 319111652.3305 104387853.9765 40659212.6800 532.3107 0.0884 0.0055 0.0026 0.0034 0.0036 0.0036 0.0036 0.0036 0.0037 0.0038 0.0037 0.0186 0.1361 0.2771 0.3810 0.4348 0.4710 0.5140 0.5477 0.5643 0.5692 1.1640 0.1804 0.0920 0.0756 0.0695 0.0664 0.0659 0.0659 0.0658 0.0657 0.0653 0.0665  
87673 15 1.0144 0.9953 0.0002 0.0001 3686689.3599 0.0000 1793443627.4615 823166.6999 1136936645.3945 17902478357.0485 30254008641.4159 12744879760.1502 2004762357.8232 587955383.1824 509491796.8124 506494426.6595 505581722.9515 504351924.9260 0.0000 0.0423 0.0001 0.0001 0.0002 0.0002 0.0002 0.0002 0.0002 0.0002 0.0002 0.0000 0.0045 0.0338 0.0594 0.0852 0.1005 0.1025 0.1026 0.1027 0.1028 0.1030 1.6453 0.2812 0.1803 0.1611 0.1602 0.1541 0.1371 0.1335 0.1333 0.1333 0.1333 0.0000  
87673 29 0.8190 0.9383 0.0341 0.0504 5373118.6319 236502.8149 45046443.1050 9419.5718 4893982.6906 15525010.9996 94806966.5191 305681312.6370 378957484.5136 223720240.6728 100718781.3632 28839497.3880 4094721.1758 608569.8905 27.9880 1.9235 0.9533 0.1113 0.0317 0.0254 0.0362 0.0485 0.0528 0.0578 0.0759 0.0526 0.0010 0.0098 0.0322 0.0674 0.1121 0.1625 0.2158 0.2678 0.3130 0.3562 2.5550 0.2409 0.1572 0.0821 0.0712 0.0663 0.0614 0.0571 0.0558 0.0555 0.0555 0.0556  
87673 30 1.0292 0.9485 0.0136 0.0236 46347752.5394 41751.2660 463802017.3656 83978.3569 1533590.0961 17990684.9682 7499470.8886 9272415.2913 39333179.4315 61024525.3944 64869304.7020 65095178.2127 65096708.5645 65096708.5645 0.0000 0.0742 1.0326 2.6457 0.7195 0.0322 0.0192 0.0188 0.0188 0.0188 0.0188 0.0183 0.0091 0.1152 0.3955 0.8326 1.2540 1.4215 1.4449 1.4461 1.4461 1.4461 1.4461 0.1916 0.1366 0.1105 0.0642 0.0567 0.0563 0.0563 0.0563 0.0563 0.0563 0.2740  
87673 35 0.5919 0.8883 0.3027 0.8421 6455884.1238 53441.4781 34498247.7795 6355.6577 797352.5743 10653328.0349 6591886.6164 5751068.6636 5655810.8747 6099761.8053 6264171.6896 6255267.6414 6156799.3022 6035740.9276 0.0294 0.3415 1.2306 2.0291 0.7157 0.4829 0.1771 0.0539 0.0321 0.0301 0.0299 0.6900 0.0144 0.1174 0.2537 0.3547 0.4241 0.4832 0.5056 0.5109 0.5153 0.5202 1.4702 0.1320 0.1127 0.0868 0.0756 0.0703 0.0672 0.0661 0.0659 0.0658 0.0658 0.1341  
87673 36 0.8722 0.8769 0.0537 0.0931 49589462.1606 392264.7106 73533940.7321 303744.0389 9240321090.9248 9827408618.2780 2452593437.0370 2409155196.9735 2314357892.7769 2101443393.8682 1762092973.4157 1376163606.4942 1006327303.7739 769729467.7761 1560.3246 0.0924 0.0930 0.1258 0.1282 0.1282 0.1282 0.1282 0.1282 0.1282 0.1282 0.1282 0.0007 0.0051 0.0076 0.0077 0.0083 0.0095 0.0114 0.0137 0.0158 0.0172 1.4359 0.1946 0.1864 0.1345 0.1338 0.1338 0.1338 0.1338 0.1338 0.1338 0.1338 0.1338  
96433 4 0.9758 0.9976 0.0242 0.0231 19094475.7412 14508757.3478 945988014.2712 137916.4479 145042.6560 21315030.6614 75930104.9863 79998278.4590 79901226.7713 79900345.1926 79900345.1926 79900345.1926 79900345.1926 79900345.1926 0.2529 0.1183 0.0265 0.0237 0.0225 0.0225 0.0225 0.0225 0.0225 0.0225 0.0225 0.0223 0.0538 0.6101 1.3851 1.5351 1.5375 1.5376 1.5376 1.5376 1.5376 1.5376 1.5376 0.1027 0.0696 0.0581 0.0563 0.0563 0.0563 0.0563 0.0563 0.0563 0.0563 0.0821  
96433 12 0.9674 0.9728 0.0032 0.0031 11067475.6060 113916.5894 2964441993.5566 708404.1411 36981476.1137 480092136.0879 1393549831.1416 1745771828.8755 1720068284.1263 1328957821.3924 765676226.3510 323573945.1462 105647913.9622 40968908.4446 539.9718 0.0778 0.0058 0.0026 0.0035 0.0037 0.0037 0.0037 0.0037 0.0038 0.0039 0.0037 0.0186 0.1361 0.2771 0.3810 0.4348 0.4710 0.5140 0.5477 0.5643 0.5692 1.1640 0.1797 0.0932 0.0757 0.0691 0.0663 0.0659 0.0659 0.0658 0.0657 0.0654 0.0665  
96433 15 0.9689 0.9703 0.0001 0.0002 3859712.1127 0.0000 1715058865.9472 835038.9170 1179930675.2758 16689375450.4416 29341113859.4176 12348560115.7798 1914213476.7687 537743798.9483 461522431.6951 458643042.5963 457816567.1261 456702955.0169 0.0000 0.0315 0.0001 0.0001 0.0002 0.0002 0.0002 0.0002 0.0002 0.0002 0.0002 0.0000 0.0045 0.0338 0.0594 0.0852 0.1005 0.1025 0.1026 0.1027 0.1028 0.1030 1.6453 0.2808 0.1795 0.1611 0.1603 0.1545 0.1373 0.1335 0.1333 0.1333 0.1333 0.0000  
96433 29 0.9315 0.9213 0.0430 0.0635 6268670.2906 342760.3416 40819623.6337 7714.8969 2618801.2692 9351347.0567 74484444.5565 270504097.5432 348017668.3003 204128712.3428 90728089.9534 25872940.6955 3671108.1148 545572.2203 25.0931 1.9479 0.9389 0.1335 0.0408 0.0324 0.0495 0.0693 0.0760 0.0815 0.0999 0.0762 0.0010 0.0098 0.0322 0.0674 0.1121 0.1625 0.2158 0.2678 0.3130 0.3562 2.5550 0.2403 0.1513 0.0811 0.0706 0.0662 0.0615 0.0571 0.0558 0.0555 0.0555 0.0556  
96433 30 0.8889 0.9983 0.0145 0.0233 53091473.7707 51718.9567 434996963.1015 86426.8499 3121884.7556 31422123.2139 13831219.2294 9472700.8049 36514399.5020 57194363.0890 60912775.5030 61132887.3117 61134381.7456 61134381.7456 0.0000 0.0561 0.8662 2.3279 0.9593 0.0319 0.0191 0.0189 0.0188 0.0188 0.0188 0.0168 0.0091 0.1152 0.3955 0.8326 1.2540 1.4215 1.4449 1.4461 1.4461 1.4461 1.4461 0.1955 0.1379 0.1117 0.0667 0.0566 0.0563 0.0563 0.0563 0.0563 0.0563 0.2740  
96433 35 0.3745 0.9922 0.7192 0.9009 5649895.0978 2514.8847 25114095.2365 3762.2168 1233365.5853 16823235.0115 6274414.5878 3793278.1206 4020067.8840 5171393.4920 5607372.9215 5649280.9073 5565061.9032 5456230.8340 0.0418 0.3116 1.0219 2.1007 0.8769 0.4784 0.1575 0.0542 0.0372 0.0357 0.0356 0.6492 0.0144 0.1174 0.2537 0.3547 0.4241 0.4832 0.5056 0.5109 0.5153 0.5202 1.4702 0.1306 0.1129 0.0886 0.0767 0.0697 0.0668 0.0660 0.0659 0.0658 0.0658 0.1341  
96433 36 0.8422 0.9029 0.0536 0.0930 32124310.8442 368867.6166 63359069.7676 264926.6546 8173352536.3372 8630555549.3612 2064122842.2636 2026405812.0913 1946667770.5192 1767576336.3430 1482134274.8360 1157512681.7973 846427649.0323 647415153.4363 1312.4316 0.0923 0.0930 0.1244 0.1277 0.1277 0.1277 0.1277 0.1277 0.1277 0.1277 0.1277 0.0007 0.0051 0.0076 0.0077 0.0083 0.0095 0.0114 0.0137 0.0158 0.0172 1.4359 0.1946 0.1867 0.1346 0.1338 0.1338 0.1338 0.1338 0.1338 0.1338 0.1338 0.1338  
