8761 4 0.7610 0.8144 0.1429 0.1831 24321960.6932 23066644.2961 300189914.1766 26863.8434 392877.2101 31516888.1560 30388708.2229 12479457.9486 12021394.4170 12019469.1753 12019469.1753 12019469.1753 12019469.1753 12019469.1753 0.5670 0.3972 0.2308 0.2142 0.1978 0.1968 0.1968 0.1968 0.1968 0.1968 0.1968 0.2035 0.0538 0.6101 1.3851 1.5351 1.5375 1.5376 1.5376 1.5376 1.5376 1.5376 1.5376 0.1028 0.0749 0.0635 0.0567 0.0563 0.0563 0.0563 0.0563 0.0563 0.0563 0.0825  
8761 12 1.6268 0.6928 0.0176 0.0304 16493809.7257 4202565.1541 1290230770.3595 42956.8418 759320298.8771 4123427529.4389 1582704397.9821 312083288.5495 92734769.5450 55954186.1318 34746475.3362 18625974.6520 10679165.1346 8319735.4232 42.4050 0.5693 0.0192 0.0267 0.0416 0.0466 0.0478 0.0486 0.0503 0.0529 0.0546 0.0348 0.0186 0.1361 0.2771 0.3810 0.4348 0.4710 0.5140 0.5477 0.5643 0.5692 1.1640 0.1872 0.1140 0.0852 0.0731 0.0674 0.0657 0.0651 0.0639 0.0620 0.0608 0.1415  
8761 15 0.0041 0.6896 0.0008 0.0013 5318029.2423 0.0000 1203539005.2173 2449.8754 1600040269.7582 13368776442.3217 7235923108.2528 3774055352.3146 1785007474.2897 1522581736.1156 1507697449.8681 1505764497.7686 1503052850.7561 1499399114.6848 0.0000 0.8957 0.0019 0.0013 0.0013 0.0013 0.0013 0.0014 0.0016 0.0019 0.0024 0.0000 0.0045 0.0338 0.0594 0.0852 0.1005 0.1025 0.1026 0.1027 0.1028 0.1030 1.6453 0.2677 0.2029 0.1621 0.1522 0.1375 0.1336 0.1333 0.1333 0.1333 0.1333 0.0000  
8761 29 0.5407 0.6761 0.0409 0.0816 69894938.6878 179461697.5268 171635905.9574 69200.2056 4732580.9452 485993062.0894 947393517.5857 738824467.1988 493610051.5889 333838094.6261 229957443.3356 156730559.5228 126079118.5178 115606833.6257 52.1736 4.2334 0.9690 0.1702 0.0528 0.0403 0.0768 0.2673 0.5824 0.7716 0.8427 0.0464 0.0010 0.0098 0.0322 0.0674 0.1121 0.1625 0.2158 0.2678 0.3130 0.3562 2.5550 0.1502 0.1162 0.1012 0.0811 0.0678 0.0593 0.0537 0.0495 0.0466 0.0448 0.0555  
8761 30 0.0828 0.8880 0.0176 0.0376 21201381.4565 26660.5333 167284269.4767 2590.1234 44.8036 5711.6102 1164319.2404 10451312.0029 19922597.1458 21360570.7211 21311941.0063 21299049.3569 21298945.5185 21298945.5185 0.0000 0.8782 3.4069 0.8720 0.2038 0.0649 0.0307 0.0246 0.0243 0.0243 0.0243 0.0000 0.0091 0.1152 0.3955 0.8326 1.2540 1.4215 1.4449 1.4461 1.4461 1.4461 1.4461 0.1392 0.0898 0.0691 0.0639 0.0595 0.0568 0.0563 0.0563 0.0563 0.0563 0.0000  
8761 35 1.3989 0.4757 0.2763 0.5363 12246790.6456 1868968.3262 106287165.0132 17563.4804 4606678.8358 54541003.6005 64694900.5310 66166243.4567 44747354.0068 22643397.0793 14341513.9694 12824002.1174 12485090.2338 12227281.8639 0.4281 0.5074 1.6356 1.6718 0.2446 0.1882 0.1299 0.0634 0.0437 0.0417 0.0415 0.7357 0.0144 0.1174 0.2537 0.3547 0.4241 0.4832 0.5056 0.5109 0.5153 0.5202 1.4702 0.1346 0.1127 0.0841 0.0758 0.0726 0.0698 0.0669 0.0660 0.0658 0.0658 0.1341  
8761 36 1.0969 0.5680 0.0431 0.0999 149494358.5766 1901933.5560 232735739.3514 193510.7323 40384269235.4962 40903255238.3173 7248758094.4899 7082208693.1444 6803684164.3841 6178118795.7456 5181071289.2504 4047169899.2564 2960551638.1280 2265402116.7201 4586.8748 1.1608 0.1332 0.1450 0.1453 0.1453 0.1453 0.1453 0.1453 0.1453 0.1453 0.1453 0.0007 0.0051 0.0076 0.0077 0.0083 0.0095 0.0114 0.0137 0.0158 0.0172 1.4359 0.1898 0.1843 0.1301 0.1289 0.1289 0.1289 0.1289 0.1289 0.1289 0.1289 0.1289  
17545 4 6.4013 2.1716 0.0428 0.0492 15900747.6499 4910673.6859 595844719.0122 12118.9562 1151767.3938 93766510.3344 87500232.6398 38527268.9590 37307255.7072 37302176.5901 37302176.5901 37302176.5901 37302176.5901 37302176.5901 1.7896 0.1328 0.0361 0.0336 0.0313 0.0311 0.0311 0.0311 0.0311 0.0311 0.0311 0.0334 0.0538 0.6101 1.3851 1.5351 1.5375 1.5376 1.5376 1.5376 1.5376 1.5376 1.5376 0.1037 0.0748 0.0632 0.0566 0.0563 0.0563 0.0563 0.0563 0.0563 0.0563 0.0823  
17545 12 2.2405 2.1593 0.0086 0.0128 18206258.5047 208092.5712 3524340012.8367 682710.1003 2176728103.4552 11572455452.6614 5416826974.3969 1363051855.7481 263096144.1746 109041246.2075 63273000.8507 30296723.6517 14041223.8586 9215912.7304 92.5239 0.1081 0.0034 0.0077 0.0134 0.0165 0.0176 0.0178 0.0181 0.0187 0.0192 0.0093 0.0186 0.1361 0.2771 0.3810 0.4348 0.4710 0.5140 0.5477 0.5643 0.5692 1.1640 0.1860 0.1109 0.0834 0.0745 0.0692 0.0660 0.0654 0.0645 0.0628 0.0614 0.1494  
17545 15 1.1786 1.1277 0.0002 0.0004 1164904.2973 66230.6221 1247853190.7347 392567.7885 2613284279.0154 16089633267.7680 10021066729.4273 4802452571.9214 1750566206.3944 1347939623.1266 1325348573.3310 1323345269.5855 1320960844.7665 1317748015.7249 0.0000 0.0154 0.0003 0.0003 0.0004 0.0004 0.0004 0.0004 0.0004 0.0004 0.0004 0.0000 0.0045 0.0338 0.0594 0.0852 0.1005 0.1025 0.1026 0.1027 0.1028 0.1030 1.6453 0.2829 0.1998 0.1618 0.1555 0.1402 0.1338 0.1333 0.1333 0.1333 0.1333 0.0000  
17545 29 0.6715 0.8759 0.0315 0.0607 16209709.7850 1039835.8639 152048245.6285 98490.9387 2134456.0760 236136840.3721 682547887.8580 712965965.0440 492688601.1506 323879691.3896 214986997.0125 139892658.5547 107130728.8954 94124059.9218 49.6110 2.3161 0.4342 0.1917 0.0296 0.0079 0.0104 0.0283 0.0689 0.1172 0.1610 0.0089 0.0010 0.0098 0.0322 0.0674 0.1121 0.1625 0.2158 0.2678 0.3130 0.3562 2.5550 0.1898 0.1120 0.0957 0.0798 0.0680 0.0597 0.0545 0.0502 0.0470 0.0450 0.0555  
17545 30 2.0615 1.7842 0.0033 0.0068 2579890.1501 1920555.7727 176128033.3137 23549.0700 2777809.5507 57481695.1263 90313444.5739 34629503.9927 18328380.9571 21666762.3450 22610560.3873 22670144.7836 22670556.4290 22670556.4290 0.0000 0.0052 0.0201 0.0699 0.0553 0.0076 0.0036 0.0029 0.0029 0.0029 0.0029 0.0031 0.0091 0.1152 0.3955 0.8326 1.2540 1.4215 1.4449 1.4461 1.4461 1.4461 1.4461 0.1877 0.1308 0.1019 0.0777 0.0587 0.0565 0.0563 0.0563 0.0563 0.0563 0.2740  
17545 35 0.9426 0.7692 0.2795 0.3415 14361040.4401 1624.5208 88120777.7301 13815.4845 610739.2742 10795652.4587 39803923.7508 53543390.9342 39140835.4718 20377058.2377 13269628.5683 11964446.0596 11658079.3386 11417911.8942 0.0517 0.4025 1.3786 0.6875 0.2468 0.2443 0.1550 0.0473 0.0144 0.0110 0.0107 0.6664 0.0144 0.1174 0.2537 0.3547 0.4241 0.4832 0.5056 0.5109 0.5153 0.5202 1.4702 0.1326 0.1068 0.0812 0.0749 0.0726 0.0699 0.0669 0.0660 0.0658 0.0658 0.1341  
17545 36 0.9043 0.8696 0.0535 0.0990 137350796.0923 578358.1069 204213271.7278 800586.8229 30714038367.0689 31769432605.4821 6633103706.9906 6498924916.7650 6243308683.8633 5669195288.4124 4754153698.1096 3713514286.1402 2716269024.4736 2078294685.7814 4209.1086 0.0984 0.0987 0.1314 0.1341 0.1341 0.1341 0.1341 0.1341 0.1341 0.1341 0.1341 0.0007 0.0051 0.0076 0.0077 0.0083 0.0095 0.0114 0.0137 0.0158 0.0172 1.4359 0.1946 0.1880 0.1348 0.1338 0.1338 0.1338 0.1338 0.1338 0.1338 0.1338 0.1338  
26305 4 1.0715 1.0361 0.0314 0.0323 12071070.9656 39752263.3824 684176499.4793 77577.1371 289611.2446 25484860.4161 56034268.1777 55223775.7508 55136895.2162 55136427.7789 55136427.7789 55136427.7789 55136427.7789 55136427.7789 0.4293 0.1278 0.0367 0.0319 0.0286 0.0291 0.0291 0.0291 0.0291 0.0291 0.0291 0.0352 0.0538 0.6101 1.3851 1.5351 1.5375 1.5376 1.5376 1.5376 1.5376 1.5376 1.5376 0.1034 0.0710 0.0597 0.0564 0.0563 0.0563 0.0563 0.0563 0.0563 0.0563 0.0821  
26305 12 0.9803 0.9438 0.0057 0.0070 26096485.8642 224257.4442 4982256073.9372 1529638.6027 134759174.5477 5055625545.0209 9173690929.7063 3720491957.8489 725178154.5939 278126405.0351 156011498.3425 68981070.7673 26080656.7125 13347423.0694 110.1280 0.0345 0.0035 0.0052 0.0074 0.0081 0.0088 0.0089 0.0092 0.0099 0.0108 0.0114 0.0186 0.1361 0.2771 0.3810 0.4348 0.4710 0.5140 0.5477 0.5643 0.5692 1.1640 0.1225 0.0934 0.0804 0.0740 0.0702 0.0662 0.0657 0.0652 0.0641 0.0626 0.0737  
26305 15 1.2115 1.1413 0.0003 0.0004 3102851.2298 0.0000 1325721792.2973 462696.0991 3894682500.2460 21128656123.2831 12381949436.2256 5644424815.7246 1715880817.8102 1197612999.4402 1168666920.3755 1166612284.7501 1164510118.5996 1161677611.4327 0.0000 0.0615 0.0003 0.0003 0.0004 0.0004 0.0004 0.0004 0.0004 0.0004 0.0004 0.0000 0.0045 0.0338 0.0594 0.0852 0.1005 0.1025 0.1026 0.1027 0.1028 0.1030 1.6453 0.2854 0.2003 0.1620 0.1569 0.1422 0.1340 0.1333 0.1333 0.1333 0.1333 0.0000  
26305 29 0.9706 0.8634 0.0318 0.0790 19599957.1512 876324.6173 129921846.7496 66132.4629 401684.8206 63237133.6002 462661264.8233 650008640.9034 475146360.4928 309741272.1651 198346739.2801 120905114.2341 86060719.6622 71020601.4557 47.0005 3.7047 1.0947 0.2652 0.0311 0.0088 0.0138 0.0399 0.1012 0.1733 0.2368 0.0125 0.0010 0.0098 0.0322 0.0674 0.1121 0.1625 0.2158 0.2678 0.3130 0.3562 2.5550 0.2147 0.1076 0.0887 0.0785 0.0679 0.0599 0.0547 0.0505 0.0472 0.0454 0.0556  
26305 30 1.5401 1.2536 0.0036 0.0170 23538422.7089 3883659.9069 222860522.4672 48545.8873 3406647.7618 70171642.8214 125650513.6148 81287209.3719 37679739.0466 24846881.4713 23336392.2752 23266825.3421 23266403.9593 23266403.9593 0.0000 0.0066 0.0500 0.1391 0.1655 0.0387 0.0079 0.0065 0.0064 0.0064 0.0064 0.0033 0.0091 0.1152 0.3955 0.8326 1.2540 1.4215 1.4449 1.4461 1.4461 1.4461 1.4461 0.1867 0.1289 0.0951 0.0755 0.0620 0.0568 0.0563 0.0563 0.0563 0.0563 0.2740  
26305 35 0.8816 0.8961 0.2378 0.2885 9801841.7056 2869.7661 74780969.8921 13022.7326 816989.5685 9917056.7586 30774314.2149 44105211.1010 33205568.3579 17999747.4315 12225677.9113 11156638.6864 10884230.0210 10660909.9328 0.1055 0.3962 1.2768 0.6165 0.2073 0.1986 0.1228 0.0376 0.0130 0.0104 0.0102 0.5463 0.0144 0.1174 0.2537 0.3547 0.4241 0.4832 0.5056 0.5109 0.5153 0.5202 1.4702 0.1368 0.1094 0.0808 0.0746 0.0725 0.0697 0.0668 0.0660 0.0658 0.0658 0.1341  
26305 36 0.8823 0.8544 0.0561 0.0990 123125771.5051 687507.0631 175936081.8934 723948.2262 22599673647.2811 23957825079.2784 5866695894.2562 5761355378.1288 5534730935.8827 5025733027.0647 4214474728.8903 3291863814.6328 2407725320.4893 1842109525.7650 3731.4152 0.0985 0.0989 0.1330 0.1349 0.1349 0.1349 0.1349 0.1349 0.1349 0.1349 0.1349 0.0007 0.0051 0.0076 0.0077 0.0083 0.0095 0.0114 0.0137 0.0158 0.0172 1.4359 0.1946 0.1867 0.1346 0.1338 0.1338 0.1338 0.1338 0.1338 0.1338 0.1338 0.1338  
35065 4 1.0999 1.0468 0.0323 0.0317 23302969.4261 4572561.3959 733332458.6423 83126.7734 321687.0918 24899278.1891 56458035.4333 59651971.4534 59685967.5861 59686070.1069 59686070.1069 59686070.1069 59686070.1069 59686070.1069 0.5503 0.1407 0.0410 0.0332 0.0302 0.0301 0.0301 0.0301 0.0301 0.0301 0.0301 0.0378 0.0538 0.6101 1.3851 1.5351 1.5375 1.5376 1.5376 1.5376 1.5376 1.5376 1.5376 0.1021 0.0736 0.0589 0.0563 0.0563 0.0563 0.0563 0.0563 0.0563 0.0563 0.0825  
35065 12 0.9443 0.9471 0.0023 0.0025 11238807.3860 30406.4679 5437475508.7359 1499467.0281 6878492.0378 1774633546.3989 8238089421.6736 5352545955.8602 1331735338.2636 624208793.7929 352005398.1943 151070896.0736 52023699.6478 22626635.0342 248.0133 0.0341 0.0014 0.0018 0.0021 0.0023 0.0025 0.0025 0.0026 0.0027 0.0030 0.0024 0.0186 0.1361 0.2771 0.3810 0.4348 0.4710 0.5140 0.5477 0.5643 0.5692 1.1640 0.1134 0.0842 0.0769 0.0732 0.0695 0.0661 0.0658 0.0656 0.0651 0.0641 0.0659  
35065 15 1.1751 1.1094 0.0002 0.0005 4734002.1842 0.0000 1434608419.8779 560534.9720 4464208022.0250 25290273272.2477 15286137529.6199 6735621261.4090 1733609145.8743 1073736993.0298 1036994156.6378 1034818045.0015 1032953329.9501 1030440769.8788 0.0000 0.0458 0.0004 0.0004 0.0005 0.0005 0.0005 0.0005 0.0005 0.0005 0.0005 0.0000 0.0045 0.0338 0.0594 0.0852 0.1005 0.1025 0.1026 0.1027 0.1028 0.1030 1.6453 0.2831 0.1999 0.1621 0.1579 0.1444 0.1342 0.1333 0.1333 0.1333 0.1333 0.0000  
35065 29 1.2342 0.9065 0.0166 0.0345 26188304.4747 983591.9346 103873562.6563 64186.2351 80823.1960 28349149.8029 384309709.4305 590693063.8035 446298150.2598 290083043.8170 177474774.5549 96355715.3188 60037722.2865 44835849.4541 44.0749 5.2945 0.6908 0.0806 0.0159 0.0114 0.0226 0.0681 0.1821 0.3143 0.4149 0.0221 0.0010 0.0098 0.0322 0.0674 0.1121 0.1625 0.2158 0.2678 0.3130 0.3562 2.5550 0.2614 0.0998 0.0845 0.0778 0.0677 0.0600 0.0550 0.0509 0.0476 0.0458 0.0556  
35065 30 1.1347 1.2970 0.0024 0.0236 48530230.6992 2322001.4442 311339220.5986 74765.3550 5784085.6283 112784423.3881 186068353.5110 113005659.0391 59335600.7314 34454332.9846 30422551.9177 30201143.0476 30199697.7002 30199697.7002 0.0000 0.0111 0.0982 0.3281 0.1825 0.0478 0.0143 0.0100 0.0098 0.0098 0.0098 0.0058 0.0091 0.1152 0.3955 0.8326 1.2540 1.4215 1.4449 1.4461 1.4461 1.4461 1.4461 0.1869 0.1296 0.0965 0.0732 0.0624 0.0574 0.0563 0.0563 0.0563 0.0563 0.2740  
35065 35 0.8423 0.8776 0.2671 0.3055 9220728.0525 3338.2896 67081229.2436 11480.9248 694431.5300 8199903.1642 22288517.3168 34941400.2647 27370475.1040 15672160.0630 11214456.2637 10378457.8372 10139324.1096 9932336.4078 0.0801 0.4488 1.1873 0.6220 0.2401 0.2283 0.1346 0.0402 0.0146 0.0120 0.0118 0.6396 0.0144 0.1174 0.2537 0.3547 0.4241 0.4832 0.5056 0.5109 0.5153 0.5202 1.4702 0.1363 0.1099 0.0806 0.0745 0.0723 0.0695 0.0667 0.0660 0.0658 0.0658 0.1341  
35065 36 0.8772 0.8642 0.0567 0.0989 107590966.7470 733818.4256 153495230.0596 638716.0187 16897905693.1613 18386451269.1855 5188552776.1240 5104411769.2659 4903613880.9397 4452622345.2343 3733816590.7233 2916348176.8690 2132967792.6857 1631810653.1927 3305.9393 0.0983 0.0989 0.1332 0.1352 0.1352 0.1352 0.1352 0.1352 0.1352 0.1352 0.1352 0.0007 0.0051 0.0076 0.0077 0.0083 0.0095 0.0114 0.0137 0.0158 0.0172 1.4359 0.1946 0.1856 0.1345 0.1338 0.1338 0.1338 0.1338 0.1338 0.1338 0.1338 0.1338  
43825 4 1.1144 1.0602 0.0314 0.0303 19270362.1864 16187919.9428 786215647.7565 91430.9704 381703.9920 29652309.8013 63077785.9058 64280344.4133 64262117.5592 64262006.3778 64262006.3778 64262006.3778 64262006.3778 64262006.3778 0.5905 0.1396 0.0382 0.0316 0.0287 0.0286 0.0286 0.0286 0.0286 0.0286 0.0286 0.0353 0.0538 0.6101 1.3851 1.5351 1.5375 1.5376 1.5376 1.5376 1.5376 1.5376 1.5376 0.1027 0.0736 0.0591 0.0563 0.0563 0.0563 0.0563 0.0563 0.0563 0.0563 0.0826  
43825 12 0.9370 0.9490 0.0019 0.0019 10818465.4772 18856.8699 5389092201.0707 1415873.5389 521313.6270 831422112.4219 6862989690.1489 5451161429.5529 1693244214.4142 923000608.1755 524105687.5069 223141681.0717 74786901.3768 30755817.5607 369.3921 0.1133 0.0013 0.0017 0.0019 0.0020 0.0021 0.0021 0.0022 0.0023 0.0025 0.0020 0.0186 0.1361 0.2771 0.3810 0.4348 0.4710 0.5140 0.5477 0.5643 0.5692 1.1640 0.1257 0.0800 0.0748 0.0726 0.0687 0.0660 0.0659 0.0658 0.0654 0.0647 0.0659  
43825 15 1.0935 1.0074 0.0003 0.0005 4968374.8813 0.0000 1533179831.0588 658695.3897 3118378534.7356 22746801611.5386 18761446812.6115 8153983155.6944 1822726587.9769 987508183.0014 941094071.2094 938702053.4684 937010522.3900 934731314.4014 0.0000 0.0373 0.0003 0.0004 0.0005 0.0005 0.0005 0.0005 0.0005 0.0005 0.0005 0.0000 0.0045 0.0338 0.0594 0.0852 0.1005 0.1025 0.1026 0.1027 0.1028 0.1030 1.6453 0.2771 0.1955 0.1618 0.1587 0.1466 0.1346 0.1334 0.1333 0.1333 0.1333 0.0000  
43825 29 0.8369 0.9092 0.0199 0.0240 30330045.0615 1054363.2885 77091231.7509 79220.4172 28495.1673 21196159.0613 337938547.9188 536345077.1351 415558231.9333 266727828.0602 151976501.9308 67033282.5651 31846074.1773 20620517.8893 40.4378 5.9736 0.4883 0.0267 0.0138 0.0167 0.0371 0.1087 0.3166 0.5886 0.7319 0.0396 0.0010 0.0098 0.0322 0.0674 0.1121 0.1625 0.2158 0.2678 0.3130 0.3562 2.5550 0.2814 0.0946 0.0836 0.0775 0.0676 0.0601 0.0555 0.0519 0.0482 0.0465 0.0556  
43825 30 0.9310 1.1253 0.0036 0.0292 74737857.6130 1419605.3422 428069655.6751 84837.0902 6582630.6738 109893548.1974 189156713.6281 144747542.2563 82221062.0276 47860559.7749 42270120.7177 41964263.1320 41962270.4016 41962270.4016 0.0000 0.0171 0.1481 0.4388 0.2452 0.0581 0.0182 0.0125 0.0121 0.0121 0.0121 0.0107 0.0091 0.1152 0.3955 0.8326 1.2540 1.4215 1.4449 1.4461 1.4461 1.4461 1.4461 0.1849 0.1292 0.0941 0.0727 0.0623 0.0574 0.0563 0.0563 0.0563 0.0563 0.2740  
43825 35 0.7753 0.9065 0.3360 0.3916 8819038.1943 3165.2053 60563220.3753 9670.8906 1082013.2660 11746756.9656 18753120.8602 26624739.7976 21167740.1465 13233059.7758 10210284.4727 9627751.3707 9423363.9926 9232349.7374 0.1103 0.4076 1.1301 0.8724 0.2929 0.2671 0.1483 0.0428 0.0164 0.0138 0.0135 0.6089 0.0144 0.1174 0.2537 0.3547 0.4241 0.4832 0.5056 0.5109 0.5153 0.5202 1.4702 0.1362 0.1119 0.0818 0.0745 0.0722 0.0691 0.0666 0.0659 0.0658 0.0658 0.1341  
43825 36 0.8687 0.8875 0.0549 0.0953 90563399.9469 607064.8617 136100336.3602 560303.9537 13675446174.8777 15083504429.1652 4543892336.0017 4473484353.3955 4297496232.8002 3902227371.0352 3272234322.3688 2555768970.0309 1869179869.4945 1429943661.1079 2897.3123 0.0934 0.0941 0.1262 0.1287 0.1287 0.1287 0.1287 0.1287 0.1287 0.1287 0.1287 0.0007 0.0051 0.0076 0.0077 0.0083 0.0095 0.0114 0.0137 0.0158 0.0172 1.4359 0.1946 0.1849 0.1344 0.1338 0.1338 0.1338 0.1338 0.1338 0.1338 0.1338 0.1338  
52609 4 1.0693 1.0291 0.0297 0.0285 19534305.9761 16134543.7605 815282666.0046 101891.0231 289341.3686 24228799.0211 62684011.7114 68278167.2500 68364519.9372 68364858.9087 68364858.9087 68364858.9087 68364858.9087 68364858.9087 0.5002 0.1408 0.0318 0.0287 0.0278 0.0278 0.0278 0.0278 0.0278 0.0278 0.0278 0.0291 0.0538 0.6101 1.3851 1.5351 1.5375 1.5376 1.5376 1.5376 1.5376 1.5376 1.5376 0.1028 0.0727 0.0587 0.0563 0.0563 0.0563 0.0563 0.0563 0.0563 0.0563 0.0822  
52609 12 0.9377 0.9498 0.0019 0.0018 10746124.3124 19546.8358 5211963044.1424 1326700.9016 250001.5864 473055390.5550 5758325004.4890 5120276233.8341 1899906887.1772 1135332458.4500 647272345.6255 274675600.7216 91010872.6051 36500143.5987 456.2691 0.2199 0.0016 0.0018 0.0019 0.0020 0.0021 0.0021 0.0021 0.0022 0.0024 0.0020 0.0186 0.1361 0.2771 0.3810 0.4348 0.4710 0.5140 0.5477 0.5643 0.5692 1.1640 0.1674 0.0774 0.0739 0.0723 0.0681 0.0660 0.0659 0.0658 0.0656 0.0650 0.0659  
52609 15 1.0680 1.0696 0.0002 0.0004 4824105.7581 0.0000 1664941036.7195 720251.2270 3888219271.8707 23089116390.4850 22405334584.5725 9630279272.1602 1937946425.9837 923182088.0657 866859112.6787 864222648.3523 862665322.3355 860566945.3435 0.0000 0.0382 0.0003 0.0004 0.0004 0.0004 0.0004 0.0004 0.0004 0.0004 0.0004 0.0000 0.0045 0.0338 0.0594 0.0852 0.1005 0.1025 0.1026 0.1027 0.1028 0.1030 1.6453 0.2844 0.1947 0.1616 0.1592 0.1484 0.1350 0.1334 0.1333 0.1333 0.1333 0.0000  
52609 29 0.7743 0.9191 0.0198 0.0209 20041727.8169 717039.2426 60093876.4040 66297.0679 25564.7252 18570495.6965 298413786.9457 486195554.2566 387983249.1640 246344085.4032 132322114.9524 47334965.3185 14666003.4815 7480624.0233 37.1089 6.0939 0.4274 0.0160 0.0137 0.0176 0.0357 0.0938 0.3031 0.7313 0.9705 0.0408 0.0010 0.0098 0.0322 0.0674 0.1121 0.1625 0.2158 0.2678 0.3130 0.3562 2.5550 0.2943 0.0942 0.0835 0.0772 0.0675 0.0603 0.0560 0.0533 0.0495 0.0473 0.0556  
52609 30 1.2325 0.9695 0.0113 0.0332 84806504.4650 235755.2351 543973143.2234 78982.9416 4206663.0340 68774032.0193 115566764.8133 136708338.0264 102819986.2002 63567824.1409 56428885.2329 56034075.7172 56031499.5044 56031499.5044 0.0000 0.0246 0.2360 0.6185 0.2537 0.0626 0.0225 0.0155 0.0150 0.0150 0.0150 0.0158 0.0091 0.1152 0.3955 0.8326 1.2540 1.4215 1.4449 1.4461 1.4461 1.4461 1.4461 0.1829 0.1288 0.0917 0.0702 0.0618 0.0574 0.0563 0.0563 0.0563 0.0563 0.2740  
52609 35 0.8852 0.9208 0.4093 0.4654 8162922.0245 3275.9855 48801089.7317 7497.7532 1294907.6773 15613395.3540 17415708.9329 19893969.8776 15769596.9584 11058376.0985 9272110.4617 8908442.4872 8735207.5674 8559410.2950 0.1099 0.3899 1.0774 1.0628 0.3507 0.3054 0.1550 0.0435 0.0183 0.0158 0.0156 0.6383 0.0144 0.1174 0.2537 0.3547 0.4241 0.4832 0.5056 0.5109 0.5153 0.5202 1.4702 0.1338 0.1123 0.0834 0.0749 0.0719 0.0687 0.0665 0.0659 0.0658 0.0658 0.1341  
52609 36 0.8843 0.9397 0.0545 0.0943 80344150.2673 552309.3393 122890064.6093 486757.8292 12794498687.6130 14007566192.7436 4074379356.6542 4009689965.3162 3851938089.7783 3497627787.0945 2932915892.4131 2290692129.1615 1675248780.0456 1281527116.0013 2596.9309 0.0932 0.0939 0.1239 0.1280 0.1280 0.1280 0.1280 0.1280 0.1280 0.1280 0.1280 0.0007 0.0051 0.0076 0.0077 0.0083 0.0095 0.0114 0.0137 0.0158 0.0172 1.4359 0.1946 0.1854 0.1345 0.1338 0.1338 0.1338 0.1338 0.1338 0.1338 0.1338 0.1338  
61369 4 0.9957 0.9971 0.0292 0.0275 19076260.8078 15990188.9732 832582675.8400 108947.6644 191450.2916 17528065.2753 58640973.0078 69373383.1548 69594793.8916 69595724.0709 69595724.0709 69595724.0709 69595724.0709 69595724.0709 0.3347 0.1592 0.0324 0.0277 0.0269 0.0269 0.0269 0.0269 0.0269 0.0269 0.0269 0.0305 0.0538 0.6101 1.3851 1.5351 1.5375 1.5376 1.5376 1.5376 1.5376 1.5376 1.5376 0.1033 0.0719 0.0580 0.0563 0.0563 0.0563 0.0563 0.0563 0.0563 0.0563 0.0819  
61369 12 0.9386 0.9504 0.0020 0.0019 10762618.6777 23683.6308 4989689150.5995 1244090.4230 313563.8117 322453978.7475 4827791763.1181 4645794170.8593 2040900634.1577 1307090265.1905 747354751.9861 316526979.5752 104158415.7421 41128676.0283 526.8693 0.2524 0.0020 0.0019 0.0019 0.0021 0.0022 0.0022 0.0022 0.0022 0.0024 0.0020 0.0186 0.1361 0.2771 0.3810 0.4348 0.4710 0.5140 0.5477 0.5643 0.5692 1.1640 0.1827 0.0757 0.0735 0.0719 0.0677 0.0660 0.0659 0.0658 0.0656 0.0652 0.0659  
61369 15 1.0649 1.0138 0.0004 0.0005 5043435.9162 0.0000 1668912299.3668 769256.4123 3288273474.0310 23190640533.3119 23912814064.4515 10218404392.6062 1952604906.7416 862192767.0726 801703325.4438 798996917.6725 797557125.8034 795617117.0331 0.0000 0.0328 0.0004 0.0004 0.0005 0.0005 0.0005 0.0005 0.0005 0.0005 0.0005 0.0000 0.0045 0.0338 0.0594 0.0852 0.1005 0.1025 0.1026 0.1027 0.1028 0.1030 1.6453 0.2809 0.1919 0.1615 0.1595 0.1498 0.1353 0.1334 0.1333 0.1333 0.1333 0.0000  
61369 29 0.7466 0.9241 0.0213 0.0244 14061383.7851 648867.0432 49662824.5176 51336.8534 13958.3970 16105325.6401 260832121.6348 439149232.4763 362267272.4045 226631132.7123 116353309.1706 35581869.8875 6073500.8209 1531105.3272 33.5576 6.1777 0.2787 0.0159 0.0164 0.0233 0.0427 0.0839 0.2401 0.8387 1.5464 0.0544 0.0010 0.0098 0.0322 0.0674 0.1121 0.1625 0.2158 0.2678 0.3130 0.3562 2.5550 0.2991 0.0910 0.0833 0.0768 0.0674 0.0604 0.0565 0.0549 0.0522 0.0493 0.0555  
61369 30 1.0969 1.0313 0.0043 0.0280 78959666.0692 911351.8574 622233728.3310 97348.1474 5956123.5484 80833210.2423 103034904.1273 99408108.8756 97686319.1844 76509151.3608 71482503.0456 71150036.4119 71147740.0321 71147740.0321 0.0000 0.0204 0.2573 0.7609 0.2510 0.0495 0.0192 0.0141 0.0138 0.0138 0.0138 0.0107 0.0091 0.1152 0.3955 0.8326 1.2540 1.4215 1.4449 1.4461 1.4461 1.4461 1.4461 0.1888 0.1329 0.0957 0.0685 0.0606 0.0571 0.0563 0.0563 0.0563 0.0563 0.2740  
61369 35 1.1630 0.8192 0.2230 0.5209 7497477.1147 43360.2937 39881676.4330 6637.1989 661031.4693 8326658.5618 12237458.9079 13402567.3791 11269957.1773 9184693.4634 8391971.4031 8204942.4212 8058843.1152 7897797.0354 0.0584 0.3599 1.2405 1.1177 0.4372 0.3717 0.1659 0.0461 0.0218 0.0195 0.0193 0.5873 0.0144 0.1174 0.2537 0.3547 0.4241 0.4832 0.5056 0.5109 0.5153 0.5202 1.4702 0.1331 0.1113 0.0832 0.0751 0.0714 0.0681 0.0663 0.0659 0.0658 0.0658 0.1341  
61369 36 0.9216 0.9124 0.0545 0.0941 74258434.2947 497256.1123 111079035.0131 430440.3625 10569608684.9724 11808312540.8609 3766961454.3649 3710830776.2442 3564827145.7359 3236903370.9192 2714247227.8365 2119851752.5362 1550242275.3364 1185842218.7384 2403.3720 0.0932 0.0940 0.1253 0.1285 0.1285 0.1285 0.1285 0.1285 0.1285 0.1285 0.1285 0.0007 0.0051 0.0076 0.0077 0.0083 0.0095 0.0114 0.0137 0.0158 0.0172 1.4359 0.1946 0.1846 0.1344 0.1338 0.1338 0.1338 0.1338 0.1338 0.1338 0.1338 0.1338  
70129 4 1.1395 1.0545 0.0267 0.0253 18414276.0387 14968945.3824 870731842.4346 108475.3146 402812.1235 30129514.6176 69288883.9465 72528351.1768 72556846.5017 72556956.8489 72556956.8489 72556956.8489 72556956.8489 72556956.8489 0.6419 0.1560 0.0314 0.0259 0.0242 0.0242 0.0242 0.0242 0.0242 0.0242 0.0242 0.0298 0.0538 0.6101 1.3851 1.5351 1.5375 1.5376 1.5376 1.5376 1.5376 1.5376 1.5376 0.1040 0.0736 0.0588 0.0563 0.0563 0.0563 0.0563 0.0563 0.0563 0.0563 0.0822  
70129 12 0.9390 0.9507 0.0020 0.0020 10749836.1627 19823.3643 4768000184.0617 1167658.7710 336517.8368 240576840.3473 4027798830.3346 4167533668.6083 2139494645.8042 1442741196.0110 826606625.7292 349641409.5445 114530306.7939 44750815.2662 582.7788 0.2413 0.0023 0.0019 0.0020 0.0022 0.0022 0.0022 0.0023 0.0023 0.0024 0.0021 0.0186 0.1361 0.2771 0.3810 0.4348 0.4710 0.5140 0.5477 0.5643 0.5692 1.1640 0.1872 0.0746 0.0733 0.0715 0.0673 0.0660 0.0659 0.0658 0.0657 0.0653 0.0659  
70129 15 0.9374 0.9450 0.0002 0.0003 4548923.8233 0.0000 1616871445.8288 819195.8201 2042019488.3556 19941685653.0335 23681268478.1480 10119920612.8415 1890837432.1872 805270205.4462 745062721.0344 742420116.4011 741082275.2063 739279637.1261 0.0000 0.0342 0.0003 0.0003 0.0003 0.0003 0.0003 0.0003 0.0003 0.0003 0.0003 0.0000 0.0045 0.0338 0.0594 0.0852 0.1005 0.1025 0.1026 0.1027 0.1028 0.1030 1.6453 0.2728 0.1885 0.1614 0.1596 0.1504 0.1355 0.1334 0.1333 0.1333 0.1333 0.0000  
70129 29 0.4106 0.9312 0.0223 0.0265 7436409.2701 313016.4709 44197828.8627 38328.6357 35337.1330 14204725.5405 230616534.6437 397324955.8833 334498870.2492 206357263.3119 103821603.7547 30735034.3141 4396237.5415 659727.5780 29.9667 5.6107 0.4036 0.0159 0.0179 0.0268 0.0460 0.0652 0.0988 0.2853 0.8380 0.0636 0.0010 0.0098 0.0322 0.0674 0.1121 0.1625 0.2158 0.2678 0.3130 0.3562 2.5550 0.3037 0.0942 0.0833 0.0765 0.0674 0.0606 0.0567 0.0557 0.0553 0.0545 0.0555  
70129 30 0.9808 0.9079 0.0229 0.0341 92895483.1358 51312.1896 661418789.3940 106780.0671 4185890.0688 43172220.7143 42874208.9293 61199800.7299 82326164.2308 83950635.5058 83569744.6559 83529120.3192 83528827.1294 83528827.1294 0.0000 0.0351 0.5388 1.3599 0.4470 0.0616 0.0231 0.0189 0.0186 0.0186 0.0186 0.0166 0.0091 0.1152 0.3955 0.8326 1.2540 1.4215 1.4449 1.4461 1.4461 1.4461 1.4461 0.1876 0.1329 0.0954 0.0683 0.0595 0.0568 0.0563 0.0563 0.0563 0.0563 0.2740  
70129 35 0.9089 0.8240 0.1652 0.6374 6637006.5660 75349.5067 34861909.8660 7718.7495 410324.2196 4980131.2335 7294543.2084 8379483.9712 7995267.2881 7697316.4033 7575089.1497 7508648.0754 7384594.5733 7237981.4492 0.0435 0.4290 1.4576 1.4405 0.5401 0.4236 0.1649 0.0477 0.0260 0.0240 0.0239 0.6665 0.0144 0.1174 0.2537 0.3547 0.4241 0.4832 0.5056 0.5109 0.5153 0.5202 1.4702 0.1328 0.1118 0.0835 0.0750 0.0707 0.0675 0.0662 0.0659 0.0658 0.0658 0.1341  
70129 36 0.9138 0.9117 0.0539 0.0937 66791631.9818 470258.0445 100346686.8004 396685.9351 8942238548.6456 10112940635.2307 3395025567.8077 3346141257.9208 3214480198.8932 2918769802.3920 2447456444.7944 1911451021.5686 1397796760.0631 1069193305.4580 2167.1766 0.0928 0.0936 0.1246 0.1276 0.1276 0.1276 0.1276 0.1276 0.1276 0.1276 0.1276 0.0007 0.0051 0.0076 0.0077 0.0083 0.0095 0.0114 0.0137 0.0158 0.0172 1.4359 0.1946 0.1841 0.1344 0.1338 0.1338 0.1338 0.1338 0.1338 0.1338 0.1338 0.1338  
78889 4 0.9556 0.9914 0.0286 0.0268 20273581.2409 15995644.8758 871010842.1740 123611.9387 221299.6575 18225129.6825 62215446.1387 74017210.9292 74259720.4505 74260727.1706 74260727.1706 74260727.1706 74260727.1706 74260727.1706 0.3446 0.1467 0.0315 0.0274 0.0266 0.0266 0.0266 0.0266 0.0266 0.0266 0.0266 0.0275 0.0538 0.6101 1.3851 1.5351 1.5375 1.5376 1.5376 1.5376 1.5376 1.5376 1.5376 0.1035 0.0716 0.0580 0.0563 0.0563 0.0563 0.0563 0.0563 0.0563 0.0563 0.0824  
78889 12 0.9391 0.9512 0.0021 0.0021 10742732.8539 21411.1246 4553150671.4125 1096431.7230 567073.2599 191867025.3582 3322433732.0564 3711284289.8811 2212797396.7547 1554225855.9404 891863471.1453 376888780.5654 123041662.8871 47701518.9429 628.8206 0.2222 0.0029 0.0020 0.0021 0.0023 0.0023 0.0023 0.0023 0.0024 0.0025 0.0022 0.0186 0.1361 0.2771 0.3810 0.4348 0.4710 0.5140 0.5477 0.5643 0.5692 1.1640 0.1874 0.0744 0.0731 0.0711 0.0670 0.0659 0.0659 0.0658 0.0657 0.0654 0.0659  
78889 15 1.0250 1.0333 0.0002 0.0002 3644596.7377 0.0000 1583068945.9917 767910.5693 3326608922.8748 23086753500.6568 22914269647.4308 9739578241.6598 1800615388.0288 753320961.3172 695242007.5138 692715546.2261 691467272.1132 689785318.7849 0.0000 0.0284 0.0001 0.0001 0.0002 0.0002 0.0002 0.0002 0.0002 0.0002 0.0002 0.0000 0.0045 0.0338 0.0594 0.0852 0.1005 0.1025 0.1026 0.1027 0.1028 0.1030 1.6453 0.2828 0.1916 0.1614 0.1597 0.1507 0.1355 0.1334 0.1333 0.1333 0.1333 0.0000  
78889 29 0.6507 0.9353 0.0199 0.0279 4305109.9648 182468.7580 40427126.8921 15738.9433 921442.7576 14384704.8301 203112429.5711 358194885.0271 308755543.3200 189665900.0628 94628206.4183 27944676.2467 3991509.5652 596373.3163 27.2417 2.8962 0.6415 0.0335 0.0236 0.0221 0.0325 0.0423 0.0476 0.0679 0.1488 0.0445 0.0010 0.0098 0.0322 0.0674 0.1121 0.1625 0.2158 0.2678 0.3130 0.3562 2.5550 0.2428 0.1152 0.0834 0.0762 0.0673 0.0607 0.0567 0.0557 0.0555 0.0555 0.0556  
78889 30 1.0838 0.9281 0.0194 0.0287 65540801.1746 39677.1442 656659934.3064 104731.9302 3022791.7021 29276533.3238 18134380.7706 30954849.0774 67923856.6547 85241380.0673 87744798.0184 87871979.9738 87872809.0819 87872809.0819 0.0000 0.0450 0.7418 1.9262 0.4285 0.0452 0.0211 0.0187 0.0185 0.0185 0.0185 0.0177 0.0091 0.1152 0.3955 0.8326 1.2540 1.4215 1.4449 1.4461 1.4461 1.4461 1.4461 0.1855 0.1369 0.1008 0.0656 0.0583 0.0565 0.0563 0.0563 0.0563 0.0563 0.2740  
78889 35 0.2332 0.8416 0.7015 0.9928 7235942.0810 1836.0497 32221282.4284 7015.9241 633890.3928 6150494.0572 3836993.9360 3775363.3742 4772054.5274 6175971.4832 6696710.5661 6746477.6576 6645107.0997 6514184.3217 0.0735 0.4341 1.4382 2.2570 0.9791 0.5947 0.1997 0.0660 0.0435 0.0415 0.0413 0.6389 0.0144 0.1174 0.2537 0.3547 0.4241 0.4832 0.5056 0.5109 0.5153 0.5202 1.4702 0.1349 0.1139 0.0856 0.0752 0.0698 0.0669 0.0661 0.0659 0.0658 0.0658 0.1341  
78889 36 0.8937 0.9243 0.0541 0.0935 60897524.1774 425395.2263 89864463.9982 362508.9183 7866706857.0902 8945952081.7186 3070353486.4806 3026786842.8936 2907686332.1557 2640186894.5046 2213837129.2061 1728966962.2886 1264315642.1191 967061164.8348 1960.3428 0.0927 0.0935 0.1243 0.1276 0.1276 0.1276 0.1276 0.1276 0.1276 0.1276 0.1276 0.0007 0.0051 0.0076 0.0077 0.0083 0.0095 0.0114 0.0137 0.0158 0.0172 1.4359 0.1945 0.1837 0.1343 0.1338 0.1338 0.1338 0.1338 0.1338 0.1338 0.1338 0.1338  
87673 4 1.0114 1.0017 0.0252 0.0243 17694306.4665 15080844.6748 863250138.3157 118128.4670 235588.8799 19193600.6673 62623839.5571 74034004.5393 74271099.9689 74272099.9735 74272099.9735 74272099.9735 74272099.9735 74272099.9735 0.3927 0.1446 0.0290 0.0244 0.0236 0.0235 0.0235 0.0235 0.0235 0.0235 0.0235 0.0256 0.0538 0.6101 1.3851 1.5351 1.5375 1.5376 1.5376 1.5376 1.5376 1.5376 1.5376 0.1038 0.0724 0.0580 0.0563 0.0563 0.0563 0.0563 0.0563 0.0563 0.0563 0.0822  
87673 12 0.9419 0.9520 0.0022 0.0021 10749305.4748 32652.5221 4360296061.3261 1029622.8344 1234574.7730 150731269.5995 2589576015.8757 3248904912.3637 2323813124.8253 1699470795.1558 976646965.1532 412345433.5930 134183622.8443 51627121.1166 688.6501 0.2168 0.0037 0.0021 0.0022 0.0024 0.0024 0.0024 0.0024 0.0025 0.0026 0.0023 0.0186 0.1361 0.2771 0.3810 0.4348 0.4710 0.5140 0.5477 0.5643 0.5692 1.1640 0.1883 0.0753 0.0730 0.0705 0.0667 0.0659 0.0659 0.0659 0.0657 0.0654 0.0659  
87673 15 1.0714 1.1001 0.0002 0.0002 3929854.4557 0.0000 1587391974.5993 787112.3413 4308026056.8951 33017413468.2570 22227739201.8037 9313181389.2235 1697561035.7187 692922156.2767 637216099.6640 634821520.7574 633677571.5182 632136187.9309 0.0000 0.0366 0.0002 0.0002 0.0002 0.0002 0.0002 0.0002 0.0002 0.0002 0.0002 0.0000 0.0045 0.0338 0.0594 0.0852 0.1005 0.1025 0.1026 0.1027 0.1028 0.1030 1.6453 0.2805 0.1965 0.1618 0.1597 0.1509 0.1356 0.1334 0.1333 0.1333 0.1333 0.0000  
87673 29 0.9200 0.9301 0.0257 0.0340 5525320.4312 258297.4061 36442069.0421 10241.8846 926974.2603 12934077.8663 178619617.3104 322653696.1067 283653975.8856 171876519.1129 84386475.5069 24810623.3686 3541095.9466 528827.4301 24.1709 2.7539 0.6571 0.0383 0.0253 0.0271 0.0464 0.0634 0.0700 0.0855 0.1461 0.0681 0.0010 0.0098 0.0322 0.0674 0.1121 0.1625 0.2158 0.2678 0.3130 0.3562 2.5550 0.2402 0.1175 0.0833 0.0760 0.0672 0.0608 0.0568 0.0557 0.0555 0.0555 0.0556  
87673 30 0.9062 1.0177 0.0191 0.0263 73664894.5866 56783.4623 628550542.4130 113509.2323 5852263.9720 54819541.8713 31542457.2454 22119953.6359 57254036.4810 82249025.3190 86555372.9962 86802526.8252 86804191.5375 86804191.5375 0.0000 0.0360 0.5965 1.8166 0.7427 0.0399 0.0198 0.0186 0.0186 0.0186 0.0186 0.0159 0.0091 0.1152 0.3955 0.8326 1.2540 1.4215 1.4449 1.4461 1.4461 1.4461 1.4461 0.1868 0.1384 0.1063 0.0680 0.0573 0.0564 0.0563 0.0563 0.0563 0.0563 0.2740  
87673 35 1.1902 1.0453 0.5275 0.6965 2603251.3151 2480.6784 28813179.6125 1635.8187 1114593.9890 8967313.2990 6359362.3132 4310337.3405 4460274.0493 5688570.9238 6154885.6741 6198569.0264 6105410.6536 5985313.3652 0.1581 0.4344 1.4093 1.9323 0.4950 0.2360 0.0734 0.0278 0.0205 0.0199 0.0198 0.5814 0.0144 0.1174 0.2537 0.3547 0.4241 0.4832 0.5056 0.5109 0.5153 0.5202 1.4702 0.1371 0.1145 0.0869 0.0767 0.0692 0.0667 0.0660 0.0659 0.0658 0.0658 0.1341  
87673 36 0.8786 0.9226 0.0541 0.0938 53847786.4793 423279.4622 79393936.4804 323975.4572 7143256602.8381 8070215744.1753 2698079210.2401 2659121261.7224 2554484875.1211 2319471822.7128 1944899970.7778 1518914709.0500 1110692822.5686 849538321.9302 1722.2193 0.0931 0.0939 0.1242 0.1274 0.1274 0.1274 0.1274 0.1274 0.1274 0.1274 0.1274 0.0007 0.0051 0.0076 0.0077 0.0083 0.0095 0.0114 0.0137 0.0158 0.0172 1.4359 0.1946 0.1839 0.1343 0.1338 0.1338 0.1338 0.1338 0.1338 0.1338 0.1338 0.1338  
96433 4 0.9516 0.9720 0.0256 0.0245 18010062.9131 14019430.9780 850300133.3404 119472.8767 103936.8610 12153696.0454 57208127.9441 72335274.2094 72663975.7711 72665352.9504 72665352.9504 72665352.9504 72665352.9504 72665352.9504 0.1636 0.1724 0.0323 0.0251 0.0240 0.0241 0.0241 0.0241 0.0241 0.0241 0.0241 0.0293 0.0538 0.6101 1.3851 1.5351 1.5375 1.5376 1.5376 1.5376 1.5376 1.5376 1.5376 0.1039 0.0700 0.0574 0.0563 0.0563 0.0563 0.0563 0.0563 0.0563 0.0563 0.0818  
96433 12 0.9396 0.9525 0.0023 0.0022 10786435.8106 36491.6565 4158694332.4963 969814.0385 1909921.1101 121356410.8553 2052217626.3393 2878803484.6419 2354944929.1633 1765150821.0026 1015273626.4165 428428083.3131 139153656.0245 53299056.4206 715.9336 0.2062 0.0047 0.0022 0.0023 0.0025 0.0025 0.0025 0.0025 0.0026 0.0026 0.0024 0.0186 0.1361 0.2771 0.3810 0.4348 0.4710 0.5140 0.5477 0.5643 0.5692 1.1640 0.1891 0.0765 0.0729 0.0699 0.0665 0.0659 0.0659 0.0659 0.0657 0.0655 0.0659  
96433 15 1.0813 1.0344 0.0002 0.0002 4030566.6790 0.0000 1589882203.9313 843339.0708 3543421953.0421 37436758179.7439 22482612427.3260 9340231777.0894 1657811081.3798 644361412.6601 588180383.1435 585818089.7770 584762444.6921 583340044.1587 0.0000 0.0254 0.0001 0.0001 0.0002 0.0002 0.0002 0.0002 0.0002 0.0002 0.0002 0.0000 0.0045 0.0338 0.0594 0.0852 0.1005 0.1025 0.1026 0.1027 0.1028 0.1030 1.6453 0.2711 0.1966 0.1622 0.1598 0.1514 0.1358 0.1334 0.1333 0.1333 0.1333 0.0000  
96433 29 0.8678 0.9229 0.0335 0.0420 6562856.3004 301789.8449 32185309.2262 9422.8765 778774.5854 11117211.5879 156113402.2504 289397938.5874 258485876.8641 152780822.8944 73064342.1740 21323433.7455 3038202.0848 452618.7113 20.7526 2.6082 0.5470 0.0368 0.0291 0.0367 0.0666 0.0931 0.1022 0.1162 0.1689 0.1011 0.0010 0.0098 0.0322 0.0674 0.1121 0.1625 0.2158 0.2678 0.3130 0.3562 2.5550 0.2363 0.1141 0.0832 0.0757 0.0672 0.0610 0.0568 0.0557 0.0555 0.0555 0.0556  
96433 30 0.9884 0.9311 0.0199 0.0262 63229312.8950 58329.0107 597071515.7383 102865.7705 3316121.6897 34735066.9236 22255741.6848 19935911.3741 53242350.3425 78113788.7428 82545453.9892 82806148.0858 82807916.7254 82807916.7254 0.0000 0.0403 0.6413 1.8507 0.7712 0.0405 0.0193 0.0186 0.0186 0.0186 0.0186 0.0173 0.0091 0.1152 0.3955 0.8326 1.2540 1.4215 1.4449 1.4461 1.4461 1.4461 1.4461 0.1848 0.1359 0.1034 0.0685 0.0571 0.0563 0.0563 0.0563 0.0563 0.0563 0.2740  
96433 35 2.2670 0.9479 0.1786 0.4852 1635708.4398 217322.8976 27016630.5421 1946.8907 720272.2366 6124068.9618 7099470.6453 4869633.2755 4519668.7470 5368989.2484 5696190.9441 5718674.9360 5631256.2262 5520535.7198 0.1094 0.4994 1.4990 1.5536 0.1934 0.1156 0.0429 0.0205 0.0169 0.0166 0.0166 0.6642 0.0144 0.1174 0.2537 0.3547 0.4241 0.4832 0.5056 0.5109 0.5153 0.5202 1.4702 0.1369 0.1136 0.0859 0.0768 0.0693 0.0667 0.0660 0.0659 0.0658 0.0658 0.1341  
96433 36 0.8964 0.9172 0.0537 0.0932 47754003.1217 361934.3405 70130893.3532 284651.4883 6238304375.2786 7077646918.9606 2406819415.0550 2372457426.1274 2279098419.1666 2069414332.1408 1735212652.6732 1355138738.5426 990913719.1089 757905626.6316 1536.5576 0.0921 0.0929 0.1240 0.1270 0.1270 0.1270 0.1270 0.1270 0.1271 0.1271 0.1270 0.0007 0.0051 0.0076 0.0077 0.0083 0.0095 0.0114 0.0137 0.0158 0.0172 1.4359 0.1945 0.1838 0.1343 0.1338 0.1338 0.1338 0.1338 0.1338 0.1338 0.1338 0.1338  
