8761 4 0.8031 0.8144 0.1503 0.1825 24432571.7065 24145195.2319 249002317.3586 28348.4203 498519.1691 32876562.7976 30196683.3917 12290467.2553 11842191.9615 11840334.8986 11840334.8986 11840334.8986 11840334.8986 11840334.8986 0.6671 0.3949 0.2285 0.2107 0.1999 0.1991 0.1991 0.1991 0.1991 0.1991 0.1991 0.2159 0.0538 0.6101 1.3851 1.5351 1.5375 1.5376 1.5376 1.5376 1.5376 1.5376 1.5376 0.1038 0.0752 0.0636 0.0567 0.0563 0.0563 0.0563 0.0563 0.0563 0.0563 0.0824  
8761 12 1.6451 0.6941 0.0182 0.0306 16518730.2747 3987993.0864 1205667160.9355 43437.7645 720961323.8994 4272454946.8179 1519931904.6054 291196835.9901 88552432.9289 53721385.6024 33482239.2175 18093234.2055 10507001.5679 8254588.3535 37.4607 0.5614 0.0191 0.0267 0.0423 0.0473 0.0486 0.0494 0.0510 0.0535 0.0551 0.0347 0.0186 0.1361 0.2771 0.3810 0.4348 0.4710 0.5140 0.5477 0.5643 0.5692 1.1640 0.1869 0.1137 0.0856 0.0731 0.0674 0.0657 0.0651 0.0638 0.0619 0.0608 0.1402  
8761 15 0.0052 0.6899 0.0011 0.0016 5870720.8358 0.0000 1160481133.1202 3148.2886 1686992011.9725 14322170725.9215 6550037741.4150 3477485242.0319 1748767815.7276 1520683846.9527 1507698371.0327 1505826073.4698 1503114407.2774 1499460645.3442 0.0000 0.8910 0.0021 0.0016 0.0017 0.0017 0.0017 0.0017 0.0019 0.0023 0.0027 0.0000 0.0045 0.0338 0.0594 0.0852 0.1005 0.1025 0.1026 0.1027 0.1028 0.1030 1.6453 0.2670 0.2032 0.1622 0.1520 0.1374 0.1336 0.1333 0.1333 0.1333 0.1333 0.0000  
8761 29 0.5744 0.6743 0.0730 0.0870 69709585.6755 173658708.3576 178502037.2273 73518.3879 4308661.3943 444446304.6928 926789537.6060 758799439.0394 496826046.5156 333867656.2148 233028890.7514 163377181.5658 133919646.0889 123356115.8947 52.0514 4.3394 1.0116 0.1881 0.0559 0.0419 0.0764 0.2536 0.5407 0.7113 0.7778 0.0481 0.0010 0.0098 0.0322 0.0674 0.1121 0.1625 0.2158 0.2678 0.3130 0.3562 2.5550 0.1509 0.1162 0.1008 0.0811 0.0678 0.0593 0.0536 0.0494 0.0466 0.0447 0.0555  
8761 30 0.0802 0.8876 0.0166 0.0378 21238045.2480 33338.8207 166364372.7654 2508.2792 30.1988 4648.6040 1089497.1327 10978361.2916 20808595.7987 21300648.7182 20987293.0065 20954711.4517 20954466.0731 20954466.0731 0.0000 1.0066 3.5392 0.8835 0.2032 0.0649 0.0311 0.0249 0.0245 0.0245 0.0245 0.0000 0.0091 0.1152 0.3955 0.8326 1.2540 1.4215 1.4449 1.4461 1.4461 1.4461 1.4461 0.1374 0.0894 0.0688 0.0638 0.0595 0.0569 0.0563 0.0563 0.0563 0.0563 0.0000  
8761 35 1.1901 0.4430 0.2669 0.5635 12259554.2770 1822695.4310 104182107.8209 14941.4977 2305015.3987 28554658.2114 60258623.7207 67018190.9331 46025644.8188 23081532.4774 14445793.7694 12869992.7565 12524840.6934 12265527.8105 0.2693 0.5636 2.1570 1.7843 0.2474 0.1869 0.1293 0.0631 0.0435 0.0414 0.0413 0.7344 0.0144 0.1174 0.2537 0.3547 0.4241 0.4832 0.5056 0.5109 0.5153 0.5202 1.4702 0.1350 0.1114 0.0834 0.0757 0.0726 0.0698 0.0669 0.0660 0.0658 0.0658 0.1341  
8761 36 1.1890 0.5679 0.0442 0.1001 149153505.9236 1374942.1270 233850223.2868 209760.9783 40597701767.0576 41059260353.1707 7185057269.0291 7018311337.9078 6742300968.3690 6122382394.8099 5134334943.7065 4010668948.9579 2933859272.1425 2244984661.5677 4545.4908 1.1610 0.1334 0.1442 0.1445 0.1445 0.1445 0.1445 0.1445 0.1445 0.1445 0.1445 0.0007 0.0051 0.0076 0.0077 0.0083 0.0095 0.0114 0.0137 0.0158 0.0172 1.4359 0.1898 0.1843 0.1301 0.1289 0.1289 0.1289 0.1289 0.1289 0.1289 0.1289 0.1289  
17545 4 3.6411 1.6535 0.0570 0.0609 16570239.8410 3981628.4454 466098705.1636 11954.4505 805554.4475 52607268.9725 52995726.1841 28377230.0479 27760076.8012 27757500.0123 27757500.0123 27757500.0123 27757500.0123 27757500.0123 1.0032 0.1327 0.0547 0.0493 0.0422 0.0418 0.0418 0.0418 0.0418 0.0418 0.0418 0.0484 0.0538 0.6101 1.3851 1.5351 1.5375 1.5376 1.5376 1.5376 1.5376 1.5376 1.5376 0.1046 0.0747 0.0626 0.0565 0.0563 0.0563 0.0563 0.0563 0.0563 0.0563 0.0822  
17545 12 1.5552 1.6605 0.0097 0.0139 18351424.3056 191224.9757 2767813361.0763 694939.3145 1017460156.1882 7186652061.0525 4443418834.0779 1361834345.0043 260295945.1436 101726565.0524 58929054.3198 28462370.5586 13443927.6207 8985766.4817 60.2762 0.1078 0.0043 0.0086 0.0151 0.0179 0.0191 0.0193 0.0198 0.0206 0.0213 0.0180 0.0186 0.1361 0.2771 0.3810 0.4348 0.4710 0.5140 0.5477 0.5643 0.5692 1.1640 0.1847 0.1064 0.0829 0.0743 0.0695 0.0660 0.0654 0.0644 0.0627 0.0613 0.1377  
17545 15 1.1675 1.1321 0.0002 0.0003 928507.8961 41386.4181 1225463786.7651 399819.4310 2942272545.0096 17303007924.9360 9163187352.9650 4431186533.7405 1704052209.4757 1344265671.6403 1324043640.0360 1322117275.6152 1319735180.0080 1316525489.3770 0.0000 0.0062 0.0002 0.0002 0.0002 0.0003 0.0003 0.0003 0.0003 0.0003 0.0003 0.0000 0.0045 0.0338 0.0594 0.0852 0.1005 0.1025 0.1026 0.1027 0.1028 0.1030 1.6453 0.2821 0.2011 0.1622 0.1548 0.1395 0.1337 0.1333 0.1333 0.1333 0.1333 0.0000  
17545 29 0.7532 0.8745 0.0364 0.0637 16960079.7192 923103.0813 159092415.7122 86855.2483 1344145.4824 160731920.8584 652185225.7289 759589908.5330 505232904.4786 327703367.5030 219833089.5335 146514107.7023 114131553.1959 100726653.0639 50.1172 2.8927 0.5689 0.2035 0.0291 0.0079 0.0105 0.0287 0.0685 0.1151 0.1583 0.0090 0.0010 0.0098 0.0322 0.0674 0.1121 0.1625 0.2158 0.2678 0.3130 0.3562 2.5550 0.2018 0.1109 0.0932 0.0798 0.0682 0.0597 0.0544 0.0501 0.0469 0.0450 0.0556  
17545 30 1.8194 1.7911 0.0032 0.0069 2499040.8470 1964155.2190 174885147.2351 23553.4889 1995178.8631 61015588.1144 91333719.3617 32992658.9420 18346950.9746 21602145.4581 22484358.8203 22538332.3266 22538701.8676 22538701.8676 0.0000 0.0050 0.0189 0.0667 0.0518 0.0080 0.0037 0.0028 0.0028 0.0028 0.0028 0.0025 0.0091 0.1152 0.3955 0.8326 1.2540 1.4215 1.4449 1.4461 1.4461 1.4461 1.4461 0.1847 0.1293 0.1026 0.0772 0.0588 0.0565 0.0563 0.0563 0.0563 0.0563 0.2740  
17545 35 1.0476 0.8323 0.2243 0.2830 12233572.7032 1506.4685 91221450.6958 13480.0195 405918.4356 5261082.0386 28211912.6398 60765051.3048 47759757.2283 23213406.4927 13830764.6078 12129592.2403 11784069.4234 11537691.6625 0.0593 0.4942 1.6063 0.5666 0.1963 0.1936 0.1285 0.0409 0.0120 0.0089 0.0086 0.6734 0.0144 0.1174 0.2537 0.3547 0.4241 0.4832 0.5056 0.5109 0.5153 0.5202 1.4702 0.1356 0.1076 0.0794 0.0743 0.0727 0.0702 0.0670 0.0660 0.0659 0.0658 0.1341  
17545 36 0.9929 0.9190 0.0535 0.0990 136880688.8929 858163.8416 211938678.4446 747450.9702 34868199175.9201 35575346132.6126 6697836604.1050 6551086938.8571 6293416679.2041 5714689945.0145 4792295457.3982 3743293895.7761 2738035181.9688 2094934344.2702 4242.8923 0.0983 0.0987 0.1286 0.1337 0.1337 0.1337 0.1337 0.1337 0.1337 0.1338 0.1337 0.0007 0.0051 0.0076 0.0077 0.0083 0.0095 0.0114 0.0137 0.0158 0.0172 1.4359 0.1946 0.1888 0.1349 0.1338 0.1338 0.1338 0.1338 0.1338 0.1338 0.1338 0.1338  
26305 4 1.9334 1.3647 0.0278 0.0356 11830924.5951 30845632.7455 657429463.1292 43527.6846 889097.3671 62007499.0034 72556083.4191 48303752.9726 47683367.6875 47680753.7578 47680753.7578 47680753.7578 47680753.7578 47680753.7578 1.0668 0.1088 0.0374 0.0345 0.0302 0.0300 0.0300 0.0300 0.0300 0.0300 0.0300 0.0340 0.0538 0.6101 1.3851 1.5351 1.5375 1.5376 1.5376 1.5376 1.5376 1.5376 1.5376 0.1048 0.0743 0.0617 0.0564 0.0563 0.0563 0.0563 0.0563 0.0563 0.0563 0.0820  
26305 12 0.9779 0.9588 0.0055 0.0065 18137181.5314 201146.1124 3658867474.1372 1080794.3046 79221826.3187 3278825212.5936 6110819613.2845 2991086302.2252 646084634.5851 270993204.1523 153114374.0078 67757837.8876 25682537.1026 13194191.3832 108.3528 0.0960 0.0033 0.0046 0.0065 0.0071 0.0077 0.0078 0.0081 0.0089 0.0099 0.0124 0.0186 0.1361 0.2771 0.3810 0.4348 0.4710 0.5140 0.5477 0.5643 0.5692 1.1640 0.1483 0.0924 0.0796 0.0736 0.0700 0.0661 0.0657 0.0652 0.0641 0.0626 0.0754  
26305 15 1.2436 1.1598 0.0002 0.0004 2823015.9320 0.0000 1360316692.8113 466771.3925 5063430034.9673 20618814994.0724 12955913245.5515 5891265990.7313 1743272279.2213 1196055599.1374 1165509687.3852 1163407043.9763 1161310655.0990 1158485932.3629 0.0000 0.0357 0.0003 0.0003 0.0004 0.0004 0.0004 0.0004 0.0004 0.0004 0.0004 0.0000 0.0045 0.0338 0.0594 0.0852 0.1005 0.1025 0.1026 0.1027 0.1028 0.1030 1.6453 0.2854 0.2018 0.1620 0.1568 0.1421 0.1340 0.1333 0.1333 0.1333 0.1333 0.0000  
26305 29 1.3414 0.8878 0.0183 0.0555 21393989.4492 1027648.1509 136109036.4989 65423.6488 181224.9489 42491616.9192 478738957.9406 692974621.7764 490562553.9746 317269173.2397 204718700.2275 126872621.1049 91391765.8401 75532236.5338 48.1532 4.9621 1.0254 0.1739 0.0230 0.0091 0.0147 0.0421 0.1046 0.1774 0.2432 0.0135 0.0010 0.0098 0.0322 0.0674 0.1121 0.1625 0.2158 0.2678 0.3130 0.3562 2.5550 0.2578 0.1027 0.0859 0.0786 0.0681 0.0599 0.0546 0.0504 0.0472 0.0453 0.0556  
26305 30 1.9773 1.3892 0.0037 0.0159 23544888.6042 4232902.5793 225561167.9669 42852.4586 3186674.4295 96566835.4454 162447973.2056 90490216.0346 38839903.6709 24663908.0000 22924917.4718 22836544.1935 22835983.0292 22835983.0292 0.0000 0.0058 0.0479 0.1341 0.1180 0.0351 0.0078 0.0066 0.0065 0.0065 0.0065 0.0026 0.0091 0.1152 0.3955 0.8326 1.2540 1.4215 1.4449 1.4461 1.4461 1.4461 1.4461 0.1840 0.1274 0.0970 0.0765 0.0621 0.0568 0.0563 0.0563 0.0563 0.0563 0.2740  
26305 35 0.7890 0.8828 0.2600 0.3357 10888250.1039 2893.7777 80467958.7875 14122.1900 458441.6458 3779548.2179 17161530.7216 50130956.8570 41343979.3075 20754561.8946 12849453.4254 11408698.2398 11097404.1019 10865615.6385 0.0779 0.4733 1.8509 0.8161 0.2074 0.1975 0.1307 0.0423 0.0135 0.0104 0.0101 0.6004 0.0144 0.1174 0.2537 0.3547 0.4241 0.4832 0.5056 0.5109 0.5153 0.5202 1.4702 0.1363 0.1135 0.0775 0.0736 0.0726 0.0702 0.0670 0.0660 0.0659 0.0658 0.1341  
26305 36 0.8670 0.8958 0.0563 0.0989 122999837.2313 893373.7894 180849145.0855 742180.9852 29295678981.0047 30033682890.1469 5871324457.1698 5746389996.0580 5520353508.6210 5012676144.7807 4203522576.4010 3283305285.3456 2401460601.4958 1837312241.2712 3721.7228 0.0984 0.0989 0.1307 0.1346 0.1346 0.1346 0.1346 0.1346 0.1346 0.1346 0.1346 0.0007 0.0051 0.0076 0.0077 0.0083 0.0095 0.0114 0.0137 0.0158 0.0172 1.4359 0.1946 0.1883 0.1348 0.1338 0.1338 0.1338 0.1338 0.1338 0.1338 0.1338 0.1338  
35065 4 1.0022 1.0273 0.0513 0.0487 35138921.5510 7457613.1190 723090123.2743 84157.7822 259069.9972 26018236.5874 57675261.3513 57815301.4519 57754307.6849 57753934.2059 57753934.2059 57753934.2059 57753934.2059 57753934.2059 0.3345 0.1554 0.0627 0.0538 0.0468 0.0466 0.0466 0.0466 0.0466 0.0466 0.0466 0.0528 0.0538 0.6101 1.3851 1.5351 1.5375 1.5376 1.5376 1.5376 1.5376 1.5376 1.5376 0.1036 0.0718 0.0594 0.0563 0.0563 0.0563 0.0563 0.0563 0.0563 0.0563 0.0817  
35065 12 0.9538 0.9534 0.0030 0.0031 11218822.5106 88188.3461 3984895908.4305 1056899.8948 19966499.5975 1122869478.6125 5488961556.4577 3942322099.6716 1092083271.5180 554240699.1980 314399864.3079 135268348.2475 46968513.4174 20761174.8977 221.6547 0.1336 0.0025 0.0024 0.0029 0.0031 0.0033 0.0033 0.0034 0.0037 0.0041 0.0038 0.0186 0.1361 0.2771 0.3810 0.4348 0.4710 0.5140 0.5477 0.5643 0.5692 1.1640 0.1670 0.0864 0.0762 0.0730 0.0692 0.0661 0.0658 0.0656 0.0650 0.0639 0.0671  
35065 15 1.1900 1.0519 0.0003 0.0005 4766323.0325 0.0000 1472239808.2542 580453.6651 3163014815.7607 21752567522.2161 16767220280.0342 7382262945.2784 1802737704.5351 1066682581.0243 1025730295.5385 1023430725.6845 1021586530.9901 1019101620.5210 0.0000 0.0315 0.0004 0.0004 0.0005 0.0005 0.0005 0.0005 0.0005 0.0005 0.0005 0.0000 0.0045 0.0338 0.0594 0.0852 0.1005 0.1025 0.1026 0.1027 0.1028 0.1030 1.6453 0.2787 0.1973 0.1618 0.1582 0.1450 0.1343 0.1334 0.1333 0.1333 0.1333 0.0000  
35065 29 0.9635 0.9100 0.0167 0.0247 34038971.6083 1204089.2779 105294653.6850 87760.6619 43819.5902 25963494.5531 405782080.1269 623773532.9512 464955892.6493 301212097.6507 182944600.9697 96882065.7132 58611885.5835 42984014.9218 45.8940 6.0350 0.4632 0.0372 0.0134 0.0135 0.0294 0.0885 0.2349 0.4005 0.5189 0.0297 0.0010 0.0098 0.0322 0.0674 0.1121 0.1625 0.2158 0.2678 0.3130 0.3562 2.5550 0.3074 0.0947 0.0839 0.0780 0.0678 0.0600 0.0550 0.0510 0.0476 0.0459 0.0555  
35065 30 1.0462 1.0885 0.0026 0.0185 42843248.9966 2850629.1992 335666079.2272 84732.7102 2414764.9911 76179957.1882 149098108.9387 115372278.3798 67192543.4190 37123699.0170 31662526.5258 31327986.5754 31325715.5300 31325715.5300 0.0000 0.0073 0.0984 0.2622 0.1730 0.0409 0.0093 0.0059 0.0057 0.0057 0.0057 0.0016 0.0091 0.1152 0.3955 0.8326 1.2540 1.4215 1.4449 1.4461 1.4461 1.4461 1.4461 0.1829 0.1253 0.0936 0.0724 0.0624 0.0575 0.0563 0.0563 0.0563 0.0563 0.2740  
35065 35 0.9112 0.9015 0.2687 0.3907 8258398.0287 3078.1630 71760355.9974 11142.7366 401675.1636 3202167.9807 13384114.3504 41603552.5642 34968686.7589 18295994.4749 11884788.1775 10707273.9358 10430422.2808 10213186.3432 0.0624 0.4650 2.1120 1.0881 0.1935 0.1771 0.1134 0.0359 0.0122 0.0097 0.0095 0.5828 0.0144 0.1174 0.2537 0.3547 0.4241 0.4832 0.5056 0.5109 0.5153 0.5202 1.4702 0.1367 0.1146 0.0775 0.0735 0.0725 0.0699 0.0669 0.0660 0.0659 0.0658 0.1341  
35065 36 0.8761 0.8558 0.0569 0.0990 106305452.7009 712648.1384 164059563.3421 643483.2509 21837713756.5487 22859423806.3428 5176137007.2902 5077647209.0636 4877901885.9238 4429274408.8952 3714236572.0582 2901053257.0184 2121779285.1418 1623249168.0832 3288.6050 0.0986 0.0991 0.1333 0.1353 0.1353 0.1353 0.1353 0.1353 0.1353 0.1353 0.1353 0.0007 0.0051 0.0076 0.0077 0.0083 0.0095 0.0114 0.0137 0.0158 0.0172 1.4359 0.1946 0.1874 0.1347 0.1338 0.1338 0.1338 0.1338 0.1338 0.1338 0.1338 0.1338  
43825 4 1.2284 1.0861 0.0325 0.0309 18102359.4360 16083285.9947 790274537.2255 84341.1879 444900.9192 36293659.9306 66520667.7181 63836478.1943 63719385.6131 63718799.6310 63718799.6310 63718799.6310 63718799.6310 63718799.6310 0.5871 0.1215 0.0360 0.0300 0.0273 0.0273 0.0273 0.0273 0.0273 0.0273 0.0273 0.0330 0.0538 0.6101 1.3851 1.5351 1.5375 1.5376 1.5376 1.5376 1.5376 1.5376 1.5376 0.1031 0.0739 0.0594 0.0563 0.0563 0.0563 0.0563 0.0563 0.0563 0.0563 0.0821  
43825 12 0.9494 0.9518 0.0026 0.0025 10945255.1712 66012.6700 4008454023.5190 1008053.8699 7324537.2676 458558895.6777 4383951788.5533 3859038943.3938 1460570093.1106 881497621.5305 503405766.9622 214435061.0167 71992148.6073 29715658.8284 354.8642 0.1719 0.0035 0.0024 0.0026 0.0028 0.0029 0.0029 0.0029 0.0031 0.0033 0.0029 0.0186 0.1361 0.2771 0.3810 0.4348 0.4710 0.5140 0.5477 0.5643 0.5692 1.1640 0.1741 0.0824 0.0743 0.0723 0.0682 0.0660 0.0659 0.0658 0.0654 0.0647 0.0662  
43825 15 1.1370 1.1037 0.0004 0.0005 4991767.7327 0.0000 1556472705.6840 690764.6536 4373761130.8907 25998699096.1092 19395708047.6795 8365221948.1569 1816067046.1484 952105292.7650 904111117.5046 901704451.2167 900079589.9931 897890214.5044 0.0000 0.0253 0.0004 0.0004 0.0005 0.0005 0.0005 0.0005 0.0005 0.0005 0.0005 0.0000 0.0045 0.0338 0.0594 0.0852 0.1005 0.1025 0.1026 0.1027 0.1028 0.1030 1.6453 0.2819 0.1974 0.1618 0.1589 0.1471 0.1347 0.1334 0.1333 0.1333 0.1333 0.0000  
43825 29 0.8736 0.9187 0.0154 0.0181 25158196.3255 1021395.3121 83211819.5352 84561.6397 31080.2233 21891327.8834 350778771.1196 560097203.1571 439074347.9960 285941358.0654 164443759.0015 72757678.0260 34541606.5096 22214040.5868 43.8351 6.1777 0.3492 0.0160 0.0124 0.0139 0.0289 0.0856 0.2561 0.4872 0.6159 0.0298 0.0010 0.0098 0.0322 0.0674 0.1121 0.1625 0.2158 0.2678 0.3130 0.3562 2.5550 0.3140 0.0933 0.0835 0.0775 0.0676 0.0600 0.0555 0.0520 0.0483 0.0466 0.0556  
43825 30 0.8398 0.9775 0.0135 0.0375 84705547.3561 264274.6526 439344855.8300 88646.2916 2339853.1839 61776513.4232 89664860.1143 86056823.4025 70989405.2730 51975114.7189 48149328.1980 47908024.6188 47906379.4085 47906379.4085 0.0000 0.0316 0.3387 0.8114 0.3411 0.0742 0.0246 0.0173 0.0169 0.0169 0.0169 0.0161 0.0091 0.1152 0.3955 0.8326 1.2540 1.4215 1.4449 1.4461 1.4461 1.4461 1.4461 0.1809 0.1277 0.0940 0.0705 0.0614 0.0572 0.0563 0.0563 0.0563 0.0563 0.2740  
43825 35 0.8336 0.8831 0.3701 0.5016 9532206.4515 3735.7068 62998449.7708 10153.3310 375487.7498 3532777.6279 10366264.6595 32138215.3147 27663903.7029 15548728.0596 10880980.0297 10010014.3857 9771558.7775 9569147.1961 0.0389 0.4429 2.0505 1.3493 0.2753 0.2491 0.1511 0.0457 0.0158 0.0128 0.0125 0.6125 0.0144 0.1174 0.2537 0.3547 0.4241 0.4832 0.5056 0.5109 0.5153 0.5202 1.4702 0.1367 0.1142 0.0782 0.0735 0.0724 0.0696 0.0668 0.0660 0.0658 0.0658 0.1341  
43825 36 0.9076 0.9672 0.0547 0.0952 91818971.9955 680399.5647 146169605.4844 563725.5469 21723521258.9245 22457391548.0939 4670133336.7955 4575365736.9493 4395366610.1002 3991089038.7214 3346737600.0927 2613943037.5707 1911705646.8546 1462458653.7761 2963.2975 0.0934 0.0939 0.1225 0.1286 0.1286 0.1286 0.1286 0.1286 0.1286 0.1286 0.1286 0.0007 0.0051 0.0076 0.0077 0.0083 0.0095 0.0114 0.0137 0.0158 0.0172 1.4359 0.1946 0.1880 0.1348 0.1338 0.1338 0.1338 0.1338 0.1338 0.1338 0.1338 0.1338  
52609 4 1.0865 1.0306 0.0315 0.0299 20913090.8944 16793167.4986 844289400.5519 103608.0500 316124.3675 27207712.4848 64149398.7843 68808438.1755 68853457.6031 68853493.3455 68853493.3455 68853493.3455 68853493.3455 68853493.3455 0.5099 0.1232 0.0353 0.0305 0.0291 0.0291 0.0291 0.0291 0.0291 0.0291 0.0291 0.0341 0.0538 0.6101 1.3851 1.5351 1.5375 1.5376 1.5376 1.5376 1.5376 1.5376 1.5376 0.1025 0.0729 0.0588 0.0563 0.0563 0.0563 0.0563 0.0563 0.0563 0.0563 0.0818  
52609 12 0.9418 0.9523 0.0026 0.0025 10887738.2312 58235.8247 3853788022.1331 957072.7594 5537949.4141 277649411.7536 3658263688.5607 3546062725.6191 1595001483.9697 1030600402.6022 590045679.6007 250627672.8366 83317763.9953 33661007.1798 415.9553 0.1757 0.0051 0.0024 0.0025 0.0028 0.0028 0.0028 0.0029 0.0030 0.0032 0.0027 0.0186 0.1361 0.2771 0.3810 0.4348 0.4710 0.5140 0.5477 0.5643 0.5692 1.1640 0.1796 0.0799 0.0735 0.0718 0.0676 0.0660 0.0659 0.0658 0.0655 0.0650 0.0660  
52609 15 1.0776 1.0533 0.0004 0.0004 4784386.2469 0.0000 1622066551.8764 785368.1697 3966724497.6435 29035986914.0262 21485094429.2970 9140513330.7994 1817393491.5125 851336040.4542 797723309.1871 795240244.4973 793807224.9310 791876341.3172 0.0000 0.0268 0.0003 0.0004 0.0004 0.0004 0.0004 0.0004 0.0004 0.0004 0.0004 0.0000 0.0045 0.0338 0.0594 0.0852 0.1005 0.1025 0.1026 0.1027 0.1028 0.1030 1.6453 0.2774 0.1963 0.1618 0.1593 0.1488 0.1350 0.1334 0.1333 0.1333 0.1333 0.0000  
52609 29 0.7917 0.9196 0.0188 0.0203 20790259.5985 942777.9082 66120116.5158 73871.9145 45740.4763 18710354.6250 301342854.0359 501630949.9304 413969994.0867 270426450.4706 147602656.4913 53000788.9198 16414396.7342 8342599.3628 41.5693 6.2433 0.5341 0.0166 0.0135 0.0170 0.0343 0.0902 0.2925 0.7068 0.9374 0.0386 0.0010 0.0098 0.0322 0.0674 0.1121 0.1625 0.2158 0.2678 0.3130 0.3562 2.5550 0.3144 0.0979 0.0834 0.0770 0.0673 0.0601 0.0560 0.0533 0.0495 0.0474 0.0555  
52609 30 1.0178 1.0626 0.0305 0.0362 83376730.4285 58808.8334 491920112.9346 74443.0523 3471502.3317 74315124.0088 95442734.8736 65166555.5186 62472567.7264 61199978.2224 60749034.7109 60709301.0115 60709017.2552 60709017.2552 0.0000 0.0344 0.3627 0.8702 0.4400 0.0663 0.0231 0.0188 0.0185 0.0185 0.0185 0.0158 0.0091 0.1152 0.3955 0.8326 1.2540 1.4215 1.4449 1.4461 1.4461 1.4461 1.4461 0.1828 0.1291 0.0981 0.0714 0.0600 0.0568 0.0563 0.0563 0.0563 0.0563 0.2740  
52609 35 0.7942 0.8800 0.4357 0.6043 8737608.8590 2395.2134 52613753.6245 8464.0060 396730.0712 2810156.0717 7984884.9162 24682873.1256 21828830.6144 13245521.8899 9930030.6615 9297972.3928 9092383.1718 8905170.9731 0.0558 0.5248 2.3225 1.6667 0.3233 0.2830 0.1611 0.0468 0.0172 0.0142 0.0140 0.6593 0.0144 0.1174 0.2537 0.3547 0.4241 0.4832 0.5056 0.5109 0.5153 0.5202 1.4702 0.1386 0.1149 0.0790 0.0735 0.0722 0.0693 0.0666 0.0660 0.0658 0.0658 0.1341  
52609 36 0.9013 0.8973 0.0542 0.0940 83498169.4719 648551.9308 128622728.1292 511618.3361 17755542960.7551 18611085238.3268 4250633906.9812 4170268442.0258 4006195472.6549 3637688009.6590 3050348194.5851 2382390622.0979 1742286550.8905 1332788519.1854 2700.9323 0.0931 0.0936 0.1243 0.1277 0.1277 0.1277 0.1277 0.1277 0.1277 0.1277 0.1277 0.0007 0.0051 0.0076 0.0077 0.0083 0.0095 0.0114 0.0137 0.0158 0.0172 1.4359 0.1946 0.1873 0.1347 0.1338 0.1338 0.1338 0.1338 0.1338 0.1338 0.1338 0.1338  
61369 4 1.1486 1.0675 0.0270 0.0262 19388031.5650 16710701.1421 894916351.1517 112570.8655 500814.5718 36615691.3415 72616121.1295 74290123.8056 74274694.2247 74274512.1791 74274512.1791 74274512.1791 74274512.1791 74274512.1791 0.7194 0.1374 0.0310 0.0263 0.0252 0.0252 0.0252 0.0252 0.0252 0.0252 0.0252 0.0285 0.0538 0.6101 1.3851 1.5351 1.5375 1.5376 1.5376 1.5376 1.5376 1.5376 1.5376 0.1038 0.0740 0.0591 0.0563 0.0563 0.0563 0.0563 0.0563 0.0563 0.0563 0.0819  
61369 12 0.9416 0.9533 0.0027 0.0026 10815633.2670 59758.7690 3678000029.8300 901383.7351 6237171.9845 224587850.0245 3086382507.3859 3196726519.7252 1659052535.8741 1122719057.2386 643868308.8037 273050627.8243 90262880.1395 36012474.3366 453.9412 0.1696 0.0063 0.0025 0.0026 0.0028 0.0029 0.0029 0.0029 0.0030 0.0032 0.0028 0.0186 0.1361 0.2771 0.3810 0.4348 0.4710 0.5140 0.5477 0.5643 0.5692 1.1640 0.1808 0.0803 0.0733 0.0714 0.0673 0.0660 0.0659 0.0658 0.0656 0.0651 0.0660  
61369 15 1.0309 1.0353 0.0002 0.0004 4908456.1744 0.0000 1650261888.9229 846297.8512 3602868856.6830 30875041531.5031 23301615660.0668 9823908685.0338 1820660296.0346 764885292.1305 706334680.4368 703782432.5533 702514217.3223 700805394.8712 0.0000 0.0271 0.0003 0.0004 0.0004 0.0004 0.0004 0.0004 0.0004 0.0004 0.0004 0.0000 0.0045 0.0338 0.0594 0.0852 0.1005 0.1025 0.1026 0.1027 0.1028 0.1030 1.6453 0.2745 0.1953 0.1619 0.1596 0.1503 0.1354 0.1334 0.1333 0.1333 0.1333 0.0000  
61369 29 0.7459 0.9245 0.0218 0.0238 15157699.7799 637391.6907 55465543.5827 58485.5100 22118.2150 16266290.0496 263860626.1059 450520558.5557 382864299.9018 250862918.1972 133015082.2870 41176800.9957 7210194.4882 1909979.3180 38.6730 6.2326 0.3350 0.0164 0.0162 0.0226 0.0405 0.0791 0.2287 0.7964 1.4461 0.0500 0.0010 0.0098 0.0322 0.0674 0.1121 0.1625 0.2158 0.2678 0.3130 0.3562 2.5550 0.3183 0.0931 0.0833 0.0766 0.0672 0.0602 0.0564 0.0548 0.0521 0.0492 0.0555  
61369 30 1.0734 0.8728 0.0138 0.0339 74415843.6016 178147.0368 517284517.7822 75766.8434 1211525.7520 27460728.7648 37600346.1227 40848512.9318 58198896.9040 65737740.4932 66732328.0243 66776590.3627 66776870.5086 66776870.5086 0.0000 0.0464 0.6170 1.2952 0.5523 0.0644 0.0199 0.0168 0.0166 0.0166 0.0166 0.0182 0.0091 0.1152 0.3955 0.8326 1.2540 1.4215 1.4449 1.4461 1.4461 1.4461 1.4461 0.1823 0.1260 0.0952 0.0696 0.0591 0.0566 0.0563 0.0563 0.0563 0.0563 0.2740  
61369 35 0.7154 0.8659 0.5231 0.6699 8321464.5150 2474.8129 45958426.9946 6721.8743 366905.5748 3358418.6361 5707390.9626 17295722.3779 16061085.0883 10976796.5648 9000734.2309 8605252.6156 8432044.1889 8259678.6978 0.0357 0.4639 1.9491 1.7451 0.4110 0.3514 0.1828 0.0512 0.0204 0.0173 0.0171 0.6438 0.0144 0.1174 0.2537 0.3547 0.4241 0.4832 0.5056 0.5109 0.5153 0.5202 1.4702 0.1374 0.1147 0.0795 0.0735 0.0719 0.0688 0.0665 0.0659 0.0658 0.0658 0.1341  
61369 36 0.8426 0.8775 0.0541 0.0937 72492775.9182 631797.1601 110330949.2060 461096.7803 14569283498.9892 15322856169.3302 3575262197.5264 3508731785.0919 3370682337.4105 3060623636.5462 2566441460.2245 2004428263.8247 1465850740.4749 1121302961.9723 2272.4794 0.0930 0.0937 0.1264 0.1289 0.1289 0.1289 0.1289 0.1289 0.1289 0.1289 0.1289 0.0007 0.0051 0.0076 0.0077 0.0083 0.0095 0.0114 0.0137 0.0158 0.0172 1.4359 0.1946 0.1869 0.1346 0.1338 0.1338 0.1338 0.1338 0.1338 0.1338 0.1338 0.1338  
70129 4 0.9553 0.9859 0.0283 0.0267 20757501.8115 16271025.1452 894314444.3175 129298.0819 227709.4693 18677340.0543 63255006.7002 76192704.3583 76451698.7714 76452694.5648 76452694.5648 76452694.5648 76452694.5648 76452694.5648 0.3446 0.1481 0.0311 0.0273 0.0263 0.0263 0.0263 0.0263 0.0263 0.0263 0.0263 0.0278 0.0538 0.6101 1.3851 1.5351 1.5375 1.5376 1.5376 1.5376 1.5376 1.5376 1.5376 0.1032 0.0715 0.0580 0.0563 0.0563 0.0563 0.0563 0.0563 0.0563 0.0563 0.0818  
70129 12 0.9421 0.9556 0.0028 0.0026 10801305.3804 69926.7243 3498271508.1080 848733.4586 9257717.8417 216654240.8241 2659325281.5514 2893732215.2667 1668165168.9027 1162106849.9182 667140490.8141 282655133.7469 93130191.2925 36880281.5199 470.3899 0.1454 0.0072 0.0026 0.0028 0.0030 0.0030 0.0030 0.0031 0.0031 0.0033 0.0030 0.0186 0.1361 0.2771 0.3810 0.4348 0.4710 0.5140 0.5477 0.5643 0.5692 1.1640 0.1814 0.0835 0.0732 0.0711 0.0671 0.0659 0.0659 0.0658 0.0656 0.0652 0.0661  
70129 15 1.0099 0.9843 0.0003 0.0003 4510645.7872 0.0000 1620630708.4557 872426.9694 2944541201.3039 29724449340.5893 23771268809.7864 9983091790.9961 1769606727.6933 686100174.5480 626036207.5697 623513350.8831 622389779.8696 620875854.3733 0.0000 0.0206 0.0003 0.0003 0.0003 0.0003 0.0003 0.0003 0.0003 0.0003 0.0003 0.0000 0.0045 0.0338 0.0594 0.0852 0.1005 0.1025 0.1026 0.1027 0.1028 0.1030 1.6453 0.2706 0.1937 0.1618 0.1598 0.1513 0.1358 0.1334 0.1333 0.1333 0.1333 0.0000  
70129 29 0.4345 0.9320 0.0210 0.0252 8055932.4292 411135.7709 50446140.2248 43626.5420 30228.3262 14116732.8804 229913979.6253 402911575.6915 352832329.5372 233319108.9836 123305135.2036 36958010.5172 5297319.9728 795691.9901 36.0993 6.0901 0.4066 0.0165 0.0172 0.0249 0.0422 0.0596 0.0970 0.3092 0.9143 0.0561 0.0010 0.0098 0.0322 0.0674 0.1121 0.1625 0.2158 0.2678 0.3130 0.3562 2.5550 0.3219 0.0949 0.0832 0.0763 0.0670 0.0602 0.0565 0.0556 0.0552 0.0543 0.0555  
70129 30 1.0874 1.1521 0.0091 0.0270 75737917.2986 358358.9972 516566433.1350 81330.1886 3911756.2117 86726337.8507 87822772.9539 36486162.1912 51494956.2680 66536397.4987 69102720.6637 69245146.6887 69246098.2528 69246098.2528 0.0000 0.0305 0.3926 1.0555 0.5811 0.0460 0.0177 0.0159 0.0158 0.0158 0.0158 0.0141 0.0091 0.1152 0.3955 0.8326 1.2540 1.4215 1.4449 1.4461 1.4461 1.4461 1.4461 0.1832 0.1319 0.1040 0.0720 0.0581 0.0565 0.0563 0.0563 0.0563 0.0563 0.2740  
70129 35 0.9992 0.8945 0.4347 0.8066 6721602.9607 25991.0209 41277054.3233 4808.6533 456282.4226 4135056.6779 4253819.5245 12795429.8210 12481282.8712 9406358.6910 8200068.7757 7942202.6129 7792070.1881 7633594.9458 0.0410 0.4184 1.8839 2.2679 0.4479 0.3615 0.1722 0.0476 0.0208 0.0183 0.0180 0.6158 0.0144 0.1174 0.2537 0.3547 0.4241 0.4832 0.5056 0.5109 0.5153 0.5202 1.4702 0.1371 0.1147 0.0816 0.0736 0.0716 0.0684 0.0664 0.0659 0.0658 0.0658 0.1341  
70129 36 0.8581 0.9442 0.0539 0.0936 60954443.7945 418997.2157 92720803.4551 388513.2389 14350893530.1283 14797470286.9432 3020349274.4924 2958175963.7865 2841784985.2697 2580371149.8985 2163720826.1311 1689881437.6463 1235800917.9114 945308969.0991 1915.9046 0.0931 0.0936 0.1213 0.1264 0.1264 0.1264 0.1264 0.1264 0.1264 0.1264 0.1264 0.0007 0.0051 0.0076 0.0077 0.0083 0.0095 0.0114 0.0137 0.0158 0.0172 1.4359 0.1946 0.1878 0.1347 0.1338 0.1338 0.1338 0.1338 0.1338 0.1338 0.1338 0.1338  
78889 4 1.0020 1.0011 0.0244 0.0236 17845713.0146 14075353.9371 894202000.9227 123517.2029 316604.2676 20680275.6259 64110720.3824 75934542.5852 76166080.4740 76166953.0855 76166953.0855 76166953.0855 76166953.0855 76166953.0855 0.3830 0.1615 0.0298 0.0237 0.0227 0.0227 0.0227 0.0227 0.0227 0.0227 0.0227 0.0264 0.0538 0.6101 1.3851 1.5351 1.5375 1.5376 1.5376 1.5376 1.5376 1.5376 1.5376 0.1048 0.0729 0.0579 0.0563 0.0563 0.0563 0.0563 0.0563 0.0563 0.0563 0.0819  
78889 12 0.9515 0.9638 0.0029 0.0027 10817324.7806 86350.0245 3336977223.4575 799567.5096 22032447.6677 276157533.1830 2314532250.5317 2629076032.2940 1663467741.4174 1185505496.3698 681103487.3746 288360541.7438 94765201.1974 37307267.3548 480.3095 0.1249 0.0082 0.0026 0.0029 0.0031 0.0032 0.0032 0.0032 0.0033 0.0034 0.0032 0.0186 0.1361 0.2771 0.3810 0.4348 0.4710 0.5140 0.5477 0.5643 0.5692 1.1640 0.1813 0.0917 0.0733 0.0708 0.0669 0.0659 0.0659 0.0658 0.0656 0.0652 0.0664  
78889 15 1.0072 1.0271 0.0002 0.0002 3904870.3865 0.0000 1591409102.3849 881085.5256 3266294649.8649 32999514931.7049 23555115309.6822 9816138225.7446 1687030291.7860 614656240.7154 555225400.9336 552791266.8604 551795136.5289 550452927.5467 0.0000 0.0272 0.0001 0.0002 0.0002 0.0002 0.0002 0.0002 0.0002 0.0002 0.0002 0.0000 0.0045 0.0338 0.0594 0.0852 0.1005 0.1025 0.1026 0.1027 0.1028 0.1030 1.6453 0.2730 0.1949 0.1619 0.1599 0.1520 0.1360 0.1334 0.1333 0.1333 0.1333 0.0000  
78889 29 0.6149 0.9365 0.0198 0.0286 4463812.2522 226066.6133 47578502.4130 18953.8536 791238.0375 13945374.9743 199328283.0510 357517242.1315 323759332.0258 219818924.5746 117859397.7078 35439241.9774 5074619.6259 757537.3480 34.6424 3.2086 0.6860 0.0405 0.0231 0.0209 0.0306 0.0386 0.0426 0.0579 0.1192 0.0403 0.0010 0.0098 0.0322 0.0674 0.1121 0.1625 0.2158 0.2678 0.3130 0.3562 2.5550 0.2501 0.1166 0.0834 0.0760 0.0669 0.0601 0.0565 0.0557 0.0555 0.0555 0.0556  
78889 30 0.9566 0.9261 0.0126 0.0318 81297595.9854 171618.0782 516768933.0501 88441.4746 2534710.7846 49325636.2038 59878101.9380 41237004.2654 54682038.5701 66091204.9019 68097335.7613 68211442.1301 68212214.1425 68212214.1425 0.0000 0.0359 0.5080 1.1619 0.6574 0.0610 0.0186 0.0168 0.0167 0.0167 0.0167 0.0177 0.0091 0.1152 0.3955 0.8326 1.2540 1.4215 1.4449 1.4461 1.4461 1.4461 1.4461 0.1852 0.1273 0.0989 0.0725 0.0584 0.0565 0.0563 0.0563 0.0563 0.0563 0.2740  
78889 35 1.0999 0.9294 0.2955 0.8527 4808451.9549 137152.9569 35212023.4343 4805.0435 527627.4506 4150145.4315 3676733.8224 10883015.1249 10821536.3534 8466057.9467 7537199.2794 7331246.6996 7195684.1112 7049715.6093 0.0660 0.4773 1.9399 2.5907 0.3841 0.3077 0.1359 0.0383 0.0189 0.0170 0.0169 0.6441 0.0144 0.1174 0.2537 0.3547 0.4241 0.4832 0.5056 0.5109 0.5153 0.5202 1.4702 0.1376 0.1154 0.0830 0.0736 0.0713 0.0680 0.0663 0.0659 0.0658 0.0658 0.1341  
78889 36 0.8243 0.8841 0.0538 0.0933 50821165.0120 430219.9424 77437748.5808 333367.1731 12165967356.9453 12505754930.2301 2494723967.1398 2442457166.4058 2346355892.9674 2130512682.4981 1786494381.3813 1395256424.4562 1020332897.3299 780480577.4862 1581.8922 0.0927 0.0932 0.1244 0.1274 0.1274 0.1274 0.1274 0.1274 0.1275 0.1275 0.1274 0.0007 0.0051 0.0076 0.0077 0.0083 0.0095 0.0114 0.0137 0.0158 0.0172 1.4359 0.1946 0.1879 0.1347 0.1338 0.1338 0.1338 0.1338 0.1338 0.1338 0.1338 0.1338  
87673 4 1.0253 1.0012 0.0249 0.0238 18175751.6284 14463694.5668 887500548.6506 123761.6996 355990.6566 21545600.8572 64225728.8575 75941475.7258 76176458.5930 76177358.4228 76177358.4228 76177358.4228 76177358.4228 76177358.4228 0.3774 0.1501 0.0330 0.0247 0.0231 0.0230 0.0230 0.0230 0.0230 0.0230 0.0230 0.0314 0.0538 0.6101 1.3851 1.5351 1.5375 1.5376 1.5376 1.5376 1.5376 1.5376 1.5376 0.1046 0.0730 0.0580 0.0563 0.0563 0.0563 0.0563 0.0563 0.0563 0.0563 0.0821  
87673 12 0.9483 0.9605 0.0031 0.0029 10935253.7249 80208.2116 3175813819.8432 760796.8119 19531221.5646 261181729.6253 2064276017.0988 2423717190.3174 1633020094.0482 1180166363.7161 678344418.1803 287053051.6670 94173258.2197 36927725.3054 478.3208 0.1231 0.0076 0.0027 0.0031 0.0033 0.0034 0.0034 0.0034 0.0035 0.0036 0.0033 0.0186 0.1361 0.2771 0.3810 0.4348 0.4710 0.5140 0.5477 0.5643 0.5692 1.1640 0.1750 0.0921 0.0733 0.0706 0.0668 0.0659 0.0659 0.0658 0.0657 0.0653 0.0662  
87673 15 0.9804 0.9768 0.0001 0.0001 3768293.5191 0.0000 1501016792.9366 887425.7830 2823540857.4529 32839832730.9599 22575474934.7411 9371071550.0059 1578692172.3993 550739591.5137 493780138.7153 491484339.1388 490598683.8055 489405331.3837 0.0000 0.0210 0.0001 0.0001 0.0001 0.0002 0.0002 0.0002 0.0002 0.0002 0.0002 0.0000 0.0045 0.0338 0.0594 0.0852 0.1005 0.1025 0.1026 0.1027 0.1028 0.1030 1.6453 0.2656 0.1943 0.1620 0.1600 0.1526 0.1363 0.1334 0.1333 0.1333 0.1333 0.0000  
87673 29 0.9518 0.9321 0.0227 0.0328 5548993.6591 233361.7500 44934529.7234 11655.3953 849984.2152 12420900.3206 173331169.9657 313988825.4782 291461162.2681 206573752.0293 113812174.0860 34442950.1327 4936923.7706 737167.7253 33.7000 3.1923 0.7776 0.0413 0.0249 0.0255 0.0402 0.0508 0.0556 0.0718 0.1366 0.0532 0.0010 0.0098 0.0322 0.0674 0.1121 0.1625 0.2158 0.2678 0.3130 0.3562 2.5550 0.2507 0.1197 0.0834 0.0758 0.0666 0.0599 0.0565 0.0557 0.0555 0.0555 0.0556  
87673 30 0.9427 0.9628 0.0225 0.0325 78830004.0273 45284.4632 517165970.6689 84605.4952 3451896.1357 41709445.9163 42673199.6365 35070055.8315 56201251.9157 66561954.3035 67956018.1403 68018784.2646 68019177.4918 68019177.4918 0.0000 0.0410 0.6560 1.4261 0.6222 0.0579 0.0210 0.0188 0.0187 0.0187 0.0187 0.0168 0.0091 0.1152 0.3955 0.8326 1.2540 1.4215 1.4449 1.4461 1.4461 1.4461 1.4461 0.1891 0.1309 0.1005 0.0701 0.0584 0.0565 0.0563 0.0563 0.0563 0.0563 0.2740  
87673 35 0.7958 0.8875 0.3180 0.9083 4804858.8943 137974.7849 32198209.1372 5285.0128 429926.3496 3547437.9762 2649556.0391 7986036.3759 8454845.8754 7311077.9447 6847159.7198 6725634.4988 6607541.2364 6474198.4323 0.0423 0.4276 1.7875 2.6646 0.4580 0.3668 0.1529 0.0442 0.0233 0.0214 0.0212 0.5971 0.0144 0.1174 0.2537 0.3547 0.4241 0.4832 0.5056 0.5109 0.5153 0.5202 1.4702 0.1381 0.1153 0.0832 0.0735 0.0709 0.0677 0.0662 0.0659 0.0658 0.0658 0.1341  
87673 36 0.6922 0.9329 0.0195 0.0703 22456912.0737 321713.8723 65356656.2849 274782.6083 11577918887.5448 11735844896.0089 2093662180.3549 2045801742.8528 1965306584.7990 1784514668.9420 1496362321.6123 1168658431.1968 854619631.3477 653717502.7360 1324.9928 0.0621 0.0626 0.0921 0.0965 0.0965 0.0965 0.0965 0.0965 0.0965 0.0965 0.0965 0.0007 0.0051 0.0076 0.0077 0.0083 0.0095 0.0114 0.0137 0.0158 0.0172 1.4359 0.1944 0.1885 0.1347 0.1337 0.1337 0.1336 0.1336 0.1336 0.1336 0.1336 0.1337  
96433 4 0.9389 0.9781 0.0252 0.0239 18053116.1459 14537226.2350 869039865.3930 126890.9673 229013.5507 14920139.7323 59717340.3754 74722600.5773 75038104.6555 75039348.8860 75039348.8860 75039348.8860 75039348.8860 75039348.8860 0.1790 0.1632 0.0305 0.0243 0.0235 0.0235 0.0235 0.0235 0.0235 0.0235 0.0235 0.0271 0.0538 0.6101 1.3851 1.5351 1.5375 1.5376 1.5376 1.5376 1.5376 1.5376 1.5376 0.1049 0.0713 0.0575 0.0563 0.0563 0.0563 0.0563 0.0563 0.0563 0.0563 0.0823  
96433 12 0.9535 0.9676 0.0032 0.0030 10914020.7119 101561.5859 3020275927.1335 721464.5356 28229979.2471 312757087.7075 1911224820.6625 2259186355.0988 1568152556.4233 1140473823.1759 655658875.4021 277386615.0223 90924356.2033 35583522.7293 462.3696 0.1197 0.0081 0.0028 0.0033 0.0035 0.0035 0.0035 0.0036 0.0036 0.0038 0.0036 0.0186 0.1361 0.2771 0.3810 0.4348 0.4710 0.5140 0.5477 0.5643 0.5692 1.1640 0.1771 0.0958 0.0734 0.0704 0.0667 0.0659 0.0659 0.0658 0.0657 0.0653 0.0665  
96433 15 1.0101 1.0230 0.0002 0.0002 3886412.0568 0.0000 1430198786.1591 870008.9233 3916499459.0059 36917200699.4988 20946478047.7289 8616886288.8170 1438126896.5933 491122052.0760 438651997.7008 436552831.1739 435766162.3590 434706186.6551 0.0000 0.0256 0.0002 0.0002 0.0002 0.0002 0.0002 0.0002 0.0002 0.0002 0.0002 0.0000 0.0045 0.0338 0.0594 0.0852 0.1005 0.1025 0.1026 0.1027 0.1028 0.1030 1.6453 0.2716 0.1967 0.1622 0.1600 0.1528 0.1364 0.1334 0.1333 0.1333 0.1333 0.0000  
96433 29 0.8946 0.9257 0.0305 0.0398 7065140.6619 246004.0020 41130123.4575 11093.6727 716685.1141 10633574.3482 149611195.7466 275749203.8283 262159581.3026 189996511.4660 105940516.9263 32145817.9198 4607018.6931 686375.5331 31.4680 3.1050 0.7126 0.0416 0.0272 0.0333 0.0584 0.0747 0.0804 0.0945 0.1499 0.0786 0.0010 0.0098 0.0322 0.0674 0.1121 0.1625 0.2158 0.2678 0.3130 0.3562 2.5550 0.2506 0.1178 0.0833 0.0757 0.0664 0.0597 0.0564 0.0557 0.0555 0.0555 0.0555  
96433 30 0.9777 1.0082 0.0237 0.0317 79010448.4272 48713.2806 510591088.6376 79760.0413 3817860.6877 49516129.7332 48652972.6671 30989114.7567 51916734.4196 65921706.1315 68145822.5141 68263682.4058 68264459.3277 68264459.3277 0.0000 0.0379 0.5977 1.3940 0.6918 0.0554 0.0208 0.0188 0.0186 0.0186 0.0186 0.0165 0.0091 0.1152 0.3955 0.8326 1.2540 1.4215 1.4449 1.4461 1.4461 1.4461 1.4461 0.1878 0.1319 0.1023 0.0706 0.0581 0.0565 0.0563 0.0563 0.0563 0.0563 0.2740  
96433 35 0.6120 0.8717 0.4484 1.1856 5284753.3820 42415.4560 25287460.1786 4205.6974 441300.4535 2733682.5255 1744869.3744 5310402.5387 6233914.8313 6202500.2589 6165977.2625 6122343.2665 6021068.9494 5900244.2846 0.0526 0.5279 2.1205 3.3893 0.7064 0.4999 0.1929 0.0561 0.0311 0.0288 0.0286 0.6700 0.0144 0.1174 0.2537 0.3547 0.4241 0.4832 0.5056 0.5109 0.5153 0.5202 1.4702 0.1411 0.1159 0.0843 0.0735 0.0705 0.0674 0.0661 0.0659 0.0658 0.0658 0.1341  
96433 36 0.3471 0.9590 0.0061 0.0188 1148362.6062 313980.7401 60993189.7925 190213.8273 11018638121.6055 11137146379.8217 1938632034.7205 1893444625.1716 1818943256.2957 1651613375.3649 1384917280.3355 1081614708.9451 790959705.1536 605017047.8037 1226.3166 0.0012 0.0017 0.0060 0.0060 0.0060 0.0060 0.0060 0.0060 0.0060 0.0060 0.0060 0.0007 0.0051 0.0076 0.0077 0.0083 0.0095 0.0114 0.0137 0.0158 0.0172 1.4359 0.1940 0.1882 0.1343 0.1332 0.1332 0.1332 0.1332 0.1332 0.1332 0.1332 0.1332  
