8761 4 0.7863 0.8148 0.1490 0.1834 24227228.2480 23764732.1264 307861807.2271 27757.6413 434138.2881 31970890.3007 29940389.5682 12475446.4137 12031700.5923 12029832.9411 12029832.9411 12029832.9411 12029832.9411 12029832.9411 0.6180 0.3807 0.2295 0.2171 0.1955 0.1937 0.1937 0.1937 0.1937 0.1937 0.1937 0.2015 0.0538 0.6101 1.3851 1.5351 1.5375 1.5376 1.5376 1.5376 1.5376 1.5376 1.5376 0.1025 0.0752 0.0635 0.0567 0.0563 0.0563 0.0563 0.0563 0.0563 0.0563 0.0825  
8761 12 1.5959 0.6918 0.0175 0.0300 16557717.1239 3473517.5656 1245655539.5530 42139.8409 781219902.9373 4053480461.7578 1573570342.3265 349664092.1228 97673474.0836 55954109.0557 34656271.9102 18586353.2744 10664477.4230 8312448.1877 38.1070 0.5736 0.0191 0.0264 0.0411 0.0459 0.0472 0.0481 0.0501 0.0530 0.0548 0.0340 0.0186 0.1361 0.2771 0.3810 0.4348 0.4710 0.5140 0.5477 0.5643 0.5692 1.1640 0.1869 0.1140 0.0851 0.0731 0.0675 0.0657 0.0651 0.0638 0.0620 0.0608 0.1393  
8761 15 0.0041 0.6913 0.0008 0.0014 5587707.5886 0.0000 1211741337.7846 2482.4900 1445595039.7763 13520984999.4679 7320798510.3002 3807760450.5401 1789668726.4188 1523411623.7146 1508315353.3244 1506375076.8818 1503662403.4408 1500007284.3213 0.0000 0.8830 0.0020 0.0015 0.0015 0.0015 0.0015 0.0015 0.0017 0.0021 0.0026 0.0000 0.0045 0.0338 0.0594 0.0852 0.1005 0.1025 0.1026 0.1027 0.1028 0.1030 1.6453 0.2655 0.2026 0.1621 0.1523 0.1376 0.1336 0.1333 0.1333 0.1333 0.1333 0.0000  
8761 29 0.5569 0.6730 0.0501 0.0860 68703584.6851 176975363.2197 175724811.4714 71271.2776 4270963.7602 440071383.4107 926253626.4935 763702939.4324 498819312.4963 333513537.7973 231102421.9658 160327758.7142 130556524.7285 120080805.7330 51.8924 4.3739 1.0155 0.1868 0.0545 0.0408 0.0762 0.2593 0.5584 0.7366 0.8047 0.0468 0.0010 0.0098 0.0322 0.0674 0.1121 0.1625 0.2158 0.2678 0.3130 0.3562 2.5550 0.1518 0.1162 0.1007 0.0811 0.0678 0.0593 0.0536 0.0494 0.0466 0.0448 0.0555  
8761 30 0.0799 0.8879 0.0165 0.0372 21117967.7366 37723.6348 168274887.1077 2499.4708 35.7528 4526.0548 984433.6379 9774395.2598 19693951.0938 21521795.6164 21533510.3540 21523507.5709 21523421.6345 21523421.6345 0.0000 0.9246 3.5813 0.9009 0.2053 0.0643 0.0305 0.0244 0.0241 0.0240 0.0240 0.0000 0.0091 0.1152 0.3955 0.8326 1.2540 1.4215 1.4449 1.4461 1.4461 1.4461 1.4461 0.1384 0.0906 0.0688 0.0637 0.0595 0.0568 0.0563 0.0563 0.0563 0.0563 0.0000  
8761 35 1.4778 0.4669 0.2693 0.5393 12243572.3668 2117587.8330 99814891.7387 18553.9342 3765874.0120 49095248.7147 67233223.4179 64543828.2070 42723074.4871 22005784.0479 14250492.2018 12827740.2446 12497231.5461 12239711.3378 0.3342 0.5240 1.7221 1.6754 0.2487 0.1914 0.1314 0.0641 0.0444 0.0424 0.0422 0.7738 0.0144 0.1174 0.2537 0.3547 0.4241 0.4832 0.5056 0.5109 0.5153 0.5202 1.4702 0.1336 0.1121 0.0840 0.0759 0.0726 0.0698 0.0668 0.0660 0.0658 0.0658 0.1341  
8761 36 1.1121 0.5684 0.0432 0.0997 149066058.6501 1739820.6630 232826652.3304 196190.9636 40349372715.6049 40889069879.1125 7278367737.5102 7111722093.5646 6832037759.3089 6203867470.5338 5202668153.1389 4064045078.2427 2972902024.1462 2274857826.8676 4605.9894 1.1607 0.1329 0.1421 0.1423 0.1423 0.1423 0.1423 0.1424 0.1424 0.1424 0.1423 0.0007 0.0051 0.0076 0.0077 0.0083 0.0095 0.0114 0.0137 0.0158 0.0172 1.4359 0.1898 0.1843 0.1301 0.1289 0.1289 0.1289 0.1289 0.1289 0.1289 0.1289 0.1289  
17545 4 6.9778 2.2483 0.0425 0.0485 16202571.4758 4883718.2186 651346434.3956 12142.6744 1423953.6602 95542155.9541 90775597.2948 41049387.3732 39822716.9562 39817704.9195 39817704.9195 39817704.9195 39817704.9195 39817704.9195 1.7422 0.1056 0.0369 0.0339 0.0293 0.0288 0.0288 0.0288 0.0288 0.0288 0.0288 0.0354 0.0538 0.6101 1.3851 1.5351 1.5375 1.5376 1.5376 1.5376 1.5376 1.5376 1.5376 0.1036 0.0751 0.0633 0.0566 0.0563 0.0563 0.0563 0.0563 0.0563 0.0563 0.0826  
17545 12 1.4663 1.5948 0.0090 0.0128 17789746.7106 190420.8209 2771191326.3437 681380.4525 1104399306.0075 6113492087.8345 4125748525.7796 1623197531.5729 343934926.9152 144924361.5474 83275948.5139 38695883.4867 16720521.0509 10197604.4499 78.5907 0.1098 0.0042 0.0081 0.0133 0.0152 0.0163 0.0165 0.0170 0.0179 0.0186 0.0159 0.0186 0.1361 0.2771 0.3810 0.4348 0.4710 0.5140 0.5477 0.5643 0.5692 1.1640 0.1847 0.1076 0.0815 0.0739 0.0696 0.0660 0.0655 0.0646 0.0630 0.0615 0.1351  
17545 15 1.4371 1.2948 0.0002 0.0005 1243718.0907 149353.8069 1379356303.4499 396958.0561 2804934193.5048 23107116114.0443 11515674449.3287 5351234654.6435 1818281367.6272 1352194311.4590 1326094272.0691 1323978254.3360 1321592702.5775 1318378355.0691 0.0000 0.0064 0.0003 0.0004 0.0005 0.0005 0.0005 0.0005 0.0005 0.0005 0.0005 0.0000 0.0045 0.0338 0.0594 0.0852 0.1005 0.1025 0.1026 0.1027 0.1028 0.1030 1.6453 0.2782 0.2027 0.1623 0.1556 0.1404 0.1338 0.1333 0.1333 0.1333 0.1333 0.0000  
17545 29 0.6550 0.8719 0.0367 0.0670 16496641.2514 940932.4618 157798984.0060 96556.7636 1053256.4809 132940639.7801 623999850.0994 775335353.8453 530821893.3777 333517451.6022 216771192.4776 143116409.0127 111183219.9349 98064846.3940 49.1838 2.8432 0.6593 0.2171 0.0297 0.0079 0.0104 0.0283 0.0681 0.1148 0.1579 0.0089 0.0010 0.0098 0.0322 0.0674 0.1121 0.1625 0.2158 0.2678 0.3130 0.3562 2.5550 0.1964 0.1104 0.0925 0.0796 0.0682 0.0598 0.0544 0.0501 0.0469 0.0450 0.0555  
17545 30 2.1626 1.9132 0.0031 0.0065 2487116.3196 1659809.6738 178284907.1985 23744.0492 2422728.3771 68553159.7093 107921236.4566 38224699.8069 18559111.8147 21789836.1283 22799464.8638 22865473.6058 22865933.9032 22865933.9032 0.0000 0.0044 0.0162 0.0572 0.0524 0.0073 0.0033 0.0028 0.0027 0.0027 0.0027 0.0024 0.0091 0.1152 0.3955 0.8326 1.2540 1.4215 1.4449 1.4461 1.4461 1.4461 1.4461 0.1824 0.1292 0.1024 0.0790 0.0588 0.0564 0.0563 0.0563 0.0563 0.0563 0.2740  
17545 35 0.8422 0.7525 0.2855 0.3342 15172540.0144 2079.4752 90761124.8726 15119.8210 260047.5336 7926575.1001 39896570.4899 49403378.7599 35669105.9939 19297447.4215 13111770.2109 11966413.4031 11674287.4936 11434689.9277 0.0168 0.3687 1.2446 0.5777 0.2827 0.2741 0.1682 0.0499 0.0155 0.0119 0.0117 0.6774 0.0144 0.1174 0.2537 0.3547 0.4241 0.4832 0.5056 0.5109 0.5153 0.5202 1.4702 0.1292 0.1021 0.0809 0.0751 0.0725 0.0697 0.0668 0.0660 0.0658 0.0658 0.1341  
17545 36 0.9379 0.8756 0.0532 0.0988 137835373.2574 668186.8091 217219305.6334 797894.4806 30817269306.8053 31945441023.8313 6772768602.5465 6637351908.0221 6376288753.7099 5789941586.9238 4855401392.8739 3792587015.5987 2774091473.7396 2122522552.0631 4298.7629 0.0982 0.0986 0.1305 0.1335 0.1335 0.1335 0.1335 0.1335 0.1335 0.1335 0.1335 0.0007 0.0051 0.0076 0.0077 0.0083 0.0095 0.0114 0.0137 0.0158 0.0172 1.4359 0.1946 0.1881 0.1348 0.1338 0.1338 0.1338 0.1338 0.1338 0.1338 0.1338 0.1338  
26305 4 1.2545 1.1301 0.0281 0.0287 12058463.8062 41868059.6301 795991044.2492 84729.3729 564402.1206 46526239.3841 74984604.7335 62443619.5652 62076172.9248 62074587.9123 62074587.9123 62074587.9123 62074587.9123 62074587.9123 0.7048 0.0924 0.0312 0.0272 0.0251 0.0251 0.0251 0.0251 0.0251 0.0251 0.0251 0.0289 0.0538 0.6101 1.3851 1.5351 1.5375 1.5376 1.5376 1.5376 1.5376 1.5376 1.5376 0.1027 0.0726 0.0605 0.0564 0.0563 0.0563 0.0563 0.0563 0.0563 0.0563 0.0828  
26305 12 1.0511 0.9986 0.0048 0.0057 17173147.3649 269569.5625 3936193248.5872 999084.3540 204605005.6282 2442413174.6948 5698031899.4976 3516751782.7793 890192220.6087 424972511.9426 240858543.1008 104619582.6297 37462773.1170 17530449.7748 171.9685 0.1042 0.0038 0.0040 0.0056 0.0061 0.0065 0.0066 0.0067 0.0072 0.0080 0.0120 0.0186 0.1361 0.2771 0.3810 0.4348 0.4710 0.5140 0.5477 0.5643 0.5692 1.1640 0.1667 0.0958 0.0782 0.0732 0.0694 0.0661 0.0658 0.0654 0.0646 0.0632 0.0828  
26305 15 1.0748 1.0154 0.0002 0.0004 3101323.1323 0.0000 1487434303.1463 570450.1710 1506958234.0069 20253895240.0158 15775256948.9871 7065705304.4480 1891825467.2193 1209277782.6859 1171247830.3165 1168900759.6161 1166794471.3735 1163956410.0042 0.0000 0.0463 0.0003 0.0004 0.0005 0.0005 0.0005 0.0005 0.0005 0.0005 0.0005 0.0000 0.0045 0.0338 0.0594 0.0852 0.1005 0.1025 0.1026 0.1027 0.1028 0.1030 1.6453 0.2666 0.1956 0.1619 0.1576 0.1436 0.1341 0.1333 0.1333 0.1333 0.1333 0.0000  
26305 29 1.4725 0.9014 0.0154 0.0449 19207649.7594 1078950.3903 137443443.7235 63246.4442 118404.1604 36725998.2586 453904921.9457 706943854.8092 538145731.0858 330612418.4884 201860776.9712 124414341.6171 90256326.9913 75077373.0445 46.6930 4.6477 0.9268 0.1354 0.0190 0.0084 0.0130 0.0383 0.0962 0.1628 0.2223 0.0120 0.0010 0.0098 0.0322 0.0674 0.1121 0.1625 0.2158 0.2678 0.3130 0.3562 2.5550 0.2406 0.0999 0.0852 0.0779 0.0680 0.0603 0.0547 0.0504 0.0472 0.0453 0.0556  
26305 30 1.3734 1.1204 0.0038 0.0186 23732572.9306 4057898.3200 233585718.8325 51347.7000 1416519.8858 52212266.7430 117242076.4495 77559448.2921 38594786.6761 26070700.8133 24391537.7357 24305659.6328 24305114.6163 24305114.6163 0.0000 0.0084 0.0459 0.1191 0.1940 0.0440 0.0080 0.0064 0.0063 0.0063 0.0063 0.0051 0.0091 0.1152 0.3955 0.8326 1.2540 1.4215 1.4449 1.4461 1.4461 1.4461 1.4461 0.1808 0.1235 0.0938 0.0753 0.0619 0.0569 0.0563 0.0563 0.0563 0.0563 0.2740  
26305 35 0.9537 0.9405 0.2466 0.3273 8787081.1662 2828.0890 76190554.6911 12734.1567 731177.1852 11401290.7268 33963052.2380 43354479.4474 31871474.6528 17577078.1945 12167167.7787 11161230.5680 10894338.0790 10671111.2166 0.0630 0.4062 1.5305 0.8211 0.1975 0.1799 0.1096 0.0332 0.0119 0.0097 0.0096 0.6275 0.0144 0.1174 0.2537 0.3547 0.4241 0.4832 0.5056 0.5109 0.5153 0.5202 1.4702 0.1349 0.1094 0.0818 0.0750 0.0724 0.0696 0.0668 0.0660 0.0658 0.0658 0.1341  
26305 36 0.9967 0.9251 0.0561 0.0992 137179205.9591 628217.6261 215212939.3775 748331.0385 24633581838.1799 26427103763.9627 6925570841.8687 6807187161.0663 6539399197.6152 5937948127.1839 4979334813.3868 3889143061.0657 2844411767.1059 2176058873.1392 4408.7651 0.0987 0.0993 0.1300 0.1346 0.1346 0.1346 0.1346 0.1346 0.1346 0.1346 0.1346 0.0007 0.0051 0.0076 0.0077 0.0083 0.0095 0.0114 0.0137 0.0158 0.0172 1.4359 0.1946 0.1869 0.1346 0.1338 0.1338 0.1338 0.1338 0.1338 0.1338 0.1338 0.1338  
35065 4 1.0738 1.0280 0.0314 0.0300 25944040.9016 6332563.8226 839253269.7084 106292.4415 231893.6452 25179498.0686 65445786.2610 69742173.1395 69794707.2051 69794915.2701 69794915.2701 69794915.2701 69794915.2701 69794915.2701 0.3435 0.1136 0.0333 0.0306 0.0298 0.0298 0.0298 0.0298 0.0298 0.0298 0.0298 0.0326 0.0538 0.6101 1.3851 1.5351 1.5375 1.5376 1.5376 1.5376 1.5376 1.5376 1.5376 0.1023 0.0718 0.0589 0.0563 0.0563 0.0563 0.0563 0.0563 0.0563 0.0563 0.0825  
35065 12 0.9715 0.9513 0.0028 0.0030 12040436.0835 87299.8604 4314979558.2460 1050185.8308 16530825.9026 583435291.1149 4604680409.6584 4025306485.9575 1565678855.1408 956842632.8104 546755900.7614 232857972.0159 78127639.0441 32204301.2558 385.4507 0.0985 0.0034 0.0025 0.0028 0.0030 0.0031 0.0031 0.0032 0.0033 0.0036 0.0032 0.0186 0.1361 0.2771 0.3810 0.4348 0.4710 0.5140 0.5477 0.5643 0.5692 1.1640 0.1463 0.0871 0.0748 0.0724 0.0683 0.0660 0.0658 0.0657 0.0653 0.0645 0.0664  
35065 15 1.2784 1.1799 0.0002 0.0003 4497215.4577 0.0000 1686404237.8665 613145.6619 2457432763.0824 28315792943.8047 19769741499.8264 8573245402.2143 1963982311.2649 1092087769.4878 1043620312.5648 1041063563.7746 1039187594.7100 1036659870.7217 0.0000 0.0290 0.0003 0.0003 0.0004 0.0004 0.0004 0.0004 0.0004 0.0004 0.0004 0.0000 0.0045 0.0338 0.0594 0.0852 0.1005 0.1025 0.1026 0.1027 0.1028 0.1030 1.6453 0.2757 0.1977 0.1619 0.1585 0.1460 0.1345 0.1334 0.1333 0.1333 0.1333 0.0000  
35065 29 0.9709 0.9102 0.0166 0.0234 36615890.0072 1074668.1062 105283153.9462 93130.8723 34044.7969 22349601.7159 361153707.8958 632165495.0467 534547753.5804 320717244.5195 177585299.0193 91822550.3196 55355591.9592 40601147.7582 43.5439 6.0377 0.5138 0.0322 0.0133 0.0140 0.0307 0.0974 0.2616 0.4433 0.5695 0.0333 0.0010 0.0098 0.0322 0.0674 0.1121 0.1625 0.2158 0.2678 0.3130 0.3562 2.5550 0.2879 0.0945 0.0835 0.0767 0.0676 0.0606 0.0552 0.0510 0.0476 0.0459 0.0555  
35065 30 0.8906 0.9872 0.0027 0.0282 51330800.2204 1651456.2248 312626936.0528 70518.3952 1268587.4125 42477313.7294 74009664.3577 62792288.1100 51568789.1295 36851127.9466 33644256.9705 33431338.1915 33429861.4670 33429861.4670 0.0000 0.0188 0.2442 0.5904 0.3056 0.0607 0.0151 0.0106 0.0104 0.0104 0.0104 0.0086 0.0091 0.1152 0.3955 0.8326 1.2540 1.4215 1.4449 1.4461 1.4461 1.4461 1.4461 0.1803 0.1263 0.0937 0.0707 0.0613 0.0572 0.0563 0.0563 0.0563 0.0563 0.2740  
35065 35 0.8506 0.8595 0.2965 0.3434 9961623.6842 2623.9673 68282082.1799 12144.2794 393690.0171 6475281.8887 25250138.5343 33666117.3894 25590962.9465 15100655.1526 11121506.4723 10368552.6377 10136991.5635 9930514.5787 0.0473 0.4737 1.5405 0.7165 0.2648 0.2503 0.1446 0.0426 0.0157 0.0130 0.0128 0.6852 0.0144 0.1174 0.2537 0.3547 0.4241 0.4832 0.5056 0.5109 0.5153 0.5202 1.4702 0.1344 0.1079 0.0811 0.0748 0.0723 0.0694 0.0667 0.0660 0.0658 0.0658 0.1341  
35065 36 1.0040 0.9158 0.0569 0.0991 140025568.3100 918760.3385 218537348.4093 745861.1156 18677768945.8888 21072063149.0145 7004827232.5205 6903305810.3279 6631703215.3424 6021684492.5567 5049415760.3664 3943694258.9821 2884080798.7656 2206207237.4920 4471.0223 0.0984 0.0991 0.1306 0.1341 0.1341 0.1341 0.1341 0.1341 0.1342 0.1342 0.1341 0.0007 0.0051 0.0076 0.0077 0.0083 0.0095 0.0114 0.0137 0.0158 0.0172 1.4359 0.1946 0.1848 0.1344 0.1338 0.1338 0.1338 0.1338 0.1338 0.1338 0.1338 0.1338  
43825 4 1.0079 1.0087 0.0283 0.0275 19487968.6235 15232202.0319 860620409.1937 114134.6068 150621.4126 18967990.1674 62537878.6640 71984769.7970 72163194.2713 72163919.1602 72163919.1602 72163919.1602 72163919.1602 72163919.1602 0.2312 0.1299 0.0360 0.0284 0.0260 0.0259 0.0259 0.0259 0.0259 0.0259 0.0259 0.0326 0.0538 0.6101 1.3851 1.5351 1.5375 1.5376 1.5376 1.5376 1.5376 1.5376 1.5376 0.1026 0.0717 0.0582 0.0563 0.0563 0.0563 0.0563 0.0563 0.0563 0.0563 0.0822  
43825 12 0.9542 0.9510 0.0024 0.0024 11115952.1850 41977.3531 4287745341.2928 1020308.0091 2816680.5252 230515059.6218 3271430341.5965 3525739043.8191 2022085017.7344 1406972812.2648 807689613.7144 342230247.3464 112790661.7871 44694310.1739 569.4055 0.1764 0.0038 0.0023 0.0024 0.0026 0.0026 0.0026 0.0027 0.0027 0.0029 0.0025 0.0186 0.1361 0.2771 0.3810 0.4348 0.4710 0.5140 0.5477 0.5643 0.5692 1.1640 0.1640 0.0792 0.0735 0.0714 0.0672 0.0660 0.0659 0.0658 0.0656 0.0651 0.0659  
43825 15 1.1345 1.0696 0.0003 0.0004 5013781.0207 0.0000 1910561573.2859 783860.3428 1730871265.8741 26989256213.6655 26151573452.0552 11191302996.9191 2195745173.8134 1009062583.7993 943215065.7591 940200720.8802 938506489.0885 936223642.0965 0.0000 0.0305 0.0003 0.0003 0.0004 0.0004 0.0004 0.0004 0.0004 0.0004 0.0004 0.0000 0.0045 0.0338 0.0594 0.0852 0.1005 0.1025 0.1026 0.1027 0.1028 0.1030 1.6453 0.2681 0.1935 0.1617 0.1592 0.1486 0.1350 0.1334 0.1333 0.1333 0.1333 0.0000  
43825 29 0.8776 0.9202 0.0157 0.0174 25192038.4549 935838.1820 83922827.7450 90418.9686 34658.2135 17528235.8838 291449305.2459 565569329.8464 523783539.8293 309875310.5652 158235788.9247 67438842.5346 31571742.3726 20233442.0655 40.9102 6.1108 0.5099 0.0154 0.0122 0.0134 0.0276 0.0880 0.2707 0.5173 0.6512 0.0312 0.0010 0.0098 0.0322 0.0674 0.1121 0.1625 0.2158 0.2678 0.3130 0.3562 2.5550 0.2928 0.0960 0.0830 0.0756 0.0673 0.0609 0.0558 0.0520 0.0483 0.0466 0.0556  
43825 30 0.9134 1.0319 0.0166 0.0363 70491561.8992 128024.6393 355990858.7461 62804.9999 1972424.4666 52118246.5063 61852139.5319 40565432.6367 45095131.5233 44419408.6101 43883401.8208 43834318.9797 43833959.7645 43833959.7645 0.0000 0.0387 0.4852 1.0949 0.4989 0.0692 0.0230 0.0182 0.0179 0.0179 0.0179 0.0164 0.0091 0.1152 0.3955 0.8326 1.2540 1.4215 1.4449 1.4461 1.4461 1.4461 1.4461 0.1803 0.1288 0.0993 0.0709 0.0598 0.0568 0.0563 0.0563 0.0563 0.0563 0.2740  
43825 35 0.8209 0.8911 0.3361 0.4217 8916040.2894 3706.5216 55720126.8103 10330.1056 500738.7863 6390821.0113 20752207.1963 26227036.9416 20270451.9995 12946839.9334 10169950.0734 9629995.7984 9429255.9269 9238212.1453 0.0773 0.4835 1.7698 0.9769 0.3031 0.2723 0.1476 0.0422 0.0166 0.0141 0.0139 0.6253 0.0144 0.1174 0.2537 0.3547 0.4241 0.4832 0.5056 0.5109 0.5153 0.5202 1.4702 0.1355 0.1101 0.0818 0.0749 0.0721 0.0690 0.0666 0.0659 0.0658 0.0658 0.1341  
43825 36 0.9676 1.0642 0.0569 0.0991 136394313.2875 861368.6265 202424969.0178 748855.0008 23772587741.5972 25494280858.8140 6668009031.7189 6553856647.1067 6295983811.4245 5716802092.4612 4793682432.6917 3743856163.2723 2737807131.3809 2094200697.7356 4244.6993 0.0985 0.0991 0.1250 0.1330 0.1330 0.1330 0.1330 0.1330 0.1330 0.1330 0.1330 0.0007 0.0051 0.0076 0.0077 0.0083 0.0095 0.0114 0.0137 0.0158 0.0172 1.4359 0.1946 0.1866 0.1346 0.1338 0.1338 0.1338 0.1338 0.1338 0.1338 0.1338 0.1338  
52609 4 1.0745 1.0312 0.0260 0.0253 18580913.9652 15462623.4219 891695962.0204 115041.1944 193085.9513 24524285.2374 67775763.3827 74250671.5854 74361051.7864 74361520.4922 74361520.4922 74361520.4922 74361520.4922 74361520.4922 0.3124 0.1284 0.0320 0.0258 0.0242 0.0242 0.0242 0.0242 0.0242 0.0242 0.0242 0.0298 0.0538 0.6101 1.3851 1.5351 1.5375 1.5376 1.5376 1.5376 1.5376 1.5376 1.5376 0.1030 0.0725 0.0585 0.0563 0.0563 0.0563 0.0563 0.0563 0.0563 0.0563 0.0821  
52609 12 0.9440 0.9526 0.0024 0.0023 10928414.5946 55649.0351 4124463461.2169 973553.2735 4654867.7527 156463255.6724 2484728367.4207 3083796829.9759 2180021440.6308 1590916022.7660 914750026.9403 386998198.9940 126852774.1347 49643237.5293 644.9502 0.2013 0.0069 0.0022 0.0024 0.0026 0.0026 0.0026 0.0026 0.0027 0.0028 0.0025 0.0186 0.1361 0.2771 0.3810 0.4348 0.4710 0.5140 0.5477 0.5643 0.5692 1.1640 0.1831 0.0780 0.0731 0.0705 0.0668 0.0659 0.0659 0.0658 0.0657 0.0653 0.0660  
52609 15 1.0014 0.9775 0.0005 0.0004 5317737.3770 0.0000 1983791648.2648 889298.7603 1136319934.1668 20937211994.8055 29245281130.5911 12519219907.5112 2316123656.6827 970148566.9245 895505430.2970 892256507.1431 890648665.9098 888482223.5497 0.0000 0.0284 0.0004 0.0004 0.0004 0.0004 0.0004 0.0004 0.0004 0.0004 0.0004 0.0000 0.0045 0.0338 0.0594 0.0852 0.1005 0.1025 0.1026 0.1027 0.1028 0.1030 1.6453 0.2694 0.1865 0.1613 0.1596 0.1504 0.1355 0.1334 0.1333 0.1333 0.1333 0.0000  
52609 29 0.7800 0.9215 0.0190 0.0196 20695778.9882 717270.6821 67279248.3287 79352.4218 21787.8357 14068358.7148 238936543.7314 507220254.1231 502291571.7441 294289781.1538 140542692.9394 48098613.1504 14312476.1234 7103557.5162 38.1494 6.0483 0.4408 0.0157 0.0139 0.0166 0.0326 0.0911 0.3037 0.7490 1.0020 0.0410 0.0010 0.0098 0.0322 0.0674 0.1121 0.1625 0.2158 0.2678 0.3130 0.3562 2.5550 0.2917 0.0941 0.0826 0.0746 0.0670 0.0612 0.0564 0.0535 0.0496 0.0474 0.0556  
52609 30 1.1245 1.1290 0.0063 0.0279 62771883.0982 497094.7861 378680929.5469 57368.4547 2743742.2916 77288288.2677 96807846.4987 40686885.4320 42885480.6464 47633016.7370 48262092.7278 48287353.0259 48287506.2634 48287506.2634 0.0000 0.0271 0.3514 0.8475 0.4862 0.0503 0.0172 0.0146 0.0145 0.0145 0.0145 0.0128 0.0091 0.1152 0.3955 0.8326 1.2540 1.4215 1.4449 1.4461 1.4461 1.4461 1.4461 0.1820 0.1283 0.1016 0.0732 0.0590 0.0566 0.0563 0.0563 0.0563 0.0563 0.2740  
52609 35 0.7247 0.8424 0.4011 0.4611 8612108.8069 3617.5338 50264551.9944 8480.1425 276692.7712 3752323.5898 14857215.9420 18357862.6279 14883644.3758 10776761.8972 9216021.5134 8891537.7304 8722002.0932 8546602.1259 0.0475 0.4639 1.8469 0.9549 0.3861 0.3417 0.1684 0.0468 0.0198 0.0172 0.0170 0.5684 0.0144 0.1174 0.2537 0.3547 0.4241 0.4832 0.5056 0.5109 0.5153 0.5202 1.4702 0.1361 0.1087 0.0815 0.0749 0.0718 0.0686 0.0664 0.0659 0.0658 0.0658 0.1341  
52609 36 0.8930 0.8881 0.0572 0.0994 127176806.5941 879228.2227 182262083.2189 724555.5359 18482198651.2731 20358096208.7072 6095110616.2269 6000252429.4531 5764150227.1491 5233865294.2494 4388679006.5147 3427483176.7805 2506368738.9385 1917098077.5784 3886.1512 0.0987 0.0995 0.1335 0.1362 0.1362 0.1362 0.1362 0.1362 0.1362 0.1362 0.1362 0.0007 0.0051 0.0076 0.0077 0.0083 0.0095 0.0114 0.0137 0.0158 0.0172 1.4359 0.1946 0.1852 0.1345 0.1338 0.1338 0.1338 0.1338 0.1338 0.1338 0.1338 0.1338  
61369 4 1.0590 1.0202 0.0264 0.0254 19684622.5936 15979857.3502 908807213.9275 123612.9449 193622.6713 25827368.8538 69384728.9015 76345036.8841 76480701.2175 76481315.9523 76481315.9523 76481315.9523 76481315.9523 76481315.9523 0.2881 0.1204 0.0293 0.0260 0.0247 0.0247 0.0247 0.0247 0.0247 0.0247 0.0247 0.0259 0.0538 0.6101 1.3851 1.5351 1.5375 1.5376 1.5376 1.5376 1.5376 1.5376 1.5376 0.1028 0.0721 0.0585 0.0563 0.0563 0.0563 0.0563 0.0563 0.0563 0.0563 0.0820  
61369 12 0.9420 0.9535 0.0025 0.0024 10820076.7574 54705.4730 3954780821.6107 919069.3205 5816908.5830 125958058.0979 1911284384.5749 2710862299.8379 2246520573.4309 1687844465.8365 971406212.3608 410611150.3100 134177725.5422 52134091.1499 684.9335 0.2039 0.0092 0.0023 0.0025 0.0026 0.0027 0.0027 0.0027 0.0027 0.0029 0.0025 0.0186 0.1361 0.2771 0.3810 0.4348 0.4710 0.5140 0.5477 0.5643 0.5692 1.1640 0.1818 0.0802 0.0729 0.0699 0.0665 0.0659 0.0659 0.0658 0.0657 0.0653 0.0660  
61369 15 0.9708 0.9856 0.0004 0.0003 4518268.3765 0.0000 1978968461.6381 890536.2001 995490075.7900 18680919393.8289 29925242750.7462 12820093025.3265 2342146967.6329 959915085.1155 883270306.7670 879969331.6173 878383628.0447 876247014.4800 0.0000 0.0460 0.0003 0.0003 0.0003 0.0003 0.0003 0.0003 0.0003 0.0003 0.0003 0.0000 0.0045 0.0338 0.0594 0.0852 0.1005 0.1025 0.1026 0.1027 0.1028 0.1030 1.6453 0.2772 0.1826 0.1611 0.1597 0.1509 0.1356 0.1334 0.1333 0.1333 0.1333 0.0000  
61369 29 0.6736 0.9246 0.0238 0.0276 13775749.9591 471623.4288 57031917.6806 61890.9375 19112.4758 11448127.9983 198219604.5188 453806004.8441 471719329.3690 274283065.6883 125696391.4755 37030096.1381 6107300.8945 1440911.9292 34.9717 6.1955 0.4508 0.0287 0.0228 0.0229 0.0374 0.0764 0.2246 0.8117 1.5535 0.0511 0.0010 0.0098 0.0322 0.0674 0.1121 0.1625 0.2158 0.2678 0.3130 0.3562 2.5550 0.3040 0.0946 0.0823 0.0738 0.0668 0.0613 0.0569 0.0550 0.0525 0.0496 0.0556  
61369 30 1.1470 1.1831 0.0026 0.0221 57343865.1770 1384405.5573 418061277.2751 64508.8442 4870297.0580 100127433.9910 154353782.2404 71248362.2926 50044987.6302 50897885.8902 51391632.1039 51424939.8475 51425182.0775 51425182.0775 0.0000 0.0138 0.1948 0.5235 0.3765 0.0433 0.0118 0.0101 0.0100 0.0100 0.0100 0.0070 0.0091 0.1152 0.3955 0.8326 1.2540 1.4215 1.4449 1.4461 1.4461 1.4461 1.4461 0.1842 0.1282 0.0990 0.0757 0.0595 0.0566 0.0563 0.0563 0.0563 0.0563 0.2740  
61369 35 0.7059 0.8840 0.4917 0.5859 7587562.5242 3332.7429 40640442.0273 6145.2425 366868.4048 4802557.1093 13061767.8709 12584210.4125 10325011.9914 8865792.4564 8319056.3755 8174869.3204 8033082.3475 7872802.3999 0.0520 0.4816 1.9558 1.3444 0.4733 0.3810 0.1658 0.0460 0.0222 0.0199 0.0197 0.6264 0.0144 0.1174 0.2537 0.3547 0.4241 0.4832 0.5056 0.5109 0.5153 0.5202 1.4702 0.1352 0.1106 0.0830 0.0755 0.0714 0.0680 0.0663 0.0659 0.0658 0.0658 0.1341  
61369 36 0.8876 0.9258 0.0570 0.0992 112642147.0668 799897.9229 159031323.3825 647062.9820 16945680895.7946 18521335194.6529 5343767882.7081 5258434379.8441 5051515305.2393 4586775601.3561 3846057544.3535 3003669164.7956 2196407965.0578 1679973392.3825 3405.7028 0.0984 0.0991 0.1310 0.1348 0.1348 0.1348 0.1348 0.1348 0.1348 0.1348 0.1348 0.0007 0.0051 0.0076 0.0077 0.0083 0.0095 0.0114 0.0137 0.0158 0.0172 1.4359 0.1946 0.1853 0.1345 0.1338 0.1338 0.1338 0.1338 0.1338 0.1338 0.1338 0.1338  
70129 4 0.9648 0.9977 0.0262 0.0250 19512677.5706 15534729.4590 907916685.1034 130909.0416 146027.9101 19760379.9165 66112878.8464 77309339.0282 77539331.2160 77540302.4663 77540302.4663 77540302.4663 77540302.4663 77540302.4663 0.1987 0.1266 0.0306 0.0256 0.0243 0.0243 0.0243 0.0243 0.0243 0.0243 0.0243 0.0289 0.0538 0.6101 1.3851 1.5351 1.5375 1.5376 1.5376 1.5376 1.5376 1.5376 1.5376 0.1031 0.0712 0.0581 0.0563 0.0563 0.0563 0.0563 0.0563 0.0563 0.0563 0.0821  
70129 12 0.9431 0.9549 0.0026 0.0024 10803579.5257 60969.2651 3788344389.6988 865793.2818 8052084.1268 105908404.0048 1397704476.0916 2369918548.9841 2302176905.5626 1771991634.9511 1020619302.7674 431109340.1749 140521482.3959 54276971.9864 719.6578 0.2025 0.0117 0.0023 0.0026 0.0027 0.0027 0.0027 0.0028 0.0028 0.0029 0.0026 0.0186 0.1361 0.2771 0.3810 0.4348 0.4710 0.5140 0.5477 0.5643 0.5692 1.1640 0.1815 0.0849 0.0727 0.0692 0.0663 0.0659 0.0659 0.0658 0.0657 0.0654 0.0660  
70129 15 1.0147 1.0414 0.0002 0.0002 4260063.4741 0.0000 2033236606.5207 864563.9139 1828484557.5527 21075698172.0073 30698472562.9005 13100148308.7025 2347952447.4774 929543434.9502 850906422.2202 847573172.6770 846045845.4941 843987889.6236 0.0000 0.0539 0.0002 0.0002 0.0003 0.0003 0.0003 0.0003 0.0003 0.0003 0.0003 0.0000 0.0045 0.0338 0.0594 0.0852 0.1005 0.1025 0.1026 0.1027 0.1028 0.1030 1.6453 0.2859 0.1854 0.1612 0.1598 0.1512 0.1357 0.1334 0.1333 0.1333 0.1333 0.0000  
70129 29 0.4193 0.9322 0.0219 0.0285 7006095.6879 282716.8782 51797315.5880 41690.0394 25363.0554 9533719.1681 167634396.8786 407702366.6912 438506557.7796 253393042.3786 114226598.8142 32742663.8376 4655034.3409 695232.7990 31.7740 5.6879 0.4740 0.0292 0.0236 0.0243 0.0369 0.0537 0.0815 0.2330 0.7014 0.0538 0.0010 0.0098 0.0322 0.0674 0.1121 0.1625 0.2158 0.2678 0.3130 0.3562 2.5550 0.3018 0.0948 0.0820 0.0733 0.0667 0.0614 0.0570 0.0557 0.0553 0.0547 0.0555  
70129 30 1.1043 1.1035 0.0027 0.0245 64486891.4018 1605083.6262 503764537.6442 73994.6910 6436340.1249 105960437.3997 162351394.6793 94721419.7696 70391823.2967 60300029.6326 58424100.7295 58305610.5240 58304808.2346 58304808.2346 0.0000 0.0144 0.1787 0.4607 0.2836 0.0492 0.0137 0.0110 0.0108 0.0108 0.0108 0.0086 0.0091 0.1152 0.3955 0.8326 1.2540 1.4215 1.4449 1.4461 1.4461 1.4461 1.4461 0.1842 0.1286 0.0966 0.0736 0.0605 0.0568 0.0563 0.0563 0.0563 0.0563 0.2740  
70129 35 1.3421 0.8587 0.2524 0.6088 6144830.2217 25168.9084 36183016.1572 4338.2238 296318.8509 3869657.8484 9876257.1033 8127421.9589 7147601.7119 7405594.3918 7509288.1221 7482198.6060 7362117.1091 7216221.3310 0.0431 0.4644 1.8603 1.3554 0.5379 0.3973 0.1485 0.0436 0.0248 0.0230 0.0229 0.6124 0.0144 0.1174 0.2537 0.3547 0.4241 0.4832 0.5056 0.5109 0.5153 0.5202 1.4702 0.1349 0.1105 0.0834 0.0759 0.0706 0.0674 0.0661 0.0659 0.0658 0.0658 0.1341  
70129 36 0.8487 0.9270 0.0546 0.0951 90827934.4237 585999.5174 134987944.9846 574317.0733 16256050968.6733 17390129997.8410 4486375535.7904 4408804433.6692 4235315597.8856 3845660123.5396 3224613883.0945 2518323370.5909 1841484823.9921 1408486402.0340 2855.4278 0.0932 0.0938 0.1250 0.1289 0.1289 0.1289 0.1289 0.1289 0.1289 0.1289 0.1289 0.0007 0.0051 0.0076 0.0077 0.0083 0.0095 0.0114 0.0137 0.0158 0.0172 1.4359 0.1946 0.1861 0.1345 0.1338 0.1338 0.1338 0.1338 0.1338 0.1338 0.1338 0.1338  
78889 4 1.0306 0.9884 0.0249 0.0238 18269533.0741 14328971.1147 894143714.4924 126305.0052 116921.9952 16337242.7123 62910797.7463 76707600.6593 77017096.9402 77018460.3118 77018460.3118 77018460.3118 77018460.3118 77018460.3118 0.1558 0.1375 0.0297 0.0241 0.0231 0.0231 0.0231 0.0231 0.0231 0.0231 0.0231 0.0291 0.0538 0.6101 1.3851 1.5351 1.5375 1.5376 1.5376 1.5376 1.5376 1.5376 1.5376 0.1036 0.0709 0.0577 0.0563 0.0563 0.0563 0.0563 0.0563 0.0563 0.0563 0.0823  
78889 12 0.9398 0.9548 0.0027 0.0026 10799059.6799 59302.6720 3592918087.8307 816519.3837 6431497.1345 86627554.1599 1099508231.2810 2131056804.9489 2263836715.4539 1763160203.2551 1015905213.4007 428971624.3093 139653760.4581 53786208.0229 716.3224 0.2094 0.0126 0.0024 0.0027 0.0028 0.0029 0.0029 0.0029 0.0029 0.0030 0.0027 0.0186 0.1361 0.2771 0.3810 0.4348 0.4710 0.5140 0.5477 0.5643 0.5692 1.1640 0.1790 0.0868 0.0725 0.0686 0.0662 0.0659 0.0659 0.0659 0.0657 0.0654 0.0660  
78889 15 1.0177 1.0013 0.0001 0.0002 4003785.7220 0.0000 2071819292.4817 877245.8167 1115865054.3313 19866866572.7429 32186074682.2716 13719645468.9545 2404580259.0878 911920291.6036 829183252.4534 825740156.8691 824252172.1885 822247227.3127 0.0000 0.0377 0.0002 0.0001 0.0002 0.0002 0.0002 0.0002 0.0002 0.0002 0.0002 0.0000 0.0045 0.0338 0.0594 0.0852 0.1005 0.1025 0.1026 0.1027 0.1028 0.1030 1.6453 0.2797 0.1831 0.1612 0.1598 0.1517 0.1359 0.1334 0.1333 0.1333 0.1333 0.0000  
78889 29 0.6590 0.9426 0.0211 0.0268 4397395.4240 316455.8183 48156204.5891 17480.7483 3708673.8358 15239890.9950 138440092.2016 365657627.7235 411593980.6282 237474029.0863 105987217.5354 30277773.6155 4297460.8050 638757.8440 29.3730 1.8387 0.6596 0.0345 0.0223 0.0211 0.0291 0.0380 0.0415 0.0472 0.0690 0.0411 0.0010 0.0098 0.0322 0.0674 0.1121 0.1625 0.2158 0.2678 0.3130 0.3562 2.5550 0.2380 0.1423 0.0822 0.0727 0.0666 0.0615 0.0571 0.0558 0.0555 0.0555 0.0556  
78889 30 1.4282 0.9544 0.0038 0.0277 73970571.2485 867926.3574 591290842.4194 81712.6633 4459715.0316 70802087.8901 101416233.4596 74582240.2708 79728114.4203 72962824.8662 70702455.1059 70526689.4016 70525428.8110 70525428.8110 0.0000 0.0207 0.2865 0.6661 0.3190 0.0528 0.0173 0.0138 0.0136 0.0136 0.0136 0.0128 0.0091 0.1152 0.3955 0.8326 1.2540 1.4215 1.4449 1.4461 1.4461 1.4461 1.4461 0.1820 0.1279 0.0955 0.0710 0.0600 0.0568 0.0563 0.0563 0.0563 0.0563 0.2740  
78889 35 1.1061 0.9080 0.1499 0.6270 4338022.6520 158651.3012 30851415.9880 5822.2758 305511.5903 3651200.7174 8463954.4183 6171574.2740 5638588.7232 6498481.3697 6830824.4763 6847307.8588 6741360.4936 6608322.6936 0.0448 0.4890 2.0152 1.6831 0.4439 0.2856 0.0982 0.0348 0.0242 0.0232 0.0231 0.6376 0.0144 0.1174 0.2537 0.3547 0.4241 0.4832 0.5056 0.5109 0.5153 0.5202 1.4702 0.1357 0.1113 0.0845 0.0765 0.0697 0.0669 0.0660 0.0659 0.0658 0.0658 0.1341  
78889 36 0.8517 0.9209 0.0542 0.0942 76376041.6450 587588.3569 115747113.0269 487434.0550 15016808986.8955 15873933944.0461 3821399103.1913 3751906198.7088 3604263996.5253 3272659994.0938 2744138177.7568 2143071912.1479 1567069813.2578 1198580162.1778 2429.9783 0.0934 0.0939 0.1238 0.1277 0.1277 0.1277 0.1277 0.1277 0.1277 0.1277 0.1277 0.0007 0.0051 0.0076 0.0077 0.0083 0.0095 0.0114 0.0137 0.0158 0.0172 1.4359 0.1946 0.1868 0.1346 0.1338 0.1338 0.1338 0.1338 0.1338 0.1338 0.1338 0.1338  
87673 4 0.9266 0.9855 0.0250 0.0240 18611578.9297 14022634.0483 883142192.8999 130171.5582 94743.3430 15277322.2519 61389909.6315 75258443.4510 75566905.4697 75568253.3241 75568253.3241 75568253.3241 75568253.3241 75568253.3241 0.1483 0.1208 0.0274 0.0243 0.0238 0.0238 0.0238 0.0238 0.0238 0.0238 0.0238 0.0257 0.0538 0.6101 1.3851 1.5351 1.5375 1.5376 1.5376 1.5376 1.5376 1.5376 1.5376 0.1019 0.0709 0.0577 0.0563 0.0563 0.0563 0.0563 0.0563 0.0563 0.0563 0.0826  
87673 12 0.9412 0.9581 0.0029 0.0027 10776007.6953 76127.5760 3403736238.8859 767380.4773 12435149.7369 98914218.3862 891008459.5682 1936632632.5887 2194162193.0051 1722264870.1252 992579327.8092 419027591.7228 136306072.6777 52396290.9060 699.9155 0.1863 0.0143 0.0025 0.0029 0.0030 0.0030 0.0030 0.0030 0.0031 0.0032 0.0029 0.0186 0.1361 0.2771 0.3810 0.4348 0.4710 0.5140 0.5477 0.5643 0.5692 1.1640 0.1805 0.0946 0.0723 0.0682 0.0662 0.0659 0.0659 0.0659 0.0657 0.0655 0.0660  
87673 15 0.9749 0.9746 0.0001 0.0002 4062481.6603 0.0000 2053345004.4191 892746.6316 726907965.5912 17172345708.2323 32606964154.1494 13903298033.4126 2396848436.1331 878942669.0349 794818299.4384 791364173.6393 789938134.2777 788016655.9535 0.0000 0.0535 0.0002 0.0001 0.0002 0.0002 0.0002 0.0002 0.0002 0.0002 0.0002 0.0000 0.0045 0.0338 0.0594 0.0852 0.1005 0.1025 0.1026 0.1027 0.1028 0.1030 1.6453 0.2786 0.1785 0.1611 0.1599 0.1521 0.1361 0.1334 0.1333 0.1333 0.1333 0.0000  
87673 29 0.9113 0.9301 0.0283 0.0365 5637623.2448 352310.9130 44135311.8258 11520.2832 2875004.0568 12007437.2332 112750615.7493 326445838.4981 382644216.9374 219222329.5807 96385933.1153 27402544.1745 3886708.6637 577887.1291 26.5632 1.7361 0.6933 0.0508 0.0291 0.0272 0.0406 0.0559 0.0614 0.0670 0.0872 0.0613 0.0010 0.0098 0.0322 0.0674 0.1121 0.1625 0.2158 0.2678 0.3130 0.3562 2.5550 0.2316 0.1417 0.0818 0.0720 0.0665 0.0616 0.0571 0.0558 0.0555 0.0555 0.0556  
87673 30 0.8760 0.9207 0.0043 0.0264 81684635.4268 429568.4267 616972334.3261 116700.1262 4448747.4809 52281415.7130 48013119.4364 34587181.8685 64754455.6550 79521418.6200 81484768.4089 81573155.1980 81573705.9315 81573705.9315 0.0000 0.0275 0.5680 1.3621 0.5095 0.0478 0.0168 0.0143 0.0142 0.0142 0.0142 0.0123 0.0091 0.1152 0.3955 0.8326 1.2540 1.4215 1.4449 1.4461 1.4461 1.4461 1.4461 0.1823 0.1336 0.0995 0.0688 0.0585 0.0566 0.0563 0.0563 0.0563 0.0563 0.2740  
87673 35 0.5362 0.8455 0.2401 0.8501 5821994.9928 51699.0399 26571857.4844 6440.0535 449219.4907 3202265.0972 4763949.8050 3342506.0591 3923912.2357 5497362.2813 6091598.7780 6157743.7279 6067319.9052 5948211.1622 0.0877 0.5082 1.9496 2.0917 0.7959 0.4170 0.1329 0.0537 0.0411 0.0399 0.0398 0.6057 0.0144 0.1174 0.2537 0.3547 0.4241 0.4832 0.5056 0.5109 0.5153 0.5202 1.4702 0.1380 0.1139 0.0849 0.0765 0.0689 0.0666 0.0660 0.0659 0.0658 0.0658 0.1341  
87673 36 0.8585 0.8858 0.0539 0.0938 66016138.9205 652355.3835 96964338.0857 415156.8020 12430464296.8137 13204088873.0739 3271950402.0526 3213696949.2359 3087231702.5526 2803191087.1536 2350477426.0457 1835624677.7766 1342241035.0850 1026605438.0943 2081.3993 0.0931 0.0937 0.1252 0.1279 0.1279 0.1279 0.1279 0.1279 0.1279 0.1279 0.1279 0.0007 0.0051 0.0076 0.0077 0.0083 0.0095 0.0114 0.0137 0.0158 0.0172 1.4359 0.1946 0.1864 0.1345 0.1338 0.1338 0.1338 0.1338 0.1338 0.1338 0.1338 0.1338  
96433 4 1.0263 1.0088 0.0236 0.0228 16770784.8159 14884696.7179 890593494.8577 120616.4480 133481.2413 19589685.1384 63926854.6849 75405188.9074 75666879.2201 75668071.2672 75668071.2672 75668071.2672 75668071.2672 75668071.2672 0.1988 0.1258 0.0289 0.0232 0.0221 0.0220 0.0220 0.0220 0.0220 0.0220 0.0220 0.0268 0.0538 0.6101 1.3851 1.5351 1.5375 1.5376 1.5376 1.5376 1.5376 1.5376 1.5376 0.1024 0.0720 0.0581 0.0563 0.0563 0.0563 0.0563 0.0563 0.0563 0.0563 0.0825  
96433 12 0.9517 0.9657 0.0030 0.0028 10822517.3584 95274.8066 3234586857.2428 722276.6782 24389314.4063 156183475.5153 768980471.3035 1784282878.0961 2106335078.6197 1661162141.6181 957497672.3427 404155642.1115 131396124.7243 50443009.4676 675.2855 0.1670 0.0131 0.0026 0.0031 0.0032 0.0032 0.0032 0.0032 0.0032 0.0034 0.0031 0.0186 0.1361 0.2771 0.3810 0.4348 0.4710 0.5140 0.5477 0.5643 0.5692 1.1640 0.1804 0.1031 0.0723 0.0679 0.0661 0.0659 0.0659 0.0659 0.0657 0.0655 0.0662  
96433 15 0.9780 0.9839 0.0001 0.0001 3733395.1211 0.0000 2005094320.9326 870358.8158 764999573.6063 16364531167.3284 32155916679.8075 13705814376.2449 2346037477.9073 847480969.5622 764433994.8935 761043656.4103 759672254.5641 757824396.0882 0.0000 0.0483 0.0001 0.0001 0.0001 0.0001 0.0001 0.0001 0.0001 0.0001 0.0001 0.0000 0.0045 0.0338 0.0594 0.0852 0.1005 0.1025 0.1026 0.1027 0.1028 0.1030 1.6453 0.2852 0.1768 0.1610 0.1599 0.1523 0.1361 0.1334 0.1333 0.1333 0.1333 0.0000  
96433 29 0.8417 0.9331 0.0384 0.0507 6565876.1629 242223.0924 39766886.8953 10498.0650 6577382.6725 18537043.5093 93135198.2891 290270494.0707 350952614.5852 198985566.1790 85983473.6261 24307620.4324 3444950.4923 512390.1365 23.5417 1.8197 0.8751 0.0819 0.0353 0.0337 0.0541 0.0778 0.0862 0.0937 0.1199 0.0863 0.0010 0.0098 0.0322 0.0674 0.1121 0.1625 0.2158 0.2678 0.3130 0.3562 2.5550 0.2393 0.1610 0.0823 0.0714 0.0664 0.0617 0.0572 0.0558 0.0555 0.0555 0.0556  
96433 30 1.0081 0.9321 0.0194 0.0265 68886337.2512 43463.6295 595479637.4892 102233.7325 4355825.0155 39579017.2082 27720797.4231 19447664.5801 53829389.2578 77890961.8740 81998797.8887 82232615.8157 82234186.2323 82234186.2323 0.0000 0.0366 0.7062 1.7081 0.7084 0.0412 0.0197 0.0186 0.0185 0.0185 0.0185 0.0171 0.0091 0.1152 0.3955 0.8326 1.2540 1.4215 1.4449 1.4461 1.4461 1.4461 1.4461 0.1833 0.1348 0.1029 0.0691 0.0573 0.0564 0.0563 0.0563 0.0563 0.0563 0.2740  
96433 35 0.3586 0.8874 0.6389 0.9794 4308724.8010 3396.6023 27192661.1799 3453.2035 557199.7216 3487588.2646 3144189.0561 1853646.7440 2851281.3837 4720043.2288 5423943.7962 5513054.8828 5434993.0379 5328748.0404 0.1103 0.4956 1.9037 2.5242 0.9830 0.3286 0.1032 0.0527 0.0451 0.0444 0.0443 0.5860 0.0144 0.1174 0.2537 0.3547 0.4241 0.4832 0.5056 0.5109 0.5153 0.5202 1.4702 0.1385 0.1153 0.0860 0.0770 0.0680 0.0663 0.0659 0.0659 0.0658 0.0658 0.1341  
96433 36 0.8337 0.8623 0.0540 0.0936 56003219.4626 431976.7989 83295685.9313 356419.4335 9601901223.5296 10349710474.1194 2782099595.3846 2735393862.1577 2627749111.2474 2385979280.4531 2000638243.5741 1562405627.9167 1142447096.1074 873784233.3090 1771.6193 0.0928 0.0935 0.1265 0.1283 0.1283 0.1283 0.1283 0.1283 0.1283 0.1283 0.1283 0.0007 0.0051 0.0076 0.0077 0.0083 0.0095 0.0114 0.0137 0.0158 0.0172 1.4359 0.1946 0.1858 0.1345 0.1338 0.1338 0.1338 0.1338 0.1338 0.1338 0.1338 0.1338  
