8761 4 0.7909 0.8154 0.1509 0.1793 24282783.8336 22511000.4437 257252181.4545 27919.2125 519404.9872 31746398.8405 29954067.6455 12518932.3664 12070775.8554 12068889.1148 12068889.1148 12068889.1148 12068889.1148 12068889.1148 0.7106 0.4011 0.2295 0.2082 0.1953 0.1946 0.1946 0.1946 0.1946 0.1946 0.1946 0.2173 0.0538 0.6101 1.3851 1.5351 1.5375 1.5376 1.5376 1.5376 1.5376 1.5376 1.5376 0.1030 0.0753 0.0634 0.0567 0.0563 0.0563 0.0563 0.0563 0.0563 0.0563 0.0827  
8761 12 1.6108 0.6942 0.0177 0.0304 16500963.7628 3706916.2300 1277388192.4282 42532.3828 815161900.1226 4072272519.9974 1573993845.4770 335211013.8779 95174458.7563 55464478.6530 34409490.9546 18484221.2969 10633647.1682 8302779.3380 38.5939 0.5607 0.0187 0.0269 0.0415 0.0464 0.0476 0.0485 0.0502 0.0529 0.0546 0.0343 0.0186 0.1361 0.2771 0.3810 0.4348 0.4710 0.5140 0.5477 0.5643 0.5692 1.1640 0.1867 0.1144 0.0850 0.0731 0.0675 0.0657 0.0651 0.0638 0.0620 0.0608 0.1397  
8761 15 0.0043 0.6903 0.0009 0.0017 6199194.7177 0.0000 1217306946.2674 2558.9693 1785172440.4042 12592956814.3737 7666615471.6898 3962764229.6069 1807848799.6443 1523542474.6257 1507448457.8102 1505477179.6709 1502766134.5934 1499113209.5663 0.0000 0.8872 0.0022 0.0018 0.0018 0.0018 0.0018 0.0019 0.0020 0.0024 0.0029 0.0000 0.0045 0.0338 0.0594 0.0852 0.1005 0.1025 0.1026 0.1027 0.1028 0.1030 1.6453 0.2705 0.2026 0.1619 0.1525 0.1378 0.1336 0.1333 0.1333 0.1333 0.1333 0.0000  
8761 29 0.5570 0.6758 0.0459 0.0830 69498224.9583 175659408.7433 174167008.3530 71294.2666 4592583.7269 471098700.4212 944670631.5646 748693195.3510 491644323.9805 331522182.3346 230293908.3390 159387659.5407 129484387.2344 118958162.9429 51.8364 4.3303 0.9797 0.1706 0.0543 0.0425 0.0783 0.2628 0.5646 0.7449 0.8141 0.0488 0.0010 0.0098 0.0322 0.0674 0.1121 0.1625 0.2158 0.2678 0.3130 0.3562 2.5550 0.1517 0.1162 0.1010 0.0811 0.0678 0.0593 0.0536 0.0494 0.0466 0.0448 0.0556  
8761 30 0.0783 0.8886 0.0164 0.0371 21096267.9644 27279.2318 167324096.8432 2449.0388 36.5261 4734.9882 1078455.3119 10584956.2150 20346908.9163 21394893.8325 21227773.6597 21205844.4836 21205675.2952 21205675.2952 0.0000 0.9232 3.5521 0.8760 0.2017 0.0643 0.0303 0.0241 0.0237 0.0237 0.0237 0.0000 0.0091 0.1152 0.3955 0.8326 1.2540 1.4215 1.4449 1.4461 1.4461 1.4461 1.4461 0.1396 0.0903 0.0688 0.0637 0.0595 0.0568 0.0563 0.0563 0.0563 0.0563 0.0000  
8761 35 1.1967 0.4603 0.2827 0.5454 12188509.4559 1819763.8986 103172342.8614 15024.9136 3369987.8409 42941268.7476 67128791.7327 64715590.5840 42795950.6228 22068493.4506 14310700.3353 12887037.3952 12555201.4581 12296134.0345 0.2785 0.4650 1.8266 1.7091 0.2463 0.1881 0.1291 0.0630 0.0437 0.0417 0.0416 0.6388 0.0144 0.1174 0.2537 0.3547 0.4241 0.4832 0.5056 0.5109 0.5153 0.5202 1.4702 0.1345 0.1118 0.0840 0.0759 0.0726 0.0698 0.0668 0.0660 0.0658 0.0658 0.1341  
8761 36 1.0889 0.5686 0.0431 0.0993 145774577.3497 1450585.3166 232827451.3505 192097.6899 41063150133.8291 41419909952.1057 7080789268.2386 6913383334.1607 6641505759.0402 6030869430.9864 5057616340.7549 3950775368.0739 2890089118.2150 2211529254.7505 4477.5321 1.1603 0.1323 0.1402 0.1404 0.1404 0.1404 0.1404 0.1404 0.1404 0.1404 0.1404 0.0007 0.0051 0.0076 0.0077 0.0083 0.0095 0.0114 0.0137 0.0158 0.0172 1.4359 0.1898 0.1844 0.1301 0.1289 0.1289 0.1289 0.1289 0.1289 0.1289 0.1289 0.1289  
17545 4 4.0648 1.7260 0.0548 0.0588 16447542.2275 4296203.1637 492430874.7627 11817.4713 965436.8879 54855238.0625 57698614.7321 30255822.2079 29526059.6580 29522929.1980 29522929.1980 29522929.1980 29522929.1980 29522929.1980 1.3390 0.1264 0.0502 0.0469 0.0406 0.0402 0.0402 0.0402 0.0402 0.0402 0.0402 0.0431 0.0538 0.6101 1.3851 1.5351 1.5375 1.5376 1.5376 1.5376 1.5376 1.5376 1.5376 0.1034 0.0751 0.0625 0.0565 0.0563 0.0563 0.0563 0.0563 0.0563 0.0563 0.0826  
17545 12 1.8081 1.8730 0.0084 0.0124 18004161.4673 204902.9896 3357212720.7015 683669.5719 1623093832.4209 8163671050.6675 5039541347.8544 1831943847.0689 323134923.0813 107841576.1960 61478266.3769 29546870.4697 13806424.2030 9133975.6559 71.1720 0.1026 0.0037 0.0077 0.0127 0.0147 0.0158 0.0161 0.0165 0.0173 0.0180 0.0137 0.0186 0.1361 0.2771 0.3810 0.4348 0.4710 0.5140 0.5477 0.5643 0.5692 1.1640 0.1860 0.1099 0.0818 0.0740 0.0701 0.0661 0.0654 0.0644 0.0627 0.0613 0.1435  
17545 15 1.3466 1.2404 0.0002 0.0004 1269446.0601 44012.6594 1347468039.2039 397773.5015 3227004641.3354 20388250429.3841 10911385934.7978 5130331384.5297 1792206248.3723 1351820128.0779 1327140864.3250 1325069182.0540 1322681664.1563 1319464667.4265 0.0000 0.0059 0.0002 0.0003 0.0004 0.0004 0.0004 0.0004 0.0004 0.0004 0.0004 0.0000 0.0045 0.0338 0.0594 0.0852 0.1005 0.1025 0.1026 0.1027 0.1028 0.1030 1.6453 0.2813 0.2025 0.1621 0.1556 0.1404 0.1338 0.1333 0.1333 0.1333 0.1333 0.0000  
17545 29 0.7297 0.8811 0.0288 0.0564 16553129.7934 819180.8374 155563091.6735 98811.5808 1851052.7219 211387908.5043 678132317.9668 739464143.7296 505523710.4183 327164292.2037 216514156.7418 142561775.4445 110197187.9187 96999847.4374 49.5226 1.9276 0.4222 0.1758 0.0272 0.0078 0.0104 0.0285 0.0687 0.1161 0.1597 0.0089 0.0010 0.0098 0.0322 0.0674 0.1121 0.1625 0.2158 0.2678 0.3130 0.3562 2.5550 0.1792 0.1113 0.0947 0.0798 0.0681 0.0597 0.0544 0.0501 0.0469 0.0450 0.0555  
17545 30 1.8463 1.5171 0.0032 0.0067 2437939.6357 1487030.7684 171930702.3278 23391.5426 1596334.3632 37153534.4049 59245602.2011 23505666.9922 17010681.1896 21599403.7937 22615856.0227 22677165.0188 22677583.4621 22677583.4621 0.0000 0.0072 0.0285 0.0962 0.0562 0.0074 0.0038 0.0030 0.0029 0.0029 0.0029 0.0042 0.0091 0.1152 0.3955 0.8326 1.2540 1.4215 1.4449 1.4461 1.4461 1.4461 1.4461 0.1844 0.1303 0.1020 0.0753 0.0582 0.0564 0.0563 0.0563 0.0563 0.0563 0.2740  
17545 35 1.1048 0.8006 0.2283 0.2834 12307286.7927 1829.7265 89284638.8087 12740.2802 376819.8281 9608828.6131 42268454.0840 53739983.9461 38811261.0907 20475367.6729 13542164.4255 12264709.1855 11954331.9850 11706232.9400 0.0181 0.3658 1.2411 0.5360 0.2111 0.2109 0.1320 0.0399 0.0125 0.0097 0.0094 0.6856 0.0144 0.1174 0.2537 0.3547 0.4241 0.4832 0.5056 0.5109 0.5153 0.5202 1.4702 0.1318 0.1040 0.0810 0.0750 0.0726 0.0698 0.0669 0.0660 0.0658 0.0658 0.1341  
17545 36 0.9539 0.9229 0.0530 0.0987 134754353.8616 469838.6979 211981810.3757 776718.4957 35651516755.2179 36227500388.9438 6599001175.2177 6450626364.9600 6196912863.3899 5627072997.5547 4718842705.1611 3685949503.9656 2696127439.9100 2062901992.7746 4177.8270 0.0982 0.0985 0.1269 0.1323 0.1323 0.1323 0.1323 0.1323 0.1323 0.1323 0.1323 0.0007 0.0051 0.0076 0.0077 0.0083 0.0095 0.0114 0.0137 0.0158 0.0172 1.4359 0.1946 0.1889 0.1349 0.1338 0.1338 0.1338 0.1338 0.1338 0.1338 0.1338 0.1338  
26305 4 1.8397 1.3356 0.0283 0.0335 11695703.4378 31507146.5748 694380206.7509 48035.2502 1054320.1649 59008166.2915 77639481.9754 50316763.9279 49536242.3391 49532822.0114 49532822.0114 49532822.0114 49532822.0114 49532822.0114 1.3440 0.1008 0.0364 0.0324 0.0283 0.0281 0.0281 0.0281 0.0281 0.0281 0.0281 0.0322 0.0538 0.6101 1.3851 1.5351 1.5375 1.5376 1.5376 1.5376 1.5376 1.5376 1.5376 0.1041 0.0741 0.0614 0.0564 0.0563 0.0563 0.0563 0.0563 0.0563 0.0563 0.0825  
26305 12 0.9984 0.9480 0.0048 0.0059 20983630.3087 225282.0263 4717940925.8565 1236146.8286 54799839.1365 2197539390.7412 7574394276.1100 4518746436.9900 918319384.7276 349283613.4990 195103590.0589 85408512.5217 31335996.2369 15286977.0218 137.6219 0.0526 0.0035 0.0044 0.0057 0.0062 0.0067 0.0068 0.0070 0.0077 0.0085 0.0083 0.0186 0.1361 0.2771 0.3810 0.4348 0.4710 0.5140 0.5477 0.5643 0.5692 1.1640 0.1341 0.0909 0.0783 0.0736 0.0704 0.0662 0.0657 0.0653 0.0642 0.0628 0.0713  
26305 15 1.2341 1.1137 0.0006 0.0005 3714429.9586 0.0000 1606213271.7422 535651.8601 2101836247.4471 20751092633.8099 17563341317.2895 7808800732.7368 1982732899.7775 1214151139.8690 1171364230.8636 1168865215.8867 1166758993.0793 1163921019.8787 0.0000 0.0532 0.0004 0.0005 0.0005 0.0005 0.0005 0.0005 0.0005 0.0005 0.0005 0.0000 0.0045 0.0338 0.0594 0.0852 0.1005 0.1025 0.1026 0.1027 0.1028 0.1030 1.6453 0.2789 0.1974 0.1619 0.1576 0.1437 0.1342 0.1333 0.1333 0.1333 0.1333 0.0000  
26305 29 1.0829 0.8739 0.0238 0.0692 21033413.4774 821628.4501 133305223.4261 72106.8781 266661.9065 50217683.1754 463775003.6061 680225460.3137 501977646.0729 318948744.4425 200556591.0070 122800580.4713 87887582.7962 72442492.5327 47.0827 4.3185 1.1004 0.2281 0.0274 0.0090 0.0144 0.0423 0.1064 0.1810 0.2473 0.0133 0.0010 0.0098 0.0322 0.0674 0.1121 0.1625 0.2158 0.2678 0.3130 0.3562 2.5550 0.2375 0.1055 0.0874 0.0783 0.0680 0.0600 0.0547 0.0504 0.0472 0.0454 0.0555  
26305 30 1.7989 1.5206 0.0036 0.0145 23377383.4315 3099495.6899 205930057.2137 43187.5045 4163250.3883 87463968.1322 148231899.3849 71554789.7958 30170910.7444 23381198.3255 22857348.6953 22839846.4312 22839760.1782 22839760.1782 0.0000 0.0057 0.0610 0.1929 0.1363 0.0312 0.0075 0.0065 0.0065 0.0065 0.0065 0.0027 0.0091 0.1152 0.3955 0.8326 1.2540 1.4215 1.4449 1.4461 1.4461 1.4461 1.4461 0.1830 0.1302 0.0984 0.0772 0.0612 0.0567 0.0563 0.0563 0.0563 0.0563 0.2740  
26305 35 0.8125 0.8875 0.2775 0.3149 11458020.6399 4017.7017 77497028.5485 14074.9421 587358.0846 10211647.6588 30948775.9219 42614266.1513 32119010.8989 17975798.4100 12608480.9287 11606207.3216 11329924.7078 11094671.4037 0.0323 0.3488 1.2567 0.6441 0.2443 0.2348 0.1416 0.0424 0.0147 0.0118 0.0116 0.6084 0.0144 0.1174 0.2537 0.3547 0.4241 0.4832 0.5056 0.5109 0.5153 0.5202 1.4702 0.1332 0.1083 0.0811 0.0747 0.0724 0.0696 0.0668 0.0660 0.0658 0.0658 0.1341  
26305 36 0.8926 0.9027 0.0558 0.0988 123098063.0489 731023.1955 188373407.4492 740886.3553 29984254530.5566 30699236269.3481 5940886624.6376 5813474411.1916 5584799710.1934 5071196925.5426 4252599218.5648 3321641494.5668 2429504248.5324 1858771359.1015 3765.1708 0.0984 0.0988 0.1299 0.1342 0.1342 0.1342 0.1342 0.1342 0.1342 0.1342 0.1342 0.0007 0.0051 0.0076 0.0077 0.0083 0.0095 0.0114 0.0137 0.0158 0.0172 1.4359 0.1946 0.1885 0.1349 0.1338 0.1338 0.1338 0.1338 0.1338 0.1338 0.1338 0.1338  
35065 4 1.1450 1.0818 0.0438 0.0426 33342964.2957 8368363.4267 788384191.2494 88368.3768 562816.9895 38621492.7357 72895087.5810 61881516.3034 61486295.7009 61484435.5867 61484435.5867 61484435.5867 61484435.5867 61484435.5867 0.7841 0.1208 0.0491 0.0458 0.0416 0.0414 0.0414 0.0414 0.0414 0.0414 0.0414 0.0431 0.0538 0.6101 1.3851 1.5351 1.5375 1.5376 1.5376 1.5376 1.5376 1.5376 1.5376 0.1035 0.0725 0.0599 0.0564 0.0563 0.0563 0.0563 0.0563 0.0563 0.0563 0.0823  
35065 12 0.9612 0.9492 0.0024 0.0026 11386797.7948 49974.7521 4964757963.0123 1234196.8238 2612849.2460 564573047.6179 5783877712.7256 4930670640.5252 1672270018.3591 956342677.8860 544565486.1951 231943892.2121 77842703.0279 32106088.3958 383.8203 0.1328 0.0022 0.0021 0.0022 0.0024 0.0025 0.0025 0.0026 0.0027 0.0030 0.0024 0.0186 0.1361 0.2771 0.3810 0.4348 0.4710 0.5140 0.5477 0.5643 0.5692 1.1640 0.1441 0.0810 0.0745 0.0726 0.0688 0.0661 0.0658 0.0657 0.0653 0.0645 0.0660  
35065 15 1.1116 1.0731 0.0003 0.0005 5606096.5787 0.0000 1770560997.9886 661030.8536 1887552764.7013 19347431598.9426 23249770797.4559 10124336533.4342 2156188677.1221 1105035330.3574 1046655683.3714 1043779620.7987 1041898757.6592 1039364439.2816 0.0000 0.0501 0.0004 0.0005 0.0005 0.0005 0.0005 0.0005 0.0005 0.0005 0.0005 0.0000 0.0045 0.0338 0.0594 0.0852 0.1005 0.1025 0.1026 0.1027 0.1028 0.1030 1.6453 0.2834 0.1914 0.1614 0.1589 0.1472 0.1347 0.1334 0.1333 0.1333 0.1333 0.0000  
35065 29 1.0773 0.9115 0.0165 0.0278 28450730.8330 1167818.3529 106319342.8428 78081.9107 25653.9257 25095607.8757 381641906.6027 614069837.8744 482215304.4768 304524549.9528 180433269.0707 96877427.0849 59943823.9245 44455063.7617 44.5430 5.3089 0.5007 0.0539 0.0141 0.0120 0.0242 0.0739 0.1973 0.3381 0.4436 0.0244 0.0010 0.0098 0.0322 0.0674 0.1121 0.1625 0.2158 0.2678 0.3130 0.3562 2.5550 0.2594 0.0930 0.0840 0.0774 0.0677 0.0602 0.0550 0.0509 0.0476 0.0459 0.0556  
35065 30 0.9992 1.0385 0.0029 0.0228 43172742.6616 2891465.8190 284496410.2501 77692.1373 2340559.2478 54372965.2303 125952968.2505 102267993.4144 53173168.6351 31370946.5404 28163390.8172 27994218.4346 27993130.8063 27993130.8063 0.0000 0.0089 0.1093 0.3060 0.2402 0.0544 0.0093 0.0062 0.0061 0.0061 0.0061 0.0036 0.0091 0.1152 0.3955 0.8326 1.2540 1.4215 1.4449 1.4461 1.4461 1.4461 1.4461 0.1822 0.1257 0.0920 0.0734 0.0626 0.0572 0.0563 0.0563 0.0563 0.0563 0.2740  
35065 35 0.9111 0.8899 0.2682 0.3301 8503948.1883 3537.1530 63086703.1792 11435.4122 502366.6946 7404498.4485 24368313.5252 34547103.7811 26752612.3885 15868751.1288 11730594.5138 10945264.5455 10698273.3673 10476136.4003 0.0387 0.4189 1.5078 0.7641 0.2282 0.2103 0.1205 0.0355 0.0135 0.0113 0.0111 0.6289 0.0144 0.1174 0.2537 0.3547 0.4241 0.4832 0.5056 0.5109 0.5153 0.5202 1.4702 0.1363 0.1088 0.0813 0.0747 0.0723 0.0693 0.0667 0.0660 0.0658 0.0658 0.1341  
35065 36 0.8920 0.9108 0.0564 0.0986 109915654.8631 692093.8764 165938784.8616 661284.7739 25825874413.2006 26561171830.9948 5319523056.5802 5208420453.3098 5003529719.8839 4543345664.7205 3809888557.8590 2975757759.6502 2176409804.3190 1665037624.4084 3373.3021 0.0981 0.0985 0.1291 0.1336 0.1336 0.1336 0.1336 0.1336 0.1336 0.1336 0.1336 0.0007 0.0051 0.0076 0.0077 0.0083 0.0095 0.0114 0.0137 0.0158 0.0172 1.4359 0.1946 0.1883 0.1348 0.1338 0.1338 0.1338 0.1338 0.1338 0.1338 0.1338 0.1338  
43825 4 1.1458 1.0587 0.0316 0.0307 20032863.3685 17199462.6305 837287497.2329 101178.0130 519206.8178 33999507.8562 71324224.6598 69121463.7622 68995366.3648 68994802.4530 68994802.4530 68994802.4530 68994802.4530 68994802.4530 0.8138 0.1192 0.0368 0.0308 0.0275 0.0275 0.0275 0.0275 0.0275 0.0275 0.0275 0.0330 0.0538 0.6101 1.3851 1.5351 1.5375 1.5376 1.5376 1.5376 1.5376 1.5376 1.5376 0.1039 0.0731 0.0592 0.0563 0.0563 0.0563 0.0563 0.0563 0.0563 0.0563 0.0819  
43825 12 0.9522 0.9505 0.0021 0.0021 11001176.4966 27019.9585 4931251141.8039 1186256.3957 810422.4986 272332464.0115 4207946223.8649 4295100913.1593 2173189014.1929 1459418626.1398 836372462.8699 354282335.6445 116644937.3048 46115544.3551 589.6212 0.2167 0.0025 0.0020 0.0020 0.0022 0.0023 0.0023 0.0023 0.0024 0.0025 0.0021 0.0186 0.1361 0.2771 0.3810 0.4348 0.4710 0.5140 0.5477 0.5643 0.5692 1.1640 0.1765 0.0762 0.0735 0.0717 0.0675 0.0660 0.0659 0.0658 0.0656 0.0651 0.0659  
43825 15 1.0142 1.0006 0.0003 0.0004 4975816.4224 0.0000 1825436771.0627 734780.2340 1532293367.9000 16345224075.8592 25976540450.6932 11237160897.4380 2206862221.0498 1015596594.5489 949494114.4527 946465556.3446 944760035.4897 942461977.3537 0.0000 0.0651 0.0003 0.0003 0.0004 0.0004 0.0004 0.0004 0.0004 0.0004 0.0004 0.0000 0.0045 0.0338 0.0594 0.0852 0.1005 0.1025 0.1026 0.1027 0.1028 0.1030 1.6453 0.2874 0.1850 0.1612 0.1593 0.1491 0.1351 0.1334 0.1333 0.1333 0.1333 0.0000  
43825 29 0.8727 0.9160 0.0169 0.0199 27520334.0232 993152.6333 81891203.3174 84120.0437 24514.3785 20385192.2628 328837623.3497 554674089.6430 457340551.9102 286018161.5488 158080534.0818 70067939.3460 33862710.1330 21978219.6297 41.5051 5.9905 0.5034 0.0200 0.0126 0.0144 0.0311 0.0952 0.2824 0.5263 0.6593 0.0335 0.0010 0.0098 0.0322 0.0674 0.1121 0.1625 0.2158 0.2678 0.3130 0.3562 2.5550 0.2720 0.0950 0.0834 0.0768 0.0675 0.0604 0.0556 0.0519 0.0482 0.0466 0.0555  
43825 30 0.7374 1.0969 0.0100 0.0353 77666383.2982 657556.2411 372085362.1842 77632.1396 5488965.3363 79641885.1952 107054670.1989 92905442.9692 65743104.1913 43061341.9009 39095419.8993 38878840.3116 38877434.8445 38877434.8445 0.0000 0.0210 0.2712 0.7387 0.3145 0.0699 0.0227 0.0157 0.0153 0.0153 0.0153 0.0114 0.0091 0.1152 0.3955 0.8326 1.2540 1.4215 1.4449 1.4461 1.4461 1.4461 1.4461 0.1840 0.1324 0.0948 0.0711 0.0620 0.0573 0.0563 0.0563 0.0563 0.0563 0.2740  
43825 35 0.7668 0.8350 0.3427 0.3651 9538146.7132 3198.6756 54060036.8511 10419.2013 219552.3538 3477257.5837 14245897.4881 25141646.5517 21073964.2048 13616596.2272 10757031.1409 10197991.9223 9983151.4065 9776674.9308 0.0166 0.4048 1.4506 0.6792 0.3254 0.3008 0.1608 0.0456 0.0177 0.0149 0.0147 0.6117 0.0144 0.1174 0.2537 0.3547 0.4241 0.4832 0.5056 0.5109 0.5153 0.5202 1.4702 0.1364 0.1076 0.0800 0.0743 0.0721 0.0690 0.0665 0.0659 0.0658 0.0658 0.1341  
43825 36 0.8746 0.8678 0.0547 0.0964 94345540.1589 625068.3401 144409700.1545 589879.5541 19696195789.7445 20668548243.0117 4754725003.2180 4665313301.5468 4481775156.0812 4069548958.0840 3412528726.1250 2665326462.6075 1949282164.9199 1491202387.4808 3021.5534 0.0951 0.0956 0.1296 0.1320 0.1320 0.1320 0.1320 0.1320 0.1320 0.1320 0.1320 0.0007 0.0051 0.0076 0.0077 0.0083 0.0095 0.0114 0.0137 0.0158 0.0172 1.4359 0.1946 0.1872 0.1347 0.1338 0.1338 0.1338 0.1338 0.1338 0.1338 0.1338 0.1338  
52609 4 0.9557 0.9837 0.0294 0.0287 20396853.7375 15951112.8844 858818671.9389 115927.2391 202435.6766 17154286.3658 60750523.3940 70869328.1575 71054549.2934 71055278.7520 71055278.7520 71055278.7520 71055278.7520 71055278.7520 0.3254 0.1286 0.0344 0.0294 0.0275 0.0275 0.0275 0.0275 0.0275 0.0275 0.0275 0.0314 0.0538 0.6101 1.3851 1.5351 1.5375 1.5376 1.5376 1.5376 1.5376 1.5376 1.5376 0.1040 0.0705 0.0580 0.0563 0.0563 0.0563 0.0563 0.0563 0.0563 0.0563 0.0814  
52609 12 0.9469 0.9514 0.0021 0.0020 10905301.9751 26653.0485 4780389654.7644 1129588.3854 937253.8956 176607450.5854 3071547546.8055 3678398777.8571 2463051123.1152 1777118084.6485 1021080906.5310 431658816.1887 141114227.3398 54882480.5261 719.9012 0.2316 0.0033 0.0020 0.0021 0.0022 0.0022 0.0022 0.0023 0.0023 0.0024 0.0021 0.0186 0.1361 0.2771 0.3810 0.4348 0.4710 0.5140 0.5477 0.5643 0.5692 1.1640 0.1834 0.0747 0.0731 0.0708 0.0669 0.0659 0.0659 0.0658 0.0657 0.0653 0.0659  
52609 15 1.0358 1.0271 0.0002 0.0003 4648119.1876 0.0000 1858539517.4212 745231.8213 2109386778.5376 16236979761.4642 27656357659.9438 11893993635.9360 2216668905.0969 940052192.6875 869250489.0908 866149579.4133 864588781.2169 862485725.7300 0.0000 0.0671 0.0003 0.0003 0.0004 0.0004 0.0004 0.0004 0.0004 0.0004 0.0004 0.0000 0.0045 0.0338 0.0594 0.0852 0.1005 0.1025 0.1026 0.1027 0.1028 0.1030 1.6453 0.2935 0.1833 0.1611 0.1596 0.1502 0.1354 0.1334 0.1333 0.1333 0.1333 0.0000  
52609 29 0.7831 0.9197 0.0189 0.0204 20625179.2608 753613.5540 64584212.5313 73408.4668 13257.3188 17444561.3703 284201803.0397 500279439.0569 430901212.3952 267612993.7571 139283679.8948 49870621.6851 15832296.6812 8187000.2646 38.5895 6.0700 0.3433 0.0170 0.0136 0.0168 0.0341 0.0930 0.3030 0.7179 0.9434 0.0398 0.0010 0.0098 0.0322 0.0674 0.1121 0.1625 0.2158 0.2678 0.3130 0.3562 2.5550 0.2883 0.0919 0.0832 0.0763 0.0673 0.0605 0.0561 0.0533 0.0494 0.0473 0.0556  
52609 30 1.2751 1.0856 0.0284 0.0356 77588382.0633 58976.6868 441732483.6658 57247.6524 5527617.9778 82739005.6780 117365580.5609 88759439.9244 62584297.6905 53121523.5035 52016071.2292 51975952.6102 51975750.6695 51975750.6695 0.0000 0.0245 0.2463 0.6822 0.3585 0.0672 0.0223 0.0173 0.0171 0.0171 0.0171 0.0157 0.0091 0.1152 0.3955 0.8326 1.2540 1.4215 1.4449 1.4461 1.4461 1.4461 1.4461 0.1835 0.1310 0.0957 0.0722 0.0610 0.0569 0.0563 0.0563 0.0563 0.0563 0.2740  
52609 35 0.7803 0.8642 0.4330 0.4838 8046225.1691 2576.1951 48752548.4435 7989.3144 306527.8217 3847625.5938 9262136.3070 17683269.7042 15871048.6805 11515519.3729 9830786.9742 9479894.8998 9295190.2129 9103816.1348 0.0232 0.4026 1.5982 1.0810 0.3824 0.3302 0.1616 0.0446 0.0188 0.0163 0.0161 0.6231 0.0144 0.1174 0.2537 0.3547 0.4241 0.4832 0.5056 0.5109 0.5153 0.5202 1.4702 0.1356 0.1113 0.0807 0.0741 0.0718 0.0686 0.0664 0.0659 0.0658 0.0658 0.1341  
52609 36 0.8631 0.8719 0.0543 0.0946 82890229.4158 680695.3858 122755740.1866 515921.3483 15443517499.8213 16442667649.2341 4129479513.0460 4056681441.4512 3897080298.7830 3538616546.9308 2967284742.7094 2317532426.8372 1694874462.0304 1296537343.9382 2627.3657 0.0934 0.0941 0.1267 0.1289 0.1289 0.1289 0.1289 0.1289 0.1289 0.1289 0.1289 0.0007 0.0051 0.0076 0.0077 0.0083 0.0095 0.0114 0.0137 0.0158 0.0172 1.4359 0.1946 0.1864 0.1345 0.1338 0.1338 0.1338 0.1338 0.1338 0.1338 0.1338 0.1338  
61369 4 1.2051 1.0843 0.0251 0.0241 17996869.5969 15584364.2485 909044319.0110 110791.1736 620206.6634 46819554.8769 83066457.8292 73850742.8743 73585351.9577 73584379.5435 73584379.5435 73584379.5435 73584379.5435 73584379.5435 1.0127 0.1153 0.0272 0.0241 0.0231 0.0230 0.0230 0.0230 0.0230 0.0230 0.0230 0.0238 0.0538 0.6101 1.3851 1.5351 1.5375 1.5376 1.5376 1.5376 1.5376 1.5376 1.5376 0.1042 0.0739 0.0595 0.0563 0.0563 0.0563 0.0563 0.0563 0.0563 0.0563 0.0815  
61369 12 0.9402 0.9519 0.0021 0.0021 10851970.2736 32835.5378 4570048718.4033 1069642.2988 1124297.8167 130921845.3176 2360094742.1498 3223274623.3857 2555445899.7353 1905259177.8195 1095944143.0710 462918677.9553 150880671.9868 58269904.4373 772.7125 0.2237 0.0041 0.0020 0.0021 0.0023 0.0023 0.0023 0.0023 0.0024 0.0025 0.0021 0.0186 0.1361 0.2771 0.3810 0.4348 0.4710 0.5140 0.5477 0.5643 0.5692 1.1640 0.1831 0.0747 0.0729 0.0701 0.0666 0.0659 0.0659 0.0658 0.0657 0.0654 0.0659  
61369 15 1.0288 1.0206 0.0002 0.0002 4163482.6969 0.0000 1899330811.7483 771902.8947 2600982444.6152 16004671609.1352 29066999335.1820 12447484034.8078 2225613721.3588 877164402.1381 802407598.2945 799245123.8828 797804884.7818 795864273.4010 0.0000 0.0637 0.0002 0.0002 0.0002 0.0002 0.0002 0.0002 0.0002 0.0002 0.0002 0.0000 0.0045 0.0338 0.0594 0.0852 0.1005 0.1025 0.1026 0.1027 0.1028 0.1030 1.6453 0.2934 0.1825 0.1610 0.1597 0.1511 0.1357 0.1334 0.1333 0.1333 0.1333 0.0000  
61369 29 0.7512 0.9250 0.0213 0.0244 14906307.9053 635358.4110 54150586.6500 57484.0096 19905.8880 15098723.5027 246914244.6374 449582128.8376 400489754.0222 248854932.6615 125261934.3625 38261341.0247 6690162.4620 1774780.4074 35.8617 6.0848 0.4886 0.0198 0.0164 0.0222 0.0399 0.0810 0.2395 0.8285 1.4899 0.0511 0.0010 0.0098 0.0322 0.0674 0.1121 0.1625 0.2158 0.2678 0.3130 0.3562 2.5550 0.2967 0.0957 0.0831 0.0759 0.0672 0.0606 0.0565 0.0548 0.0520 0.0491 0.0555  
61369 30 1.2598 1.0812 0.0035 0.0220 57224661.0866 1446735.8259 506782534.1220 72994.5026 5015895.8073 86019880.2511 131841514.1053 96151064.0418 70602468.4347 61323410.9497 60048510.5261 59988167.6103 59987808.1218 59987808.1218 0.0000 0.0132 0.1670 0.5024 0.2280 0.0411 0.0122 0.0098 0.0097 0.0097 0.0097 0.0063 0.0091 0.1152 0.3955 0.8326 1.2540 1.4215 1.4449 1.4461 1.4461 1.4461 1.4461 0.1826 0.1309 0.0954 0.0717 0.0607 0.0568 0.0563 0.0563 0.0563 0.0563 0.2740  
61369 35 0.6419 0.8619 0.5857 0.7091 7988106.1436 2517.9623 51715539.9983 6234.2026 339939.5663 4117003.1560 7083749.0514 11282737.0252 10866615.2529 9454689.7988 8896508.3218 8745554.9956 8590681.1873 8414908.6217 0.0274 0.3847 1.8665 1.7122 0.5457 0.4301 0.1858 0.0507 0.0238 0.0213 0.0210 0.5877 0.0144 0.1174 0.2537 0.3547 0.4241 0.4832 0.5056 0.5109 0.5153 0.5202 1.4702 0.1356 0.1122 0.0826 0.0743 0.0713 0.0680 0.0663 0.0659 0.0658 0.0658 0.1341  
61369 36 0.8543 0.8641 0.0541 0.0941 71446788.8307 545127.1032 109667616.6601 445284.9743 11850451104.6509 12843907496.6967 3553174518.2509 3494735595.3622 3357237877.9230 3048418361.7440 2556211240.4341 1996444193.3869 1460019156.0719 1116848401.7719 2263.4144 0.0932 0.0939 0.1273 0.1291 0.1291 0.1291 0.1291 0.1291 0.1291 0.1291 0.1291 0.0007 0.0051 0.0076 0.0077 0.0083 0.0095 0.0114 0.0137 0.0158 0.0172 1.4359 0.1946 0.1856 0.1345 0.1338 0.1338 0.1338 0.1338 0.1338 0.1338 0.1338 0.1338  
70129 4 0.9656 0.9920 0.0278 0.0267 21261853.0652 15983803.2742 918380111.6819 133509.9204 181739.5678 24466598.8086 73624839.9487 77193943.4293 77174591.5817 77174383.0833 77174383.0833 77174383.0833 77174383.0833 77174383.0833 0.3176 0.1378 0.0340 0.0284 0.0257 0.0256 0.0256 0.0256 0.0256 0.0256 0.0256 0.0320 0.0538 0.6101 1.3851 1.5351 1.5375 1.5376 1.5376 1.5376 1.5376 1.5376 1.5376 0.1037 0.0696 0.0586 0.0563 0.0563 0.0563 0.0563 0.0563 0.0563 0.0563 0.0812  
70129 12 0.9387 0.9523 0.0022 0.0021 10755975.8293 32758.6862 4340668327.8973 1005660.6617 1577995.2436 105203088.7451 1881547645.6754 2872614791.3149 2547696495.4002 1934839169.3692 1113651389.2271 470187239.3757 153003707.3372 58865829.0762 785.2183 0.2164 0.0053 0.0021 0.0022 0.0024 0.0024 0.0024 0.0024 0.0024 0.0025 0.0022 0.0186 0.1361 0.2771 0.3810 0.4348 0.4710 0.5140 0.5477 0.5643 0.5692 1.1640 0.1831 0.0756 0.0727 0.0695 0.0664 0.0659 0.0659 0.0659 0.0657 0.0654 0.0659  
70129 15 1.0607 1.0324 0.0004 0.0003 4759839.1941 0.0000 1980250516.1918 794146.8878 2108199547.4157 16709651449.7470 31226492796.3739 13314501313.4118 2293492212.2223 839624754.9198 759050029.9517 755743810.4334 754381959.6305 752546970.4506 0.0000 0.0583 0.0003 0.0003 0.0004 0.0004 0.0004 0.0004 0.0004 0.0004 0.0004 0.0000 0.0045 0.0338 0.0594 0.0852 0.1005 0.1025 0.1026 0.1027 0.1028 0.1030 1.6453 0.2940 0.1821 0.1610 0.1599 0.1519 0.1360 0.1334 0.1333 0.1333 0.1333 0.0000  
70129 29 0.3833 0.9307 0.0233 0.0288 7897245.5656 294550.7873 49291653.9320 43182.2276 26075.4799 12710895.5561 209739798.4905 400488015.3381 372581825.9343 232317969.2363 115767396.6758 34169748.1419 4884425.3991 732427.9354 33.3019 5.6581 0.5277 0.0261 0.0213 0.0260 0.0424 0.0610 0.0976 0.3015 0.8813 0.0585 0.0010 0.0098 0.0322 0.0674 0.1121 0.1625 0.2158 0.2678 0.3130 0.3562 2.5550 0.2944 0.0960 0.0830 0.0755 0.0670 0.0607 0.0567 0.0556 0.0552 0.0543 0.0556  
70129 30 1.0936 0.9827 0.0033 0.0270 72967062.1664 1031574.1957 558337256.5812 91957.5249 3768471.2205 70090889.1316 95906234.0606 87667473.5356 74288525.6700 68646326.6930 68369764.3045 68400646.4974 68400977.7805 68400977.7805 0.0000 0.0215 0.2520 0.7147 0.3135 0.0536 0.0157 0.0129 0.0128 0.0128 0.0128 0.0116 0.0091 0.1152 0.3955 0.8326 1.2540 1.4215 1.4449 1.4461 1.4461 1.4461 1.4461 0.1786 0.1307 0.0945 0.0707 0.0606 0.0568 0.0563 0.0563 0.0563 0.0563 0.2740  
70129 35 1.1917 1.0051 0.4351 0.7789 6232964.3010 3217.5778 43389236.0474 4001.4316 652082.5897 7910035.9750 10329017.0784 10134277.1423 8983545.2810 8393108.5897 8167480.8294 8078310.7317 7939700.1685 7777478.1459 0.0574 0.3941 1.9613 2.1120 0.5233 0.3511 0.1406 0.0407 0.0223 0.0206 0.0205 0.5879 0.0144 0.1174 0.2537 0.3547 0.4241 0.4832 0.5056 0.5109 0.5153 0.5202 1.4702 0.1349 0.1126 0.0855 0.0757 0.0708 0.0676 0.0662 0.0659 0.0658 0.0658 0.1341  
70129 36 0.8751 1.0025 0.0543 0.0937 62019042.3556 468583.1759 94670268.3396 380424.9941 13445592368.5481 14028513191.4811 3108730344.6927 3048609322.0796 2928659457.1922 2659252372.2820 2229862133.6306 1741534160.5201 1273569222.9895 974194903.2978 1974.4752 0.0930 0.0936 0.1203 0.1270 0.1270 0.1270 0.1270 0.1270 0.1270 0.1270 0.1270 0.0007 0.0051 0.0076 0.0077 0.0083 0.0095 0.0114 0.0137 0.0158 0.0172 1.4359 0.1946 0.1874 0.1347 0.1338 0.1338 0.1338 0.1338 0.1338 0.1338 0.1338 0.1338  
78889 4 0.9862 0.9898 0.0245 0.0238 18261819.4678 14694878.7230 912598954.8577 128923.3526 164498.0922 17678672.2598 67015100.3849 77611619.4254 77792452.4099 77793140.6303 77793140.6303 77793140.6303 77793140.6303 77793140.6303 0.2507 0.1365 0.0287 0.0241 0.0228 0.0228 0.0228 0.0228 0.0228 0.0228 0.0228 0.0253 0.0538 0.6101 1.3851 1.5351 1.5375 1.5376 1.5376 1.5376 1.5376 1.5376 1.5376 0.1045 0.0702 0.0579 0.0563 0.0563 0.0563 0.0563 0.0563 0.0563 0.0563 0.0815  
78889 12 0.9377 0.9534 0.0024 0.0022 10752683.3190 44622.6687 4116420457.0565 943993.0681 3363595.5801 91323428.2504 1489430572.7051 2567954820.2436 2515616083.6222 1938338130.0954 1116200722.0696 471100366.4978 153110318.8613 58733108.4007 787.0477 0.2123 0.0086 0.0022 0.0024 0.0025 0.0025 0.0025 0.0025 0.0025 0.0026 0.0024 0.0186 0.1361 0.2771 0.3810 0.4348 0.4710 0.5140 0.5477 0.5643 0.5692 1.1640 0.1852 0.0791 0.0726 0.0690 0.0663 0.0659 0.0659 0.0659 0.0657 0.0655 0.0659  
78889 15 0.9576 0.9604 0.0002 0.0002 4201498.5099 0.0000 1914420691.6819 842374.4582 982236060.2243 14112139970.9465 31263719265.4921 13331721494.8824 2260899696.9998 800462151.2752 719533978.5964 716254712.2698 714964020.4262 713224912.4692 0.0000 0.0624 0.0002 0.0002 0.0002 0.0002 0.0002 0.0002 0.0002 0.0002 0.0002 0.0000 0.0045 0.0338 0.0594 0.0852 0.1005 0.1025 0.1026 0.1027 0.1028 0.1030 1.6453 0.2923 0.1742 0.1610 0.1600 0.1525 0.1362 0.1334 0.1333 0.1333 0.1333 0.0000  
78889 29 0.6148 0.9379 0.0204 0.0302 4249979.0414 254480.1488 46229101.9004 16553.1987 623567.8276 12446785.8653 178095357.4936 357453010.9310 348172585.1770 218974219.5070 109058671.6376 32169893.5586 4588636.6852 682060.3191 31.3629 2.3525 0.6336 0.0496 0.0231 0.0199 0.0285 0.0366 0.0398 0.0475 0.0780 0.0388 0.0010 0.0098 0.0322 0.0674 0.1121 0.1625 0.2158 0.2678 0.3130 0.3562 2.5550 0.2352 0.1149 0.0830 0.0750 0.0668 0.0607 0.0567 0.0557 0.0555 0.0555 0.0556  
78889 30 0.8839 0.9388 0.0222 0.0345 90689503.9327 52352.1337 589164778.4354 100563.0456 3803897.2620 57083666.4503 49377694.6497 60897349.2928 70857499.2314 74073914.1113 74869759.5651 74939398.4337 74939936.5223 74939936.5223 0.0000 0.0357 0.4805 1.2910 0.4481 0.0641 0.0219 0.0188 0.0187 0.0187 0.0187 0.0157 0.0091 0.1152 0.3955 0.8326 1.2540 1.4215 1.4449 1.4461 1.4461 1.4461 1.4461 0.1768 0.1334 0.0966 0.0694 0.0598 0.0567 0.0563 0.0563 0.0563 0.0563 0.2740  
78889 35 1.5846 0.9371 0.1853 0.6074 4001233.7083 195108.6901 35031756.5606 4768.4177 382454.9992 5437574.7488 10203750.0272 9649549.3452 8352336.9110 7781504.8881 7566786.4882 7483172.8041 7354625.4488 7204278.8531 0.0334 0.3992 1.9329 1.7402 0.3350 0.2350 0.0908 0.0294 0.0186 0.0175 0.0175 0.6067 0.0144 0.1174 0.2537 0.3547 0.4241 0.4832 0.5056 0.5109 0.5153 0.5202 1.4702 0.1334 0.1116 0.0849 0.0759 0.0706 0.0673 0.0661 0.0659 0.0658 0.0658 0.1341  
78889 36 0.8674 0.8825 0.0538 0.0934 53484467.4659 387204.7837 79028952.2476 332911.3344 11103845761.2892 11629559693.9737 2642433601.2246 2592279336.6335 2490281451.9191 2261194467.8520 1896067786.7646 1480824131.8242 1082895932.4439 828326680.7152 1678.9269 0.0928 0.0933 0.1248 0.1276 0.1276 0.1276 0.1276 0.1276 0.1276 0.1276 0.1276 0.0007 0.0051 0.0076 0.0077 0.0083 0.0095 0.0114 0.0137 0.0158 0.0172 1.4359 0.1946 0.1871 0.1346 0.1338 0.1338 0.1338 0.1338 0.1338 0.1338 0.1338 0.1338  
87673 4 1.0041 0.9966 0.0244 0.0233 18088123.8418 14306667.8399 905816447.8901 127147.8614 207696.8249 19351662.6650 67400454.2516 76898724.9034 77051883.8503 77052449.7488 77052449.7488 77052449.7488 77052449.7488 77052449.7488 0.3327 0.1258 0.0282 0.0238 0.0226 0.0226 0.0226 0.0226 0.0226 0.0226 0.0226 0.0253 0.0538 0.6101 1.3851 1.5351 1.5375 1.5376 1.5376 1.5376 1.5376 1.5376 1.5376 0.1046 0.0713 0.0579 0.0563 0.0563 0.0563 0.0563 0.0563 0.0563 0.0563 0.0815  
87673 12 0.9389 0.9540 0.0025 0.0024 10736102.0380 49377.3797 3907457815.8798 885193.6619 4513703.0700 75729354.3036 1129922731.8301 2289093552.2695 2485762792.7882 1941105820.9009 1118279919.2611 471825510.9424 153168028.3370 58592761.5238 788.5271 0.2083 0.0122 0.0022 0.0025 0.0026 0.0026 0.0026 0.0026 0.0027 0.0028 0.0025 0.0186 0.1361 0.2771 0.3810 0.4348 0.4710 0.5140 0.5477 0.5643 0.5692 1.1640 0.1833 0.0826 0.0723 0.0685 0.0662 0.0659 0.0659 0.0659 0.0658 0.0655 0.0659  
87673 15 0.9549 0.9747 0.0001 0.0001 3689269.0303 0.0000 1836640399.2214 806668.9853 1290278455.1736 13693607108.5877 29840590486.8805 12728356192.6329 2165789191.4611 772399237.4204 695184258.3665 692047069.7324 690799999.9066 689119669.2625 0.0000 0.0751 0.0001 0.0001 0.0001 0.0001 0.0001 0.0001 0.0001 0.0001 0.0001 0.0000 0.0045 0.0338 0.0594 0.0852 0.1005 0.1025 0.1026 0.1027 0.1028 0.1030 1.6453 0.2990 0.1740 0.1609 0.1600 0.1525 0.1362 0.1334 0.1333 0.1333 0.1333 0.0000  
87673 29 0.8432 0.9333 0.0299 0.0442 5439293.7827 284773.0838 42682236.2046 10176.5068 871945.0409 11789697.8642 152466749.9260 318370408.0835 320997851.7552 203208083.6500 101202540.7600 29848215.8083 4257072.9846 632579.0830 29.0993 2.0451 0.7836 0.0828 0.0281 0.0271 0.0413 0.0536 0.0575 0.0627 0.0818 0.0572 0.0010 0.0098 0.0322 0.0674 0.1121 0.1625 0.2158 0.2678 0.3130 0.3562 2.5550 0.2440 0.1237 0.0832 0.0745 0.0667 0.0607 0.0567 0.0557 0.0555 0.0555 0.0556  
87673 30 1.0726 0.9300 0.0219 0.0297 67147140.7692 52435.8551 591550324.5931 88884.0964 2575797.4358 39615857.9816 27186344.4463 32311273.3217 60501632.9138 76355486.6454 79032914.7283 79191878.1405 79192967.5939 79192967.5939 0.0000 0.0410 0.5943 1.6080 0.4732 0.0489 0.0207 0.0186 0.0185 0.0185 0.0185 0.0161 0.0091 0.1152 0.3955 0.8326 1.2540 1.4215 1.4449 1.4461 1.4461 1.4461 1.4461 0.1763 0.1340 0.1006 0.0674 0.0585 0.0565 0.0563 0.0563 0.0563 0.0563 0.2740  
87673 35 0.8837 0.8568 0.1654 0.6478 4768174.8392 158614.6946 30850563.8648 7556.0887 196910.5349 2781556.0611 5418024.8917 7278028.5312 7270746.3451 7051668.0350 6954990.1910 6895459.1339 6778496.1695 6639930.5459 0.0161 0.3983 1.9230 1.6968 0.4315 0.3429 0.1267 0.0404 0.0253 0.0238 0.0237 0.6207 0.0144 0.1174 0.2537 0.3547 0.4241 0.4832 0.5056 0.5109 0.5153 0.5202 1.4702 0.1332 0.1115 0.0836 0.0750 0.0703 0.0672 0.0661 0.0659 0.0658 0.0658 0.1341  
87673 36 0.8141 0.8691 0.0538 0.0932 44265885.4258 424709.2605 66184049.8269 288769.1247 9058267116.2765 9496055592.3938 2170765365.6494 2129749024.9151 2045949181.8934 1857734952.1927 1557752666.8237 1216595071.2749 889663579.1561 680513522.8216 1379.3627 0.0925 0.0931 0.1256 0.1277 0.1277 0.1277 0.1277 0.1277 0.1277 0.1277 0.1277 0.0007 0.0051 0.0076 0.0077 0.0083 0.0095 0.0114 0.0137 0.0158 0.0172 1.4359 0.1946 0.1870 0.1346 0.1338 0.1338 0.1338 0.1338 0.1338 0.1338 0.1338 0.1338  
96433 4 0.9872 0.9951 0.0242 0.0233 18000048.6331 14680533.9410 898561336.5122 127669.0264 179387.9287 18801503.0693 67512250.2202 76360596.1279 76488513.3386 76488947.9885 76488947.9885 76488947.9885 76488947.9885 76488947.9885 0.2615 0.1377 0.0281 0.0238 0.0229 0.0228 0.0228 0.0228 0.0228 0.0228 0.0228 0.0261 0.0538 0.6101 1.3851 1.5351 1.5375 1.5376 1.5376 1.5376 1.5376 1.5376 1.5376 0.1049 0.0708 0.0580 0.0563 0.0563 0.0563 0.0563 0.0563 0.0563 0.0563 0.0814  
96433 12 0.9384 0.9552 0.0026 0.0025 10764419.8342 53356.5504 3700771040.0206 831098.6153 5863348.1248 73629898.8242 888254910.2320 2068138056.1530 2412445959.9679 1899783868.7381 1094770526.7119 461813864.0850 149809852.1218 57209308.3466 771.9756 0.1988 0.0154 0.0023 0.0027 0.0027 0.0028 0.0028 0.0028 0.0028 0.0029 0.0026 0.0186 0.1361 0.2771 0.3810 0.4348 0.4710 0.5140 0.5477 0.5643 0.5692 1.1640 0.1836 0.0879 0.0721 0.0680 0.0661 0.0659 0.0659 0.0659 0.0658 0.0655 0.0660  
96433 15 0.9804 0.9880 0.0002 0.0001 3602097.9372 0.0000 1782119830.1259 770260.6992 1936883012.2356 13767922382.5772 28767747486.9664 12260918560.6093 2078221575.0844 734943460.9223 660507843.7208 657492918.6871 656308115.4211 654711684.1759 0.0000 0.0634 0.0001 0.0001 0.0001 0.0001 0.0001 0.0001 0.0001 0.0001 0.0001 0.0000 0.0045 0.0338 0.0594 0.0852 0.1005 0.1025 0.1026 0.1027 0.1028 0.1030 1.6453 0.2947 0.1764 0.1610 0.1600 0.1525 0.1362 0.1334 0.1333 0.1333 0.1333 0.0000  
96433 29 0.9860 0.9279 0.0337 0.0506 6528828.8295 272913.6619 38735296.7255 8580.8533 503405.9186 9516956.6342 130536591.7739 284441813.5974 294652726.7729 185366880.8918 91405736.7717 26884560.6235 3832933.5075 569648.1115 26.1989 2.0059 0.8031 0.0908 0.0288 0.0304 0.0533 0.0729 0.0787 0.0831 0.0981 0.0788 0.0010 0.0098 0.0322 0.0674 0.1121 0.1625 0.2158 0.2678 0.3130 0.3562 2.5550 0.2397 0.1204 0.0830 0.0741 0.0666 0.0607 0.0568 0.0557 0.0555 0.0555 0.0556  
96433 30 0.9113 1.0427 0.0211 0.0284 79499270.0372 54124.0340 570344240.3893 95334.6511 5023579.7004 74872730.3164 43967935.6368 25182538.2609 52645278.9407 74277333.9165 78165635.9091 78397299.7947 78398879.2968 78398879.2968 0.0000 0.0337 0.4918 1.5699 0.7790 0.0465 0.0198 0.0187 0.0186 0.0186 0.0186 0.0155 0.0091 0.1152 0.3955 0.8326 1.2540 1.4215 1.4449 1.4461 1.4461 1.4461 1.4461 0.1781 0.1364 0.1059 0.0701 0.0576 0.0564 0.0563 0.0563 0.0563 0.0563 0.2740  
96433 35 0.2342 0.8118 0.7746 1.1439 6686591.1549 2130.1638 24281629.8950 6677.2933 191280.4280 2184492.1212 2108151.4722 3296567.8204 4521262.3994 5730483.3545 6172387.0039 6210537.7587 6113492.9017 5989171.1121 0.0160 0.4003 2.1069 2.7894 1.0162 0.6351 0.2175 0.0708 0.0459 0.0436 0.0434 0.6034 0.0144 0.1174 0.2537 0.3547 0.4241 0.4832 0.5056 0.5109 0.5153 0.5202 1.4702 0.1345 0.1133 0.0846 0.0743 0.0698 0.0670 0.0661 0.0659 0.0658 0.0658 0.1341  
96433 36 0.2622 0.9783 0.0143 0.0245 328137.2090 261681.4422 60271785.8540 235073.2838 9251100896.9354 9549382585.1360 1964661171.4235 1924462909.7999 1848739513.4361 1678664961.9500 1407594316.9582 1099316748.6585 803894202.8713 614901574.1857 1246.4063 0.0011 0.0016 0.0311 0.0352 0.0352 0.0352 0.0352 0.0352 0.0352 0.0353 0.0352 0.0007 0.0051 0.0076 0.0077 0.0083 0.0095 0.0114 0.0137 0.0158 0.0172 1.4359 0.1941 0.1873 0.1343 0.1334 0.1334 0.1334 0.1333 0.1333 0.1333 0.1333 0.1334  
