8761 4 0.8010 0.8147 0.1498 0.1821 24355357.2242 22993561.3159 250519931.2650 28276.2541 436881.9927 31945893.4948 31192815.9537 12342562.1019 11847652.9374 11845535.2401 11845535.2401 11845535.2401 11845535.2401 11845535.2401 0.6081 0.3996 0.2267 0.2120 0.1977 0.1965 0.1965 0.1965 0.1965 0.1965 0.1965 0.2107 0.0538 0.6101 1.3851 1.5351 1.5375 1.5376 1.5376 1.5376 1.5376 1.5376 1.5376 0.1032 0.0750 0.0635 0.0567 0.0563 0.0563 0.0563 0.0563 0.0563 0.0563 0.0824  
8761 12 1.6060 0.6930 0.0178 0.0305 16617115.2167 3816727.2201 1232577613.8601 42406.2294 899145736.0165 3960445916.0846 1598822514.8255 322327075.6474 93453160.8731 55788571.2452 34633489.9676 18575908.7382 10660114.4861 8309890.4098 41.8096 0.5611 0.0193 0.0270 0.0416 0.0466 0.0479 0.0487 0.0506 0.0534 0.0551 0.0341 0.0186 0.1361 0.2771 0.3810 0.4348 0.4710 0.5140 0.5477 0.5643 0.5692 1.1640 0.1878 0.1147 0.0849 0.0732 0.0674 0.0657 0.0651 0.0638 0.0620 0.0608 0.1415  
8761 15 0.0039 0.6902 0.0008 0.0017 5999530.4007 0.0000 1180253643.0167 2328.7215 1719339947.0014 13671940533.0780 6981486257.1708 3664682439.9023 1771404693.1273 1521612581.0786 1507426896.5953 1505516527.8945 1502805371.8234 1499152297.2491 0.0000 0.8810 0.0022 0.0017 0.0018 0.0018 0.0018 0.0018 0.0020 0.0024 0.0028 0.0000 0.0045 0.0338 0.0594 0.0852 0.1005 0.1025 0.1026 0.1027 0.1028 0.1030 1.6453 0.2688 0.2033 0.1621 0.1522 0.1375 0.1336 0.1333 0.1333 0.1333 0.1333 0.0000  
8761 29 0.5510 0.6756 0.0431 0.0854 69655061.0393 176926780.7803 173141802.6053 70520.4780 4770986.1153 489687424.4534 949820503.8479 733251687.4703 486017914.1049 330005694.2835 229523354.0000 158574344.6518 128640252.8164 118137375.3241 51.7449 4.2309 0.9707 0.1723 0.0570 0.0452 0.0813 0.2666 0.5700 0.7515 0.8211 0.0517 0.0010 0.0098 0.0322 0.0674 0.1121 0.1625 0.2158 0.2678 0.3130 0.3562 2.5550 0.1505 0.1162 0.1012 0.0811 0.0678 0.0592 0.0536 0.0494 0.0466 0.0448 0.0556  
8761 30 0.0818 0.8879 0.0175 0.0374 21122452.6716 30975.0575 166705031.6022 2557.5668 31.7829 5116.4213 1184571.1022 11130970.7962 20555351.0802 21238946.9223 21012861.4173 20988138.2419 20987951.8388 20987951.8388 0.0000 0.9703 3.4933 0.8768 0.2037 0.0650 0.0305 0.0243 0.0239 0.0239 0.0239 0.0000 0.0091 0.1152 0.3955 0.8326 1.2540 1.4215 1.4449 1.4461 1.4461 1.4461 1.4461 0.1391 0.0889 0.0689 0.0639 0.0596 0.0569 0.0563 0.0563 0.0563 0.0563 0.0000  
8761 35 1.2342 0.4592 0.2748 0.5538 12202625.6832 1816574.8341 102302841.8498 15495.7329 3649144.7530 40973242.9546 62481703.4086 66638234.1053 45412065.9092 22889137.8954 14421040.4102 12874335.0070 12531847.8527 12272728.4551 0.4437 0.4994 1.8677 1.7488 0.2446 0.1858 0.1282 0.0618 0.0420 0.0399 0.0398 0.6620 0.0144 0.1174 0.2537 0.3547 0.4241 0.4832 0.5056 0.5109 0.5153 0.5202 1.4702 0.1349 0.1125 0.0838 0.0757 0.0726 0.0698 0.0669 0.0660 0.0658 0.0658 0.1341  
8761 36 1.1275 0.5684 0.0430 0.0998 150800913.3013 1540191.9892 238634393.2009 198901.2198 39861447307.8779 40531766495.0356 7422870887.9685 7256681197.8853 6971288987.9878 6330298825.3715 5308666753.9050 4146806342.7455 3033394937.8354 2321104860.4667 4699.8748 1.1608 0.1331 0.1424 0.1426 0.1426 0.1426 0.1426 0.1426 0.1426 0.1426 0.1426 0.0007 0.0051 0.0076 0.0077 0.0083 0.0095 0.0114 0.0137 0.0158 0.0172 1.4359 0.1898 0.1842 0.1301 0.1289 0.1289 0.1289 0.1289 0.1289 0.1289 0.1289 0.1289  
17545 4 3.6798 1.6535 0.0565 0.0612 16544563.4931 4231774.9556 473541708.5984 11875.1765 749198.3923 49995258.3965 56108319.8284 28473352.0173 27700539.3443 27697095.1941 27697095.1941 27697095.1941 27697095.1941 27697095.1941 1.0246 0.1339 0.0545 0.0503 0.0418 0.0413 0.0413 0.0413 0.0413 0.0413 0.0413 0.0490 0.0538 0.6101 1.3851 1.5351 1.5375 1.5376 1.5376 1.5376 1.5376 1.5376 1.5376 0.1037 0.0745 0.0623 0.0565 0.0563 0.0563 0.0563 0.0563 0.0563 0.0563 0.0825  
17545 12 1.6576 1.7513 0.0091 0.0131 17921303.0526 187826.5186 2953133769.6186 688362.4336 1530193728.3133 7478365026.0038 4618979199.7733 1438472346.4034 285465830.2430 116486158.3090 67313854.5530 31988703.7478 14575372.7835 9406428.4829 86.3081 0.1010 0.0041 0.0081 0.0137 0.0163 0.0174 0.0176 0.0180 0.0189 0.0196 0.0107 0.0186 0.1361 0.2771 0.3810 0.4348 0.4710 0.5140 0.5477 0.5643 0.5692 1.1640 0.1888 0.1084 0.0825 0.0742 0.0694 0.0660 0.0654 0.0646 0.0629 0.0614 0.1434  
17545 15 1.1877 1.1277 0.0002 0.0005 1175007.5258 193509.2299 1258328685.2309 392647.6928 2314916361.5111 16529903473.0357 9966672591.7001 4774052583.7805 1747030051.2127 1347683410.5829 1325273749.1601 1323276376.5533 1320892204.7989 1317679716.7168 0.0000 0.0098 0.0003 0.0004 0.0005 0.0005 0.0005 0.0005 0.0005 0.0005 0.0005 0.0000 0.0045 0.0338 0.0594 0.0852 0.1005 0.1025 0.1026 0.1027 0.1028 0.1030 1.6453 0.2826 0.2001 0.1620 0.1552 0.1399 0.1338 0.1333 0.1333 0.1333 0.1333 0.0000  
17545 29 0.6802 0.8752 0.0318 0.0617 16481190.8100 812720.8566 153798274.1333 97538.3520 2150859.7205 237854682.3064 677530873.7089 705305057.5756 490416647.9604 323085710.8256 215465747.7029 141788147.6625 109442986.2232 96307751.5201 49.4262 2.2647 0.4300 0.1945 0.0301 0.0079 0.0104 0.0285 0.0689 0.1164 0.1599 0.0089 0.0010 0.0098 0.0322 0.0674 0.1121 0.1625 0.2158 0.2678 0.3130 0.3562 2.5550 0.1904 0.1120 0.0959 0.0798 0.0680 0.0597 0.0544 0.0502 0.0469 0.0450 0.0555  
17545 30 2.3896 2.0095 0.0033 0.0066 2547413.5398 1855540.7761 178379372.7437 22895.0034 2690525.4861 77328249.3056 119782781.5134 42925524.6680 19106341.5280 21706651.0384 22630837.2564 22690089.6712 22690500.1622 22690500.1622 0.0000 0.0038 0.0148 0.0527 0.0479 0.0075 0.0034 0.0027 0.0027 0.0027 0.0027 0.0015 0.0091 0.1152 0.3955 0.8326 1.2540 1.4215 1.4449 1.4461 1.4461 1.4461 1.4461 0.1844 0.1294 0.1021 0.0789 0.0591 0.0565 0.0563 0.0563 0.0563 0.0563 0.2740  
17545 35 1.0534 0.7927 0.2305 0.2891 12686752.6328 1255.0583 85925438.9906 13022.6058 328295.8210 6938038.7897 35079098.0520 56064202.3367 42298823.4445 21461870.8390 13536504.9102 12088490.5696 11766767.7492 11522832.9098 0.0358 0.4160 1.3119 0.5473 0.2157 0.2128 0.1365 0.0422 0.0127 0.0096 0.0094 0.6491 0.0144 0.1174 0.2537 0.3547 0.4241 0.4832 0.5056 0.5109 0.5153 0.5202 1.4702 0.1316 0.1044 0.0803 0.0747 0.0726 0.0700 0.0669 0.0660 0.0658 0.0658 0.1341  
17545 36 0.9488 0.8862 0.0533 0.0989 143644886.3627 502753.7652 219409464.5193 810771.1477 30978727311.5085 32226738047.1947 7001402914.5986 6863980834.2678 6593995619.5528 5987609528.3069 5021130610.0531 3921993626.8362 2868690113.7739 2194853257.3097 4445.5430 0.0982 0.0986 0.1302 0.1336 0.1336 0.1336 0.1336 0.1336 0.1336 0.1336 0.1336 0.0007 0.0051 0.0076 0.0077 0.0083 0.0095 0.0114 0.0137 0.0158 0.0172 1.4359 0.1946 0.1878 0.1348 0.1338 0.1338 0.1338 0.1338 0.1338 0.1338 0.1338 0.1338  
26305 4 1.9828 1.3820 0.0270 0.0341 11746876.2110 30195818.8477 681408119.4407 43697.8429 946662.7945 60590611.3227 75865730.8767 49383604.5802 48648617.4472 48645404.5709 48645404.5709 48645404.5709 48645404.5709 48645404.5709 1.3006 0.1036 0.0361 0.0327 0.0287 0.0285 0.0285 0.0285 0.0285 0.0285 0.0285 0.0330 0.0538 0.6101 1.3851 1.5351 1.5375 1.5376 1.5376 1.5376 1.5376 1.5376 1.5376 0.1041 0.0744 0.0616 0.0564 0.0563 0.0563 0.0563 0.0563 0.0563 0.0563 0.0824  
26305 12 1.0010 0.9551 0.0053 0.0063 19332316.4238 243969.7784 3987251822.0234 1141017.1146 84180340.4795 3080245457.9611 6887694161.7799 3216773823.6883 718098484.3603 314787140.6342 178039447.5605 78230966.4640 29031858.1611 14429226.7624 126.9894 0.0854 0.0036 0.0045 0.0063 0.0069 0.0074 0.0076 0.0078 0.0085 0.0094 0.0120 0.0186 0.1361 0.2771 0.3810 0.4348 0.4710 0.5140 0.5477 0.5643 0.5692 1.1640 0.1481 0.0916 0.0795 0.0737 0.0698 0.0661 0.0657 0.0653 0.0642 0.0628 0.0763  
26305 15 1.0906 1.0365 0.0004 0.0005 2965968.4818 0.0000 1379416506.6464 466334.3803 1598342097.4023 14769144005.4016 13843903396.4377 6315982020.6063 1795552688.2973 1199205756.5699 1165943266.5591 1163753497.6184 1161656487.5036 1158830927.6972 0.0000 0.0616 0.0004 0.0004 0.0005 0.0005 0.0005 0.0005 0.0005 0.0005 0.0005 0.0000 0.0045 0.0338 0.0594 0.0852 0.1005 0.1025 0.1026 0.1027 0.1028 0.1030 1.6453 0.2770 0.1950 0.1616 0.1571 0.1427 0.1340 0.1333 0.1333 0.1333 0.1333 0.0000  
26305 29 0.9675 0.8624 0.0325 0.0808 19940411.8659 969388.5865 132104200.7334 66346.7621 399903.2197 63042849.0736 451565992.3124 639751179.4809 475974806.2872 312212625.6009 200638000.3801 123154844.0514 88145876.1250 72852380.9420 47.3948 3.6054 1.0912 0.2715 0.0317 0.0090 0.0140 0.0402 0.1011 0.1721 0.2349 0.0127 0.0010 0.0098 0.0322 0.0674 0.1121 0.1625 0.2158 0.2678 0.3130 0.3562 2.5550 0.2144 0.1073 0.0888 0.0784 0.0678 0.0598 0.0546 0.0504 0.0472 0.0453 0.0556  
26305 30 1.7889 1.2994 0.0037 0.0158 22885174.1216 4626164.3969 237725323.2682 54709.1073 2919430.7228 83406311.1219 182714891.8535 112398991.0204 40452588.7667 25453514.2180 24216387.0634 24169325.2193 24169065.4473 24169065.4473 0.0000 0.0053 0.0177 0.0547 0.1119 0.0353 0.0077 0.0064 0.0064 0.0064 0.0064 0.0036 0.0091 0.1152 0.3955 0.8326 1.2540 1.4215 1.4449 1.4461 1.4461 1.4461 1.4461 0.1855 0.1260 0.0942 0.0769 0.0630 0.0569 0.0563 0.0563 0.0563 0.0563 0.2740  
26305 35 0.8463 0.8702 0.2520 0.2846 10931468.5959 2815.2905 75764031.9534 13717.9361 330433.4465 5000093.2887 22118321.1800 44953253.9065 35924734.2838 19002101.9124 12529687.0076 11338056.8621 11050802.3770 10822184.6640 0.0373 0.4430 1.3853 0.5585 0.2242 0.2175 0.1373 0.0426 0.0140 0.0110 0.0107 0.6565 0.0144 0.1174 0.2537 0.3547 0.4241 0.4832 0.5056 0.5109 0.5153 0.5202 1.4702 0.1333 0.1087 0.0791 0.0740 0.0725 0.0699 0.0669 0.0660 0.0658 0.0658 0.1341  
26305 36 0.9103 0.9250 0.0559 0.0988 130519869.0256 829434.1297 198284867.1882 769276.7659 27407950109.6588 28605425832.5327 6352590328.9116 6229943569.8769 5984874964.3346 5434451512.7064 4557167765.5070 3559468806.0045 2603373401.0459 1991724133.4843 4034.9040 0.0984 0.0988 0.1287 0.1333 0.1333 0.1334 0.1334 0.1334 0.1334 0.1334 0.1333 0.0007 0.0051 0.0076 0.0077 0.0083 0.0095 0.0114 0.0137 0.0158 0.0172 1.4359 0.1946 0.1876 0.1347 0.1338 0.1338 0.1338 0.1338 0.1338 0.1338 0.1338 0.1338  
35065 4 1.0654 1.0597 0.0492 0.0460 35282798.5636 8057189.2644 764820961.7147 86641.9104 421963.8441 28617112.3273 61947651.3596 61347390.3400 61276655.3543 61276336.9504 61276336.9504 61276336.9504 61276336.9504 61276336.9504 0.5814 0.1373 0.0575 0.0500 0.0451 0.0449 0.0449 0.0449 0.0449 0.0449 0.0449 0.0536 0.0538 0.6101 1.3851 1.5351 1.5375 1.5376 1.5376 1.5376 1.5376 1.5376 1.5376 0.1041 0.0726 0.0595 0.0563 0.0563 0.0563 0.0563 0.0563 0.0563 0.0563 0.0821  
35065 12 0.9529 0.9491 0.0028 0.0029 11445618.9945 65200.3926 4234826825.4158 1142151.9451 10243193.8969 1303246093.3290 5837004338.3042 3872599277.9060 1220006013.9079 677307391.8187 385739105.5998 165232859.9962 56538151.7388 24277790.1333 272.0261 0.1427 0.0023 0.0023 0.0028 0.0030 0.0032 0.0032 0.0032 0.0034 0.0038 0.0033 0.0186 0.1361 0.2771 0.3810 0.4348 0.4710 0.5140 0.5477 0.5643 0.5692 1.1640 0.1626 0.0835 0.0766 0.0729 0.0688 0.0660 0.0658 0.0657 0.0652 0.0642 0.0664  
35065 15 1.3363 1.1893 0.0002 0.0004 4741692.7497 0.0000 1627210191.6256 508599.1558 2380337005.6452 18217078987.6212 20031553276.2393 8784966904.1441 1978953732.2197 1081105010.6451 1031205601.1709 1028615159.9202 1026761623.6134 1024264126.0402 0.0000 0.0343 0.0004 0.0004 0.0005 0.0005 0.0005 0.0005 0.0005 0.0005 0.0005 0.0000 0.0045 0.0338 0.0594 0.0852 0.1005 0.1025 0.1026 0.1027 0.1028 0.1030 1.6453 0.2854 0.1953 0.1614 0.1584 0.1458 0.1345 0.1334 0.1333 0.1333 0.1333 0.0000  
35065 29 1.2591 0.9064 0.0168 0.0355 25815216.2013 995655.4060 107188407.4477 64188.9682 73726.3733 26860466.1099 359155342.8862 575557650.4441 458921169.3713 298830509.8840 181651586.9267 99304854.9004 62444523.3660 46804607.0987 44.8341 5.2058 0.6893 0.0856 0.0160 0.0112 0.0218 0.0655 0.1742 0.3000 0.3978 0.0214 0.0010 0.0098 0.0322 0.0674 0.1121 0.1625 0.2158 0.2678 0.3130 0.3562 2.5550 0.2655 0.0983 0.0845 0.0774 0.0675 0.0600 0.0550 0.0509 0.0476 0.0458 0.0556  
35065 30 0.9050 0.9942 0.0025 0.0276 54692549.4266 2413372.5575 332187918.9723 97869.6278 1478647.8749 50888642.1197 130485408.4741 125410865.4868 63401672.6871 36709895.8147 32947628.9089 32741719.3869 32740374.6944 32740374.6944 0.0000 0.0147 0.1298 0.3475 0.2214 0.0606 0.0144 0.0102 0.0100 0.0100 0.0100 0.0084 0.0091 0.1152 0.3955 0.8326 1.2540 1.4215 1.4449 1.4461 1.4461 1.4461 1.4461 0.1824 0.1247 0.0895 0.0724 0.0633 0.0573 0.0563 0.0563 0.0563 0.0563 0.2740  
35065 35 0.8792 0.8916 0.2791 0.3480 8822919.2801 3383.1124 73685111.0391 11609.7790 449852.6857 5403131.7452 18132611.6332 35272630.3742 28666620.6571 16269769.8029 11524372.4145 10636391.1215 10387146.3174 10173184.0320 0.0601 0.4508 1.5993 0.8274 0.2318 0.2147 0.1285 0.0385 0.0135 0.0110 0.0108 0.6408 0.0144 0.1174 0.2537 0.3547 0.4241 0.4832 0.5056 0.5109 0.5153 0.5202 1.4702 0.1346 0.1111 0.0798 0.0740 0.0724 0.0696 0.0668 0.0660 0.0658 0.0658 0.1341  
35065 36 0.9153 0.8867 0.0569 0.0989 122074223.7508 864277.9676 177301310.2375 700278.2161 21058207799.5997 22606571709.4820 5946075720.1070 5844699907.6166 5614763565.6243 5098327138.7414 4275213075.0776 3339119083.4676 2442059749.5778 1868178019.9912 3785.3991 0.0984 0.0990 0.1320 0.1350 0.1350 0.1350 0.1350 0.1350 0.1350 0.1350 0.1350 0.0007 0.0051 0.0076 0.0077 0.0083 0.0095 0.0114 0.0137 0.0158 0.0172 1.4359 0.1946 0.1864 0.1346 0.1338 0.1338 0.1338 0.1338 0.1338 0.1338 0.1338 0.1338  
43825 4 1.2210 1.0662 0.0318 0.0303 18907030.8330 16309186.6095 831168019.6900 92305.5787 550835.7856 28343144.4369 65312629.9798 67944852.1895 67953270.8828 67953281.0066 67953281.0066 67953281.0066 67953281.0066 67953281.0066 0.6241 0.1161 0.0371 0.0298 0.0269 0.0268 0.0268 0.0268 0.0268 0.0268 0.0268 0.0352 0.0538 0.6101 1.3851 1.5351 1.5375 1.5376 1.5376 1.5376 1.5376 1.5376 1.5376 0.1054 0.0736 0.0590 0.0563 0.0563 0.0563 0.0563 0.0563 0.0563 0.0563 0.0822  
43825 12 0.9514 0.9503 0.0024 0.0024 10909179.3658 46281.8398 4319895604.4523 1088325.8308 5230082.3684 661922509.8879 4324670584.8556 3681766301.5141 1729822354.5145 1138498985.8128 652329370.8105 276980774.7378 91959551.3390 37046186.3473 459.9685 0.1739 0.0023 0.0021 0.0024 0.0026 0.0027 0.0027 0.0028 0.0028 0.0031 0.0026 0.0186 0.1361 0.2771 0.3810 0.4348 0.4710 0.5140 0.5477 0.5643 0.5692 1.1640 0.1841 0.0812 0.0752 0.0720 0.0677 0.0660 0.0659 0.0658 0.0655 0.0649 0.0660  
43825 15 1.0381 1.0045 0.0004 0.0004 5410835.6101 0.0000 1692645980.4066 679626.0426 1288783737.2656 14510452378.5125 24022895541.7967 10420978435.8439 2078024400.5043 977431416.7608 916350573.3834 913514364.7682 911868222.3183 909650172.0145 0.0000 0.0573 0.0004 0.0004 0.0005 0.0005 0.0005 0.0005 0.0005 0.0005 0.0005 0.0000 0.0045 0.0338 0.0594 0.0852 0.1005 0.1025 0.1026 0.1027 0.1028 0.1030 1.6453 0.2854 0.1848 0.1611 0.1592 0.1486 0.1350 0.1334 0.1333 0.1333 0.1333 0.0000  
43825 29 0.8605 0.9087 0.0195 0.0243 30992164.2634 1060960.3216 80783551.9041 80820.8395 19984.3808 18804145.9897 303463550.8739 517287178.6624 435495168.0487 280782441.2392 158280148.2763 70110134.7262 33680286.6810 21912250.9411 41.8642 6.0671 0.3799 0.0288 0.0139 0.0164 0.0360 0.1067 0.3105 0.5737 0.7143 0.0388 0.0010 0.0098 0.0322 0.0674 0.1121 0.1625 0.2158 0.2678 0.3130 0.3562 2.5550 0.2971 0.0925 0.0834 0.0767 0.0673 0.0602 0.0555 0.0518 0.0482 0.0465 0.0555  
43825 30 0.7122 0.9423 0.0263 0.0411 83742921.5162 47295.5742 409732872.9476 88571.8053 1495503.4370 41516923.5300 67103966.4775 88944079.1769 66837729.4890 48464473.3000 45452630.5339 45283246.1630 45282137.0652 45282137.0652 0.0000 0.0445 0.4548 0.9402 0.3554 0.0812 0.0256 0.0193 0.0190 0.0190 0.0190 0.0169 0.0091 0.1152 0.3955 0.8326 1.2540 1.4215 1.4449 1.4461 1.4461 1.4461 1.4461 0.1804 0.1283 0.0909 0.0707 0.0619 0.0571 0.0563 0.0563 0.0563 0.0563 0.2740  
43825 35 0.8444 0.9215 0.3786 0.5059 9199005.9542 2870.6009 59925237.2342 10207.0838 584406.8594 7777300.2841 18093875.3004 28097404.2008 22572201.5271 13880686.7619 10563439.7252 9927395.3263 9711838.7045 9512702.0167 0.0523 0.4063 1.8363 1.3350 0.3029 0.2635 0.1487 0.0430 0.0162 0.0135 0.0133 0.6125 0.0144 0.1174 0.2537 0.3547 0.4241 0.4832 0.5056 0.5109 0.5153 0.5202 1.4702 0.1341 0.1117 0.0821 0.0744 0.0722 0.0692 0.0666 0.0660 0.0658 0.0658 0.1341  
43825 36 0.8892 0.8569 0.0571 0.0992 111666337.4508 646777.2198 159575214.9199 640979.0618 14863031914.8245 16644762181.0234 5364694618.4234 5285312260.2999 5077369253.8540 4610329801.5501 3865946327.4122 3019389418.4097 2208133514.9188 1689143384.0435 3423.1060 0.0986 0.0993 0.1339 0.1354 0.1354 0.1354 0.1354 0.1355 0.1355 0.1355 0.1354 0.0007 0.0051 0.0076 0.0077 0.0083 0.0095 0.0114 0.0137 0.0158 0.0172 1.4359 0.1946 0.1845 0.1344 0.1338 0.1338 0.1338 0.1338 0.1338 0.1338 0.1338 0.1338  
52609 4 1.0735 1.0370 0.0298 0.0289 21012783.4036 16563014.8452 867490421.7951 112702.8119 579191.3846 25857795.8804 65268927.6283 72526249.3504 72669477.7848 72670115.4380 72670115.4380 72670115.4380 72670115.4380 72670115.4380 0.5522 0.1090 0.0347 0.0295 0.0278 0.0278 0.0278 0.0278 0.0278 0.0278 0.0278 0.0319 0.0538 0.6101 1.3851 1.5351 1.5375 1.5376 1.5376 1.5376 1.5376 1.5376 1.5376 0.1054 0.0736 0.0587 0.0563 0.0563 0.0563 0.0563 0.0563 0.0563 0.0563 0.0825  
52609 12 0.9464 0.9512 0.0023 0.0023 10913221.0807 38164.6334 4279340321.4408 1035450.5689 3358345.0821 371290870.3141 3163359449.8629 3295375313.7345 2063793580.7298 1468950600.2593 843874347.1292 357227358.8441 117343770.5441 46147773.0542 595.0091 0.1832 0.0027 0.0021 0.0024 0.0026 0.0026 0.0026 0.0026 0.0027 0.0028 0.0025 0.0186 0.1361 0.2771 0.3810 0.4348 0.4710 0.5140 0.5477 0.5643 0.5692 1.1640 0.1874 0.0802 0.0743 0.0711 0.0670 0.0659 0.0659 0.0658 0.0656 0.0652 0.0659  
52609 15 0.9943 1.0097 0.0003 0.0004 4782276.3006 0.0000 1705184905.6752 705541.4623 1369883172.6973 13685394939.7937 25477953788.7723 10982002286.1810 2063815853.9455 887342877.8941 822089962.6574 819211790.4196 817735574.2061 815746486.4337 0.0000 0.0658 0.0004 0.0004 0.0004 0.0004 0.0004 0.0004 0.0004 0.0004 0.0004 0.0000 0.0045 0.0338 0.0594 0.0852 0.1005 0.1025 0.1026 0.1027 0.1028 0.1030 1.6453 0.2909 0.1811 0.1610 0.1595 0.1500 0.1353 0.1334 0.1333 0.1333 0.1333 0.0000  
52609 29 0.7936 0.9188 0.0193 0.0207 20513556.2990 746926.2286 63623752.6310 69549.5861 23600.3999 16040270.8576 261635342.8792 465813855.7442 409793860.5702 262837076.1699 139902420.5137 50192506.7035 15798579.7223 8147303.9386 39.0508 6.1652 0.4415 0.0172 0.0138 0.0170 0.0344 0.0920 0.2991 0.7158 0.9461 0.0394 0.0010 0.0098 0.0322 0.0674 0.1121 0.1625 0.2158 0.2678 0.3130 0.3562 2.5550 0.3076 0.0950 0.0832 0.0762 0.0671 0.0603 0.0561 0.0533 0.0494 0.0473 0.0556  
52609 30 1.1196 1.0420 0.0302 0.0354 69698268.3857 44896.4538 453142994.5885 63080.9146 1705477.4766 52947957.2234 72718894.0448 60842821.1301 60995633.1682 56358240.8025 55102302.7626 55009650.0849 55008998.0608 55008998.0608 0.0000 0.0386 0.3862 0.9206 0.3780 0.0628 0.0235 0.0188 0.0185 0.0185 0.0185 0.0157 0.0091 0.1152 0.3955 0.8326 1.2540 1.4215 1.4449 1.4461 1.4461 1.4461 1.4461 0.1808 0.1287 0.0970 0.0701 0.0602 0.0569 0.0563 0.0563 0.0563 0.0563 0.2740  
52609 35 0.7947 0.8523 0.4110 0.5012 8861889.5759 3176.2934 56122998.0335 8618.3732 291514.1249 4627770.7040 14259589.3297 20045500.9153 16550456.0686 11528483.8244 9610774.9398 9221739.4401 9039518.4944 8855297.1204 0.0284 0.4103 1.8369 1.1349 0.3740 0.3278 0.1674 0.0468 0.0192 0.0165 0.0163 0.6171 0.0144 0.1174 0.2537 0.3547 0.4241 0.4832 0.5056 0.5109 0.5153 0.5202 1.4702 0.1330 0.1098 0.0816 0.0746 0.0719 0.0687 0.0665 0.0659 0.0658 0.0658 0.1341  
52609 36 0.8728 0.9355 0.0550 0.0954 94618224.0095 873470.7657 139043484.6267 569981.9687 14018914904.3177 15503531256.1115 4727853685.3369 4655204477.4125 4472043886.9740 4060665676.6863 3404996996.1844 2659331797.0991 1944760468.9730 1487623004.0320 3015.0091 0.0932 0.0941 0.1263 0.1302 0.1302 0.1302 0.1302 0.1302 0.1302 0.1302 0.1302 0.0007 0.0051 0.0076 0.0077 0.0083 0.0095 0.0114 0.0137 0.0158 0.0172 1.4359 0.1946 0.1848 0.1344 0.1338 0.1338 0.1338 0.1338 0.1338 0.1338 0.1338 0.1338  
61369 4 1.0246 1.0051 0.0274 0.0263 19616512.8194 15987925.7598 895533227.1594 120985.4462 357908.3372 18351186.0178 62291607.3031 74589029.4591 74840343.9611 74841373.1563 74841373.1563 74841373.1563 74841373.1563 74841373.1563 0.4006 0.1108 0.0311 0.0263 0.0256 0.0256 0.0256 0.0256 0.0256 0.0256 0.0256 0.0296 0.0538 0.6101 1.3851 1.5351 1.5375 1.5376 1.5376 1.5376 1.5376 1.5376 1.5376 0.1047 0.0729 0.0580 0.0563 0.0563 0.0563 0.0563 0.0563 0.0563 0.0563 0.0824  
61369 12 0.9508 0.9530 0.0023 0.0022 10857851.9208 47023.5816 4243055666.0093 979971.2231 5554381.2115 204618431.7404 1979217416.1322 2777825892.0343 2430326507.1879 1842746179.8021 1060773909.4412 448133400.8098 146143766.8861 56515272.5793 748.0941 0.1916 0.0046 0.0021 0.0024 0.0025 0.0025 0.0026 0.0026 0.0026 0.0027 0.0024 0.0186 0.1361 0.2771 0.3810 0.4348 0.4710 0.5140 0.5477 0.5643 0.5692 1.1640 0.1926 0.0809 0.0737 0.0700 0.0665 0.0659 0.0659 0.0658 0.0657 0.0654 0.0660  
61369 15 1.0117 1.0114 0.0002 0.0004 4493690.9913 0.0000 1698513119.0575 701524.6634 1497205833.8743 14225930463.0598 26011507512.4121 11153410565.5485 2016689386.1180 811390141.1177 744562653.2475 741709235.8388 740372676.4624 738571765.5337 0.0000 0.0603 0.0003 0.0003 0.0004 0.0004 0.0004 0.0004 0.0004 0.0004 0.0004 0.0000 0.0045 0.0338 0.0594 0.0852 0.1005 0.1025 0.1026 0.1027 0.1028 0.1030 1.6453 0.2910 0.1805 0.1610 0.1597 0.1509 0.1356 0.1334 0.1333 0.1333 0.1333 0.0000  
61369 29 0.7128 0.9232 0.0237 0.0256 14871553.0814 496007.2698 53051436.2556 55193.8606 15201.7848 13532136.7113 223293522.3742 417557778.5362 383867662.6326 244408856.9081 124882872.1931 38263980.7301 6667880.3275 1755663.3187 35.9155 6.2111 0.3103 0.0203 0.0185 0.0232 0.0410 0.0817 0.2382 0.8262 1.4965 0.0519 0.0010 0.0098 0.0322 0.0674 0.1121 0.1625 0.2158 0.2678 0.3130 0.3562 2.5550 0.3165 0.0921 0.0830 0.0757 0.0670 0.0605 0.0565 0.0548 0.0521 0.0491 0.0556  
61369 30 1.1041 1.0924 0.0049 0.0261 63054053.3556 976699.0607 473403888.5755 70622.8202 1939062.1130 71694239.3268 107268417.1341 58024993.2758 52792178.1159 59765995.9611 61183237.4646 61264665.1702 61265219.0759 61265219.0759 0.0000 0.0221 0.2517 0.7420 0.3984 0.0484 0.0152 0.0128 0.0127 0.0127 0.0127 0.0112 0.0091 0.1152 0.3955 0.8326 1.2540 1.4215 1.4449 1.4461 1.4461 1.4461 1.4461 0.1796 0.1284 0.0986 0.0723 0.0593 0.0566 0.0563 0.0563 0.0563 0.0563 0.2740  
61369 35 0.7063 0.9108 0.5147 0.6401 8314049.4403 3447.6700 47756107.0273 6848.9418 511827.3589 6386348.5144 12344193.3832 15193946.1693 12799555.0220 9890645.5557 8780329.0268 8535496.0769 8377105.2999 8207004.8906 0.0557 0.4584 1.9187 1.5768 0.4599 0.3728 0.1740 0.0481 0.0217 0.0192 0.0190 0.6501 0.0144 0.1174 0.2537 0.3547 0.4241 0.4832 0.5056 0.5109 0.5153 0.5202 1.4702 0.1343 0.1119 0.0833 0.0751 0.0716 0.0683 0.0663 0.0659 0.0658 0.0658 0.1341  
61369 36 0.8638 0.9045 0.0545 0.0944 81339752.6914 571149.5181 120986237.7275 497495.6409 12375755351.4698 13600534906.7414 4028196632.5195 3965037128.0384 3809027078.5222 3458628912.6324 2900152315.2610 2265019700.9982 1656371803.4252 1266997438.6791 2568.0130 0.0933 0.0941 0.1256 0.1285 0.1285 0.1285 0.1285 0.1285 0.1285 0.1285 0.1285 0.0007 0.0051 0.0076 0.0077 0.0083 0.0095 0.0114 0.0137 0.0158 0.0172 1.4359 0.1946 0.1849 0.1344 0.1338 0.1338 0.1338 0.1338 0.1338 0.1338 0.1338 0.1338  
70129 4 1.0943 1.0587 0.0258 0.0245 19083320.5207 15753228.7155 943741846.5376 123964.4679 601750.5684 29688998.2831 73607432.6241 78810558.4387 78873146.7477 78873370.6127 78873370.6127 78873370.6127 78873370.6127 78873370.6127 0.6017 0.1107 0.0326 0.0254 0.0231 0.0230 0.0230 0.0230 0.0230 0.0230 0.0230 0.0296 0.0538 0.6101 1.3851 1.5351 1.5375 1.5376 1.5376 1.5376 1.5376 1.5376 1.5376 0.1051 0.0740 0.0588 0.0563 0.0563 0.0563 0.0563 0.0563 0.0563 0.0563 0.0825  
70129 12 0.9427 0.9533 0.0024 0.0023 10884621.6249 43561.7707 4093472815.6705 931710.4924 4092622.4350 119742424.8356 1264657025.4449 2391776175.7372 2574487154.3512 2008713982.1391 1157345805.2368 488520344.9276 158835447.5263 60987275.8633 816.1840 0.1972 0.0058 0.0022 0.0024 0.0025 0.0026 0.0026 0.0026 0.0026 0.0027 0.0024 0.0186 0.1361 0.2771 0.3810 0.4348 0.4710 0.5140 0.5477 0.5643 0.5692 1.1640 0.1903 0.0818 0.0731 0.0687 0.0662 0.0659 0.0659 0.0659 0.0657 0.0655 0.0659  
70129 15 1.0939 1.0373 0.0006 0.0005 4985444.7367 0.0000 1714361528.7586 709698.0423 1625057325.0921 16995515655.7984 26443182881.5582 11272112230.5838 1984110786.7832 758856610.6388 690939116.8271 688102792.8801 686862831.2944 685192078.4569 0.0000 0.0497 0.0004 0.0004 0.0005 0.0005 0.0005 0.0005 0.0005 0.0005 0.0005 0.0000 0.0045 0.0338 0.0594 0.0852 0.1005 0.1025 0.1026 0.1027 0.1028 0.1030 1.6453 0.2883 0.1838 0.1611 0.1598 0.1515 0.1358 0.1334 0.1333 0.1333 0.1333 0.0000  
70129 29 0.3917 0.9294 0.0232 0.0310 7552685.7310 314618.5638 48194843.1077 39340.2662 37863.6944 11124767.1767 185385860.3714 371267576.4347 360607979.0770 228036742.3191 114177141.0550 33737553.7065 4823313.8780 723180.9325 32.8864 5.8111 0.5529 0.0321 0.0248 0.0264 0.0417 0.0596 0.0956 0.2975 0.8749 0.0570 0.0010 0.0098 0.0322 0.0674 0.1121 0.1625 0.2158 0.2678 0.3130 0.3562 2.5550 0.3159 0.0978 0.0829 0.0751 0.0668 0.0606 0.0567 0.0556 0.0552 0.0543 0.0555  
70129 30 1.1186 0.9827 0.0045 0.0296 70593654.2401 849524.3381 490772795.1166 77977.4433 1705321.2104 56199938.1673 89058023.6314 65630278.7728 55734734.6341 61321376.4160 62951343.0762 63063189.8825 63063988.9347 63063988.9347 0.0000 0.0235 0.2810 0.7670 0.4448 0.0596 0.0158 0.0141 0.0140 0.0140 0.0140 0.0123 0.0091 0.1152 0.3955 0.8326 1.2540 1.4215 1.4449 1.4461 1.4461 1.4461 1.4461 0.1805 0.1273 0.0948 0.0731 0.0596 0.0565 0.0563 0.0563 0.0563 0.0563 0.2740  
70129 35 1.0326 0.8913 0.3753 0.6576 6848082.2521 1718.9548 40407725.5202 4837.0755 472332.6051 5597750.3418 10274480.7152 11288046.9661 9828624.0570 8521254.9247 8021546.9286 7886568.6381 7748355.1811 7591519.2636 0.0577 0.4047 1.8547 1.6074 0.4864 0.3781 0.1615 0.0453 0.0226 0.0205 0.0203 0.5683 0.0144 0.1174 0.2537 0.3547 0.4241 0.4832 0.5056 0.5109 0.5153 0.5202 1.4702 0.1342 0.1121 0.0837 0.0752 0.0712 0.0679 0.0662 0.0659 0.0658 0.0658 0.1341  
70129 36 0.8674 0.9570 0.0541 0.0940 69615671.3808 598721.3329 103988739.5451 429737.2612 12702540094.8532 13564839896.5044 3465196044.0705 3404855137.0111 3270882493.5180 2969980284.3198 2490392037.8070 1944975921.5513 1422303388.2698 1087930614.7161 2205.2037 0.0932 0.0938 0.1225 0.1273 0.1273 0.1273 0.1273 0.1273 0.1273 0.1273 0.1273 0.0007 0.0051 0.0076 0.0077 0.0083 0.0095 0.0114 0.0137 0.0158 0.0172 1.4359 0.1946 0.1863 0.1345 0.1338 0.1338 0.1338 0.1338 0.1338 0.1338 0.1338 0.1338  
78889 4 1.0177 0.9965 0.0258 0.0243 19848421.2449 15213698.3495 947023415.1021 135659.4244 385018.2567 17472144.2854 67105676.8814 80872142.2502 81137210.7429 81138241.0576 81138241.0576 81138241.0576 81138241.0576 81138241.0576 0.3218 0.1137 0.0309 0.0249 0.0237 0.0236 0.0236 0.0236 0.0236 0.0236 0.0236 0.0287 0.0538 0.6101 1.3851 1.5351 1.5375 1.5376 1.5376 1.5376 1.5376 1.5376 1.5376 0.1059 0.0719 0.0579 0.0563 0.0563 0.0563 0.0563 0.0563 0.0563 0.0563 0.0823  
78889 12 0.9379 0.9545 0.0025 0.0024 10791565.6557 45868.7926 3897940291.5353 878360.7507 5365532.9000 84332167.9068 890714192.8165 2132447979.1920 2558559980.1741 2021459727.0991 1165137860.5800 491635682.9235 159645508.4556 61113185.0488 821.7488 0.2013 0.0095 0.0022 0.0025 0.0026 0.0026 0.0026 0.0026 0.0027 0.0028 0.0025 0.0186 0.1361 0.2771 0.3810 0.4348 0.4710 0.5140 0.5477 0.5643 0.5692 1.1640 0.1939 0.0846 0.0725 0.0679 0.0661 0.0659 0.0659 0.0659 0.0658 0.0655 0.0660  
78889 15 0.9933 1.0293 0.0002 0.0002 4285595.4473 0.0000 1770349818.2063 776367.7759 1641331621.8398 18194024849.1353 27611152560.8971 11718302715.7619 1996492061.8609 714012705.1866 642943089.8962 640052596.1794 638899220.6705 637345135.9098 0.0000 0.0719 0.0002 0.0002 0.0002 0.0002 0.0002 0.0002 0.0002 0.0002 0.0002 0.0000 0.0045 0.0338 0.0594 0.0852 0.1005 0.1025 0.1026 0.1027 0.1028 0.1030 1.6453 0.2911 0.1849 0.1612 0.1599 0.1521 0.1361 0.1334 0.1333 0.1333 0.1333 0.0000  
78889 29 0.5715 0.9401 0.0229 0.0354 4186268.9611 225664.5886 45066988.6245 15410.7829 1587814.8586 13251381.2488 156751915.4215 331764782.6465 337803155.1453 214465831.2030 106911708.5103 31539861.4265 4499288.2503 669061.4601 30.7486 2.6492 0.9363 0.0699 0.0236 0.0198 0.0290 0.0375 0.0409 0.0493 0.0826 0.0398 0.0010 0.0098 0.0322 0.0674 0.1121 0.1625 0.2158 0.2678 0.3130 0.3562 2.5550 0.2433 0.1320 0.0832 0.0744 0.0667 0.0607 0.0567 0.0557 0.0555 0.0555 0.0555  
78889 30 1.0235 0.9587 0.0109 0.0322 77945990.1164 137798.2172 512376761.1594 87228.4734 1539393.7416 49260483.0757 59786545.5654 49698601.4270 56509956.2361 64809601.2474 66472887.6573 66573230.3839 66573923.9438 66573923.9438 0.0000 0.0385 0.4321 1.1151 0.4819 0.0611 0.0191 0.0169 0.0168 0.0168 0.0168 0.0168 0.0091 0.1152 0.3955 0.8326 1.2540 1.4215 1.4449 1.4461 1.4461 1.4461 1.4461 0.1789 0.1293 0.0965 0.0711 0.0594 0.0565 0.0563 0.0563 0.0563 0.0563 0.2740  
78889 35 1.5744 0.8935 0.1548 0.6215 4836870.3316 130972.9890 33224880.6251 4994.8651 272780.0227 3734108.2053 8880251.3797 8700138.4266 7787260.2019 7485363.9462 7369922.1648 7305115.3614 7182402.6267 7037276.2418 0.0307 0.4599 2.0242 1.6365 0.4185 0.3069 0.1181 0.0355 0.0205 0.0191 0.0190 0.6416 0.0144 0.1174 0.2537 0.3547 0.4241 0.4832 0.5056 0.5109 0.5153 0.5202 1.4702 0.1349 0.1112 0.0839 0.0756 0.0706 0.0674 0.0661 0.0659 0.0658 0.0658 0.1341  
78889 36 0.8907 0.8962 0.0538 0.0937 60795852.1645 503316.8580 92158855.0002 372760.1798 10449421494.9221 11296551498.3666 3084144915.3700 3032940182.7103 2913597074.6936 2645552764.1866 2218334561.8601 1732476757.0002 1266878982.9023 969019024.3533 1964.3282 0.0930 0.0936 0.1249 0.1278 0.1278 0.1278 0.1278 0.1278 0.1278 0.1278 0.1278 0.0007 0.0051 0.0076 0.0077 0.0083 0.0095 0.0114 0.0137 0.0158 0.0172 1.4359 0.1946 0.1859 0.1345 0.1338 0.1338 0.1338 0.1338 0.1338 0.1338 0.1338 0.1338  
87673 4 0.9699 0.9946 0.0236 0.0230 18491735.7329 14467584.4567 935052636.7002 138057.6790 384677.7331 16424555.0829 65453335.9362 80509167.3612 80815244.6738 80816469.8877 80816469.8877 80816469.8877 80816469.8877 80816469.8877 0.3373 0.1011 0.0279 0.0232 0.0224 0.0223 0.0223 0.0223 0.0223 0.0223 0.0223 0.0240 0.0538 0.6101 1.3851 1.5351 1.5375 1.5376 1.5376 1.5376 1.5376 1.5376 1.5376 0.1060 0.0725 0.0576 0.0563 0.0563 0.0563 0.0563 0.0563 0.0563 0.0563 0.0820  
87673 12 0.9392 0.9560 0.0026 0.0025 10778170.9212 54186.6477 3687061352.0512 823848.6277 8229318.1296 76672850.5063 669717464.7780 1928887525.8143 2481441059.2376 1974958249.6931 1138592329.2020 480340713.8183 155868028.0982 59566862.6477 803.1997 0.1804 0.0130 0.0023 0.0027 0.0028 0.0028 0.0028 0.0028 0.0028 0.0029 0.0027 0.0186 0.1361 0.2771 0.3810 0.4348 0.4710 0.5140 0.5477 0.5643 0.5692 1.1640 0.1953 0.0897 0.0720 0.0674 0.0660 0.0659 0.0659 0.0659 0.0658 0.0655 0.0660  
87673 15 1.0487 1.0328 0.0001 0.0001 3683092.6920 0.0000 1843138141.8688 771200.1475 1822998029.5580 18242760342.7472 29709163128.3968 12569082647.1416 2063126683.5393 677207047.9094 600428660.3039 597397089.9785 596320579.5352 594870064.5367 0.0000 0.0912 0.0001 0.0001 0.0001 0.0001 0.0001 0.0001 0.0001 0.0001 0.0001 0.0000 0.0045 0.0338 0.0594 0.0852 0.1005 0.1025 0.1026 0.1027 0.1028 0.1030 1.6453 0.2995 0.1838 0.1612 0.1600 0.1530 0.1364 0.1334 0.1333 0.1333 0.1333 0.0000  
87673 29 1.0114 0.9313 0.0260 0.0386 5126769.0628 226223.1632 41668753.3712 8807.6809 1216156.0890 10778971.2171 134400084.6070 295170335.3023 308978756.1332 198706682.8136 99737616.0416 29475987.2357 4207492.5314 626610.7633 28.7422 2.5812 0.8869 0.0619 0.0266 0.0265 0.0400 0.0516 0.0558 0.0641 0.0964 0.0549 0.0010 0.0098 0.0322 0.0674 0.1121 0.1625 0.2158 0.2678 0.3130 0.3562 2.5550 0.2371 0.1290 0.0829 0.0740 0.0665 0.0606 0.0567 0.0557 0.0555 0.0555 0.0556  
87673 30 0.8091 0.9805 0.0224 0.0324 82866394.2941 49239.6103 516379831.0328 89279.1181 1770771.4136 49561892.1141 50068110.5695 37077420.5964 51984271.8662 66229025.0236 68864000.7518 69016992.6094 69018029.7564 69018029.7564 0.0000 0.0552 0.5596 1.3686 0.6281 0.0578 0.0206 0.0188 0.0187 0.0187 0.0187 0.0163 0.0091 0.1152 0.3955 0.8326 1.2540 1.4215 1.4449 1.4461 1.4461 1.4461 1.4461 0.1783 0.1304 0.0997 0.0714 0.0586 0.0565 0.0563 0.0563 0.0563 0.0563 0.2740  
87673 35 0.8704 0.8584 0.1474 0.6626 4994637.0021 121411.8727 26055453.0296 7863.9301 148515.9068 2378726.5966 5967270.1092 5714628.4465 5777090.1045 6446084.5443 6694834.1155 6696923.8283 6589957.5049 6457194.9712 0.0135 0.4659 2.0437 1.6980 0.4812 0.3531 0.1249 0.0425 0.0284 0.0271 0.0270 0.6983 0.0144 0.1174 0.2537 0.3547 0.4241 0.4832 0.5056 0.5109 0.5153 0.5202 1.4702 0.1330 0.1104 0.0840 0.0755 0.0699 0.0670 0.0661 0.0659 0.0658 0.0658 0.1341  
87673 36 0.8733 0.8922 0.0541 0.0938 54024589.9807 376017.1256 80777289.9862 332003.2880 8613681339.2739 9404115734.0000 2698515777.4889 2655258918.6822 2550774211.2973 2316101830.0162 1942072951.3855 1516705191.0129 1109075056.3842 848299121.0899 1719.7178 0.0931 0.0938 0.1256 0.1283 0.1283 0.1283 0.1283 0.1283 0.1283 0.1283 0.1283 0.0007 0.0051 0.0076 0.0077 0.0083 0.0095 0.0114 0.0137 0.0158 0.0172 1.4359 0.1946 0.1853 0.1344 0.1338 0.1338 0.1338 0.1338 0.1338 0.1338 0.1338 0.1338  
96433 4 0.9628 0.9799 0.0231 0.0224 17641842.2715 14494415.4175 917845779.5919 133904.6173 269017.7952 12627500.1690 62460270.0509 78825182.4744 79162525.5080 79163880.1334 79163880.1334 79163880.1334 79163880.1334 79163880.1334 0.1830 0.1114 0.0274 0.0227 0.0220 0.0220 0.0220 0.0220 0.0220 0.0220 0.0220 0.0259 0.0538 0.6101 1.3851 1.5351 1.5375 1.5376 1.5376 1.5376 1.5376 1.5376 1.5376 0.1070 0.0711 0.0574 0.0563 0.0563 0.0563 0.0563 0.0563 0.0563 0.0563 0.0818  
96433 12 0.9418 0.9579 0.0028 0.0026 10770484.5446 60595.7590 3482626622.1123 773787.3152 10673117.5910 83746067.2934 538597278.2174 1768406488.9420 2375651637.0605 1898901546.1308 1094887533.3183 461848711.6147 149804202.7718 57191643.0173 772.4345 0.1656 0.0161 0.0024 0.0029 0.0029 0.0029 0.0029 0.0029 0.0030 0.0031 0.0028 0.0186 0.1361 0.2771 0.3810 0.4348 0.4710 0.5140 0.5477 0.5643 0.5692 1.1640 0.1930 0.0949 0.0718 0.0670 0.0660 0.0659 0.0659 0.0659 0.0658 0.0655 0.0661  
96433 15 1.0233 1.0109 0.0002 0.0001 3896741.0193 0.0000 1889168405.5624 808751.9347 1850080787.3456 17278701931.1127 31218494240.3962 13187746790.3886 2105794051.1213 643892144.0345 562921926.0161 559792851.5478 558784103.9369 557424894.1416 0.0000 0.1020 0.0001 0.0001 0.0001 0.0001 0.0001 0.0001 0.0001 0.0001 0.0001 0.0000 0.0045 0.0338 0.0594 0.0852 0.1005 0.1025 0.1026 0.1027 0.1028 0.1030 1.6453 0.3015 0.1812 0.1611 0.1601 0.1537 0.1368 0.1334 0.1333 0.1333 0.1333 0.0000  
96433 29 0.8636 0.9232 0.0404 0.0462 7182393.7429 255310.2779 37415268.2284 8908.2627 1195269.3215 9348474.1587 115586445.5202 261685871.2645 278994123.4004 179238290.8547 89635661.8262 26462439.2140 3776064.6270 561942.8388 25.8004 2.5876 0.8534 0.0563 0.0312 0.0355 0.0632 0.0864 0.0938 0.1036 0.1400 0.0932 0.0010 0.0098 0.0322 0.0674 0.1121 0.1625 0.2158 0.2678 0.3130 0.3562 2.5550 0.2374 0.1296 0.0827 0.0737 0.0664 0.0606 0.0567 0.0557 0.0555 0.0555 0.0556  
96433 30 1.0378 1.1281 0.0308 0.0314 78473018.3477 51552.4230 519817742.9743 72234.5929 2160007.9530 79321820.7415 103843832.8813 53365632.2898 52594190.6072 65921980.8052 68744698.0753 68918179.2825 68919373.7713 68919373.7713 0.0000 0.0380 0.3337 0.8651 0.5846 0.0565 0.0195 0.0182 0.0181 0.0181 0.0181 0.0159 0.0091 0.1152 0.3955 0.8326 1.2540 1.4215 1.4449 1.4461 1.4461 1.4461 1.4461 0.1794 0.1287 0.1005 0.0744 0.0585 0.0564 0.0563 0.0563 0.0563 0.0563 0.2740  
96433 35 0.2054 0.7920 0.6848 0.9827 5564221.0845 1579.1654 22832747.6906 6845.0053 116823.8130 1302365.3605 1979975.1320 2137314.1741 3502556.2677 5260748.5903 5914870.4105 5991607.0644 5902670.1527 5784272.2331 0.0147 0.3822 2.0435 2.2242 1.0402 0.5480 0.1718 0.0685 0.0520 0.0505 0.0504 0.5228 0.0144 0.1174 0.2537 0.3547 0.4241 0.4832 0.5056 0.5109 0.5153 0.5202 1.4702 0.1342 0.1118 0.0839 0.0749 0.0688 0.0666 0.0660 0.0659 0.0658 0.0658 0.1341  
96433 36 0.8831 0.9226 0.0539 0.0936 47567688.4415 321402.4253 72261077.8052 289954.5784 7652805442.5121 8363824504.1007 2412340592.2497 2373808994.7424 2280396530.3112 2070592377.9470 1736199334.2255 1355907789.3509 991474214.2672 758332701.0963 1537.4330 0.0929 0.0936 0.1237 0.1273 0.1273 0.1273 0.1273 0.1273 0.1273 0.1273 0.1273 0.0007 0.0051 0.0076 0.0077 0.0083 0.0095 0.0114 0.0137 0.0158 0.0172 1.4359 0.1946 0.1855 0.1345 0.1338 0.1338 0.1338 0.1338 0.1338 0.1338 0.1338 0.1338  
