8761 4 0.7716 0.8136 0.1466 0.1832 24277523.9548 23315135.0571 292754852.1302 27239.0794 407168.4369 30798542.8551 30687271.7131 12533586.3973 12046721.8862 12044607.0203 12044607.0203 12044607.0203 12044607.0203 12044607.0203 0.6615 0.4000 0.2368 0.2205 0.1918 0.1893 0.1893 0.1893 0.1893 0.1893 0.1893 0.2205 0.0538 0.6101 1.3851 1.5351 1.5375 1.5376 1.5376 1.5376 1.5376 1.5376 1.5376 0.1025 0.0750 0.0634 0.0567 0.0563 0.0563 0.0563 0.0563 0.0563 0.0563 0.0824  
8761 12 1.5963 0.6921 0.0173 0.0300 16492598.6564 3928759.4884 1253280709.3325 42150.0543 806395343.6658 4023528846.5534 1597011854.5824 331383339.8253 97425295.5546 58084254.8234 35935689.6699 19123518.0952 10835763.0292 8375144.0376 41.0572 0.5706 0.0194 0.0265 0.0409 0.0458 0.0471 0.0480 0.0500 0.0530 0.0548 0.0335 0.0186 0.1361 0.2771 0.3810 0.4348 0.4710 0.5140 0.5477 0.5643 0.5692 1.1640 0.1878 0.1142 0.0850 0.0731 0.0674 0.0657 0.0651 0.0639 0.0620 0.0608 0.1403  
8761 15 0.0036 0.6897 0.0006 0.0014 5572460.9766 0.0000 1187034536.7796 2154.4004 1619739497.3170 13790786056.0753 6943326440.9322 3647386703.7551 1769630195.2234 1521885573.5543 1507812997.1364 1505905848.7111 1503193960.6710 1499539899.8308 0.0000 0.8937 0.0020 0.0015 0.0015 0.0015 0.0015 0.0016 0.0018 0.0021 0.0026 0.0000 0.0045 0.0338 0.0594 0.0852 0.1005 0.1025 0.1026 0.1027 0.1028 0.1030 1.6453 0.2683 0.2032 0.1621 0.1522 0.1375 0.1336 0.1333 0.1333 0.1333 0.1333 0.0000  
8761 29 0.5571 0.6721 0.0515 0.0894 70208495.7582 179655672.9460 173659626.2278 71298.4922 4055567.0917 422655404.3178 928326336.0748 782358872.6112 500144425.2775 331900577.5368 229284118.4933 157910519.2317 127905174.2947 117425663.3935 51.7073 4.3107 1.0063 0.1864 0.0582 0.0458 0.0822 0.2686 0.5743 0.7572 0.8271 0.0527 0.0010 0.0098 0.0322 0.0674 0.1121 0.1625 0.2158 0.2678 0.3130 0.3562 2.5550 0.1511 0.1161 0.1005 0.0811 0.0679 0.0593 0.0537 0.0494 0.0466 0.0448 0.0556  
8761 30 0.0911 0.8871 0.0195 0.0388 21372194.1751 31249.2849 166261638.5402 2849.0098 41.9232 4517.5072 1099484.6661 11418867.5851 21152051.1656 21199357.3971 20790627.5885 20752215.6198 20751930.6318 20751930.6318 0.0000 0.9185 3.5696 0.8802 0.2042 0.0668 0.0319 0.0254 0.0250 0.0250 0.0250 0.0000 0.0091 0.1152 0.3955 0.8326 1.2540 1.4215 1.4449 1.4461 1.4461 1.4461 1.4461 0.1392 0.0909 0.0685 0.0637 0.0596 0.0569 0.0563 0.0563 0.0563 0.0563 0.0000  
8761 35 1.3473 0.4615 0.2699 0.5445 12224845.0344 1944407.9992 106577756.5482 16914.7683 3593247.9037 43716840.9513 62854011.8623 66248432.8570 45057732.5020 22764097.7439 14384796.5859 12853609.3052 12512821.8920 12254150.6670 0.3708 0.5621 1.8103 1.7039 0.2462 0.1884 0.1300 0.0634 0.0438 0.0417 0.0416 0.7857 0.0144 0.1174 0.2537 0.3547 0.4241 0.4832 0.5056 0.5109 0.5153 0.5202 1.4702 0.1341 0.1122 0.0838 0.0758 0.0726 0.0698 0.0669 0.0660 0.0658 0.0658 0.1341  
8761 36 1.1565 0.5680 0.0439 0.0998 146357209.2002 1486503.2883 225682007.1466 204017.7118 41377233303.6188 41632831741.0822 6958816557.9953 6791310511.4861 6524235343.1912 5924385208.3942 4968323522.3711 3881033631.2446 2839083192.4827 2172509313.9705 4398.4700 1.1608 0.1331 0.1433 0.1435 0.1435 0.1435 0.1435 0.1435 0.1436 0.1436 0.1435 0.0007 0.0051 0.0076 0.0077 0.0083 0.0095 0.0114 0.0137 0.0158 0.0172 1.4359 0.1898 0.1845 0.1301 0.1289 0.1289 0.1289 0.1289 0.1289 0.1289 0.1289 0.1289  
17545 4 5.7249 2.0872 0.0458 0.0511 16223141.2889 4859666.8764 600993196.4427 12108.7301 953046.2314 79436672.0319 82124633.8072 37754483.7959 36574080.8637 36568986.2688 36568986.2688 36568986.2688 36568986.2688 36568986.2688 1.6127 0.1176 0.0400 0.0372 0.0320 0.0317 0.0317 0.0317 0.0317 0.0317 0.0317 0.0345 0.0538 0.6101 1.3851 1.5351 1.5375 1.5376 1.5376 1.5376 1.5376 1.5376 1.5376 0.1028 0.0748 0.0630 0.0566 0.0563 0.0563 0.0563 0.0563 0.0563 0.0563 0.0822  
17545 12 1.6007 1.7147 0.0086 0.0125 17826514.9852 188187.4603 3052776614.5719 687698.4406 1384954886.6678 6789992673.7664 4595803436.5748 1676816183.8369 350822075.1440 147935226.7804 84961268.5275 39404937.2106 16948343.0204 10282600.7144 87.3562 0.0929 0.0041 0.0078 0.0129 0.0151 0.0161 0.0163 0.0167 0.0175 0.0183 0.0130 0.0186 0.1361 0.2771 0.3810 0.4348 0.4710 0.5140 0.5477 0.5643 0.5692 1.1640 0.1876 0.1084 0.0818 0.0740 0.0694 0.0660 0.0655 0.0647 0.0630 0.0616 0.1384  
17545 15 1.1526 1.0935 0.0003 0.0005 1135833.0460 186598.4880 1244865636.3831 386210.5353 2042973883.4978 15005650937.1860 9926902194.2647 4772284426.9238 1745493679.5240 1346177653.2573 1323770057.0452 1321774200.6640 1319392727.2104 1316183874.8826 0.0000 0.0308 0.0003 0.0004 0.0005 0.0005 0.0005 0.0005 0.0005 0.0005 0.0005 0.0000 0.0045 0.0338 0.0594 0.0852 0.1005 0.1025 0.1026 0.1027 0.1028 0.1030 1.6453 0.2862 0.1985 0.1618 0.1554 0.1401 0.1338 0.1333 0.1333 0.1333 0.1333 0.0000  
17545 29 0.7173 0.8745 0.0315 0.0640 16576375.5112 858236.0152 154708367.7196 96280.7168 1042750.8136 134745972.5390 647850532.4958 786497341.6838 515933308.9275 327314474.1324 215507901.3293 141114652.7818 108649314.0987 95509271.5497 49.4070 2.7016 0.6439 0.2052 0.0284 0.0079 0.0104 0.0287 0.0696 0.1179 0.1621 0.0090 0.0010 0.0098 0.0322 0.0674 0.1121 0.1625 0.2158 0.2678 0.3130 0.3562 2.5550 0.1933 0.1097 0.0919 0.0797 0.0684 0.0598 0.0544 0.0502 0.0469 0.0450 0.0555  
17545 30 2.4799 2.1231 0.0033 0.0069 2838275.1041 1841537.4892 179911337.0367 23513.4324 2676639.2620 88905049.8103 133947844.0966 47220202.3402 20066882.1432 21664340.3402 22422278.1225 22472062.1108 22472409.3357 22472409.3357 0.0000 0.0038 0.0142 0.0520 0.0489 0.0079 0.0036 0.0029 0.0028 0.0028 0.0028 0.0019 0.0091 0.1152 0.3955 0.8326 1.2540 1.4215 1.4449 1.4461 1.4461 1.4461 1.4461 0.1828 0.1292 0.1025 0.0791 0.0593 0.0565 0.0563 0.0563 0.0563 0.0563 0.2740  
17545 35 0.9223 0.8228 0.2668 0.3087 13838253.7216 1902.8577 89209860.8598 14051.0642 1084861.1396 18153053.4899 37374026.1117 55830769.7245 41766071.2352 21261287.2622 13469969.5733 12045497.7713 11726654.5011 11483772.3867 0.0430 0.2753 0.9571 0.5862 0.2319 0.2295 0.1477 0.0455 0.0136 0.0102 0.0100 0.6045 0.0144 0.1174 0.2537 0.3547 0.4241 0.4832 0.5056 0.5109 0.5153 0.5202 1.4702 0.1289 0.1089 0.0813 0.0747 0.0726 0.0700 0.0670 0.0660 0.0658 0.0658 0.1341  
17545 36 0.9735 0.8952 0.0532 0.0989 129312345.7462 452957.4971 202815874.0990 725158.0568 34242865418.4127 34749973190.7216 6260076995.9039 6118090185.2469 5877463571.0926 5337016820.3792 4475634281.5884 3496019116.2924 2557253420.3284 1956690602.9011 3962.4548 0.0983 0.0986 0.1287 0.1329 0.1329 0.1329 0.1329 0.1329 0.1329 0.1329 0.1329 0.0007 0.0051 0.0076 0.0077 0.0083 0.0095 0.0114 0.0137 0.0158 0.0172 1.4359 0.1946 0.1889 0.1349 0.1338 0.1338 0.1338 0.1338 0.1338 0.1338 0.1338 0.1338  
26305 4 1.3908 1.1571 0.0292 0.0318 12018278.3275 40978259.4679 743256697.8303 69320.7413 511230.1496 41057866.5601 69017469.0489 58349314.9843 58003758.3818 58002173.7687 58002173.7687 58002173.7687 58002173.7687 58002173.7687 0.8104 0.1034 0.0327 0.0302 0.0286 0.0285 0.0285 0.0285 0.0285 0.0285 0.0285 0.0299 0.0538 0.6101 1.3851 1.5351 1.5375 1.5376 1.5376 1.5376 1.5376 1.5376 1.5376 0.1032 0.0730 0.0604 0.0564 0.0563 0.0563 0.0563 0.0563 0.0563 0.0563 0.0820  
26305 12 1.0144 0.9583 0.0047 0.0056 18703877.5210 221320.2968 4291156663.4483 1100827.0153 95763233.3335 2110233958.1631 5968138299.3074 3826949526.2021 1096058795.3218 573437635.5251 325989544.8556 140371387.0309 48874057.0872 21717677.7925 230.6895 0.0699 0.0036 0.0041 0.0054 0.0059 0.0063 0.0064 0.0065 0.0069 0.0076 0.0086 0.0186 0.1361 0.2771 0.3810 0.4348 0.4710 0.5140 0.5477 0.5643 0.5692 1.1640 0.1466 0.0936 0.0780 0.0731 0.0691 0.0661 0.0658 0.0655 0.0648 0.0636 0.0723  
26305 15 1.1924 1.1176 0.0002 0.0005 3090091.9621 0.0000 1351381695.5615 445136.8266 1962548929.9023 18176805925.5899 13258346566.8582 6033819355.7617 1758823455.2727 1194853200.6890 1163381492.4991 1161251358.8453 1159158854.7159 1156339366.3787 0.0000 0.0821 0.0004 0.0004 0.0005 0.0005 0.0005 0.0005 0.0005 0.0005 0.0005 0.0000 0.0045 0.0338 0.0594 0.0852 0.1005 0.1025 0.1026 0.1027 0.1028 0.1030 1.6453 0.2827 0.1976 0.1618 0.1570 0.1425 0.1340 0.1333 0.1333 0.1333 0.1333 0.0000  
26305 29 1.3390 0.9011 0.0149 0.0431 20703401.7953 1078286.4440 133001546.4884 69060.9252 131076.0139 38621651.1898 490362900.7630 722024487.5846 511347047.3501 320267404.6481 200470261.0465 121810386.1471 86658907.5789 71315012.5813 47.2219 5.0547 0.8940 0.1268 0.0190 0.0089 0.0144 0.0420 0.1062 0.1811 0.2474 0.0133 0.0010 0.0098 0.0322 0.0674 0.1121 0.1625 0.2158 0.2678 0.3130 0.3562 2.5550 0.2545 0.1015 0.0853 0.0786 0.0682 0.0600 0.0547 0.0505 0.0472 0.0454 0.0555  
26305 30 1.5476 1.1900 0.0037 0.0181 23499975.1943 4853572.2394 251073178.9715 58310.4957 1912738.7658 70471160.1393 160539477.8710 115875553.4685 47812660.0616 26415837.0712 23916249.6697 23804603.6632 23803934.2926 23803934.2926 0.0000 0.0075 0.0178 0.0481 0.1380 0.0417 0.0082 0.0066 0.0065 0.0065 0.0065 0.0050 0.0091 0.1152 0.3955 0.8326 1.2540 1.4215 1.4449 1.4461 1.4461 1.4461 1.4461 0.1847 0.1236 0.0931 0.0758 0.0631 0.0570 0.0563 0.0563 0.0563 0.0563 0.2740  
26305 35 0.8806 0.8972 0.2367 0.2713 9616663.1832 3503.0062 81473020.5266 12959.8451 1089461.0914 16331725.5016 26089954.9246 46812137.5188 36728006.3785 19234437.6684 12555830.3748 11328472.4338 11038098.7138 10809433.1439 0.0484 0.2789 0.8287 0.5790 0.1944 0.1869 0.1187 0.0372 0.0125 0.0100 0.0098 0.5812 0.0144 0.1174 0.2537 0.3547 0.4241 0.4832 0.5056 0.5109 0.5153 0.5202 1.4702 0.1303 0.1107 0.0807 0.0742 0.0725 0.0699 0.0669 0.0660 0.0658 0.0658 0.1341  
26305 36 0.8891 0.9114 0.0560 0.0989 117424624.3742 683563.1905 178725509.0653 705949.9402 29385804350.3114 29991170243.1957 5660667578.7414 5536882683.9425 5319093144.9974 4829938406.0263 4050306831.6039 3163663697.9441 2313993145.6969 1770427756.5393 3586.0319 0.0985 0.0989 0.1295 0.1341 0.1342 0.1342 0.1342 0.1342 0.1342 0.1342 0.1341 0.0007 0.0051 0.0076 0.0077 0.0083 0.0095 0.0114 0.0137 0.0158 0.0172 1.4359 0.1946 0.1886 0.1349 0.1338 0.1338 0.1338 0.1338 0.1338 0.1338 0.1338 0.1338  
35065 4 1.0512 1.0282 0.0359 0.0341 27448687.6998 6127415.7617 792980096.9015 96411.0137 242948.4545 20728458.4619 59845245.4125 65249437.7257 65307369.7985 65307512.7449 65307512.7449 65307512.7449 65307512.7449 65307512.7449 0.3863 0.1298 0.0406 0.0355 0.0332 0.0332 0.0332 0.0332 0.0332 0.0332 0.0332 0.0372 0.0538 0.6101 1.3851 1.5351 1.5375 1.5376 1.5376 1.5376 1.5376 1.5376 1.5376 0.1031 0.0721 0.0587 0.0563 0.0563 0.0563 0.0563 0.0563 0.0563 0.0563 0.0821  
35065 12 0.9608 0.9494 0.0026 0.0027 11608551.1951 50858.5424 4502803506.1940 1116675.2686 6449462.6851 631934435.7239 4683142124.3191 4070856756.7034 1712746312.3639 1081866243.0811 618915890.7625 263164268.5495 87802966.5212 35756535.1441 436.2883 0.0854 0.0024 0.0023 0.0025 0.0027 0.0028 0.0028 0.0028 0.0030 0.0032 0.0027 0.0186 0.1361 0.2771 0.3810 0.4348 0.4710 0.5140 0.5477 0.5643 0.5692 1.1640 0.1366 0.0845 0.0749 0.0722 0.0680 0.0660 0.0659 0.0658 0.0654 0.0648 0.0660  
35065 15 1.2995 1.1961 0.0002 0.0004 4623185.2866 0.0000 1591170350.6846 530795.5988 2861865300.3641 24802750727.3683 18137356061.7895 7918535847.7861 1866107931.7603 1067669411.9484 1023268483.8488 1020861217.9576 1019021645.3988 1016542962.9033 0.0000 0.0658 0.0003 0.0003 0.0004 0.0004 0.0004 0.0004 0.0004 0.0004 0.0004 0.0000 0.0045 0.0338 0.0594 0.0852 0.1005 0.1025 0.1026 0.1027 0.1028 0.1030 1.6453 0.2892 0.1982 0.1619 0.1582 0.1452 0.1344 0.1334 0.1333 0.1333 0.1333 0.0000  
35065 29 0.9387 0.9132 0.0158 0.0219 33835374.8381 1143188.5350 102460502.1827 92474.6971 25261.7464 25994172.2415 413564001.1671 650830220.7094 492847023.2532 305312812.0105 177349009.0162 91452025.8840 54219012.4691 39442377.5693 44.3693 6.0190 0.4128 0.0277 0.0129 0.0136 0.0298 0.0914 0.2467 0.4240 0.5472 0.0311 0.0010 0.0098 0.0322 0.0674 0.1121 0.1625 0.2158 0.2678 0.3130 0.3562 2.5550 0.2873 0.0928 0.0837 0.0777 0.0679 0.0603 0.0551 0.0511 0.0477 0.0459 0.0555  
35065 30 0.9057 1.0086 0.0025 0.0275 58292603.3093 1906083.5053 350900177.6414 90242.9254 1736654.4798 55983298.0878 111525391.0463 107134904.0016 68611150.6119 40042732.2178 35135299.5015 34866806.2574 34865058.2586 34865058.2586 0.0000 0.0183 0.1742 0.4560 0.2360 0.0582 0.0157 0.0106 0.0103 0.0103 0.0103 0.0079 0.0091 0.1152 0.3955 0.8326 1.2540 1.4215 1.4449 1.4461 1.4461 1.4461 1.4461 0.1843 0.1258 0.0917 0.0709 0.0626 0.0575 0.0563 0.0563 0.0563 0.0563 0.2740  
35065 35 0.8466 0.9183 0.2959 0.3462 9204835.6676 3743.5503 69076105.8471 11412.1785 1286194.0619 18942898.3182 21294589.4807 38182556.1139 30578256.8002 16867146.6924 11624947.2681 10650622.9444 10393160.3342 10178240.3442 0.0468 0.2717 0.8992 0.8315 0.2269 0.2103 0.1287 0.0393 0.0139 0.0113 0.0111 0.5916 0.0144 0.1174 0.2537 0.3547 0.4241 0.4832 0.5056 0.5109 0.5153 0.5202 1.4702 0.1292 0.1119 0.0817 0.0742 0.0724 0.0697 0.0668 0.0660 0.0658 0.0658 0.1341  
35065 36 0.8812 0.8809 0.0548 0.0977 102004876.8371 750493.3121 157317304.8059 627685.3147 23500370798.5443 24276410340.6870 5021847707.8668 4919535261.5181 4726014083.6832 4291366020.8238 3598609053.1214 2810764860.1014 2055773381.3630 1572777665.0437 3186.2011 0.0968 0.0973 0.1299 0.1330 0.1330 0.1330 0.1331 0.1331 0.1331 0.1331 0.1330 0.0007 0.0051 0.0076 0.0077 0.0083 0.0095 0.0114 0.0137 0.0158 0.0172 1.4359 0.1946 0.1880 0.1348 0.1338 0.1338 0.1338 0.1338 0.1338 0.1338 0.1338 0.1338  
43825 4 1.1288 1.0497 0.0293 0.0281 18709833.6817 16137706.8193 834371764.7845 101348.0721 306353.4063 23367359.2538 63951302.1296 69770603.5609 69848814.5679 69849087.8546 69849087.8546 69849087.8546 69849087.8546 69849087.8546 0.4754 0.1240 0.0342 0.0282 0.0264 0.0264 0.0264 0.0264 0.0264 0.0264 0.0264 0.0328 0.0538 0.6101 1.3851 1.5351 1.5375 1.5376 1.5376 1.5376 1.5376 1.5376 1.5376 0.1033 0.0732 0.0587 0.0563 0.0563 0.0563 0.0563 0.0563 0.0563 0.0563 0.0822  
43825 12 0.9487 0.9511 0.0023 0.0023 10997334.9792 34624.5802 4474199051.8991 1072940.8283 2488776.5656 263552286.4901 3406798043.4959 3647276490.1459 2114713268.0580 1475785926.1790 847199653.5021 358825966.8975 118091209.9117 46642548.4473 597.2989 0.1810 0.0030 0.0021 0.0023 0.0024 0.0025 0.0025 0.0025 0.0026 0.0028 0.0024 0.0186 0.1361 0.2771 0.3810 0.4348 0.4710 0.5140 0.5477 0.5643 0.5692 1.1640 0.1810 0.0790 0.0737 0.0713 0.0672 0.0660 0.0659 0.0658 0.0656 0.0651 0.0659  
43825 15 1.1337 1.0693 0.0003 0.0003 5094263.5436 0.0000 1796015669.2245 689753.5640 2056395435.6908 22873775051.9329 24673149202.5914 10593593312.3594 2085061012.3597 962626003.5393 900341465.9716 897482324.7391 895865066.1504 893685934.6285 0.0000 0.1006 0.0003 0.0003 0.0003 0.0003 0.0003 0.0003 0.0003 0.0003 0.0003 0.0000 0.0045 0.0338 0.0594 0.0852 0.1005 0.1025 0.1026 0.1027 0.1028 0.1030 1.6453 0.2930 0.1924 0.1616 0.1592 0.1485 0.1350 0.1334 0.1333 0.1333 0.1333 0.0000  
43825 29 0.8697 0.9202 0.0153 0.0175 24540405.7108 877393.0303 81239800.8716 86810.5080 19231.8763 21657140.5192 350083876.2172 584809945.0969 474591420.6144 291534115.5431 157946003.4189 67567388.0119 31032981.7770 19695849.1858 41.7551 6.1464 0.3026 0.0152 0.0122 0.0136 0.0284 0.0867 0.2655 0.5145 0.6498 0.0307 0.0010 0.0098 0.0322 0.0674 0.1121 0.1625 0.2158 0.2678 0.3130 0.3562 2.5550 0.2985 0.0915 0.0834 0.0771 0.0676 0.0605 0.0557 0.0521 0.0484 0.0466 0.0556  
43825 30 0.7717 0.9541 0.0259 0.0401 84111312.0767 38478.6119 405939393.3729 81734.4566 1924083.7746 44751541.6922 64079887.8732 80599631.3961 66841170.1705 49017854.9294 45987246.1259 45834520.0100 45833565.9074 45833565.9074 0.0000 0.0456 0.4818 1.0214 0.3783 0.0777 0.0259 0.0193 0.0189 0.0189 0.0189 0.0166 0.0091 0.1152 0.3955 0.8326 1.2540 1.4215 1.4449 1.4461 1.4461 1.4461 1.4461 0.1890 0.1277 0.0939 0.0698 0.0614 0.0572 0.0563 0.0563 0.0563 0.0563 0.2740  
43825 35 0.8503 0.8697 0.3334 0.3795 8874445.7218 2468.9906 58710587.3825 9661.4464 1027169.4933 14533755.0807 14726820.0805 29581292.6518 24741032.5261 14613809.7900 10726285.4331 9990758.3003 9764769.8820 9563336.0211 0.0424 0.3041 0.8552 0.8562 0.2721 0.2504 0.1448 0.0426 0.0156 0.0128 0.0126 0.6478 0.0144 0.1174 0.2537 0.3547 0.4241 0.4832 0.5056 0.5109 0.5153 0.5202 1.4702 0.1296 0.1121 0.0812 0.0740 0.0723 0.0694 0.0667 0.0660 0.0658 0.0658 0.1341  
43825 36 0.8663 0.9148 0.0543 0.0947 87440596.3182 584184.1913 135815534.3583 553138.2111 20831302170.3725 21477569983.4414 4380905671.8129 4290684545.0856 4121891340.1770 3742782240.3397 3138545173.7266 2451371047.3400 1792851743.0877 1371572812.0501 2778.9190 0.0932 0.0938 0.1239 0.1281 0.1281 0.1281 0.1281 0.1282 0.1282 0.1282 0.1281 0.0007 0.0051 0.0076 0.0077 0.0083 0.0095 0.0114 0.0137 0.0158 0.0172 1.4359 0.1946 0.1880 0.1347 0.1338 0.1338 0.1338 0.1338 0.1338 0.1338 0.1338 0.1338  
52609 4 0.9963 0.9981 0.0294 0.0280 19981303.2565 15891662.8495 850363462.5676 114399.4678 160089.5702 14226857.2223 58494604.3156 71498395.4556 71761982.9441 71763046.4732 71763046.4732 71763046.4732 71763046.4732 71763046.4732 0.2400 0.1378 0.0361 0.0287 0.0272 0.0272 0.0272 0.0272 0.0272 0.0272 0.0272 0.0342 0.0538 0.6101 1.3851 1.5351 1.5375 1.5376 1.5376 1.5376 1.5376 1.5376 1.5376 0.1039 0.0716 0.0579 0.0563 0.0563 0.0563 0.0563 0.0563 0.0563 0.0563 0.0822  
52609 12 0.9473 0.9521 0.0023 0.0022 10872910.2991 38505.6121 4399738944.9246 1017925.5212 2359769.1393 139774143.3490 2299543644.6180 3096076878.3669 2427349734.9123 1806365515.1307 1039204757.5395 439265719.2687 143537004.8901 55766655.4292 732.7187 0.2023 0.0045 0.0021 0.0023 0.0024 0.0024 0.0025 0.0025 0.0025 0.0026 0.0023 0.0186 0.1361 0.2771 0.3810 0.4348 0.4710 0.5140 0.5477 0.5643 0.5692 1.1640 0.1863 0.0769 0.0731 0.0703 0.0667 0.0659 0.0659 0.0658 0.0657 0.0653 0.0659  
52609 15 1.0026 0.9883 0.0002 0.0003 4914406.7001 0.0000 1826695906.6817 781945.6667 1516051349.0779 18977261645.6057 27372906405.2946 11698512734.9221 2126131347.3698 863360280.7693 793342983.6551 790340555.2727 788916362.0330 786997371.2158 0.0000 0.1368 0.0003 0.0003 0.0003 0.0004 0.0004 0.0004 0.0004 0.0004 0.0004 0.0000 0.0045 0.0338 0.0594 0.0852 0.1005 0.1025 0.1026 0.1027 0.1028 0.1030 1.6453 0.3005 0.1856 0.1613 0.1596 0.1506 0.1355 0.1334 0.1333 0.1333 0.1333 0.0000  
52609 29 0.7808 0.9212 0.0191 0.0201 20380739.2029 688568.8274 65402849.9720 75495.4901 19083.9568 17374786.2309 285613186.0823 522698773.5923 463266789.8248 279460480.5349 140129382.6169 48270670.0386 14054710.2108 6854549.2698 38.7332 6.1760 0.3347 0.0157 0.0138 0.0172 0.0342 0.0913 0.3000 0.7511 1.0131 0.0414 0.0010 0.0098 0.0322 0.0674 0.1121 0.1625 0.2158 0.2678 0.3130 0.3562 2.5550 0.3057 0.0924 0.0832 0.0761 0.0673 0.0607 0.0563 0.0535 0.0497 0.0475 0.0555  
52609 30 1.1013 0.9598 0.0264 0.0358 68852699.0700 44634.8555 432100535.2087 63078.2848 1380080.1104 35069027.7300 46881381.3426 53996601.3060 58219429.6114 54124211.3958 53305611.5145 53270152.5160 53269957.6360 53269957.6360 0.0000 0.0490 0.5400 1.1891 0.3938 0.0639 0.0236 0.0190 0.0187 0.0187 0.0187 0.0169 0.0091 0.1152 0.3955 0.8326 1.2540 1.4215 1.4449 1.4461 1.4461 1.4461 1.4461 0.1846 0.1281 0.0965 0.0687 0.0602 0.0569 0.0563 0.0563 0.0563 0.0563 0.2740  
52609 35 0.7451 0.8620 0.4487 0.4753 8905836.7596 3511.3953 48019971.7546 8215.1385 957009.7575 12929656.1141 10407901.3384 20831667.0868 18291284.7049 12138058.3484 9764490.4841 9295749.6860 9104697.4459 8918049.0473 0.0489 0.3145 0.8676 1.0555 0.3651 0.3245 0.1720 0.0483 0.0186 0.0157 0.0155 0.6486 0.0144 0.1174 0.2537 0.3547 0.4241 0.4832 0.5056 0.5109 0.5153 0.5202 1.4702 0.1293 0.1126 0.0819 0.0739 0.0720 0.0689 0.0665 0.0659 0.0658 0.0658 0.1341  
52609 36 0.8442 0.8957 0.0541 0.0940 75325743.1019 516629.7003 113696006.7193 479159.0708 17848826219.8430 18387155086.8131 3727551773.6698 3650421863.5581 3506810836.7930 3184260843.6899 2670169618.2548 2085514673.6790 1525239551.9104 1166811024.6361 2364.2451 0.0931 0.0937 0.1251 0.1287 0.1287 0.1287 0.1287 0.1287 0.1287 0.1287 0.1287 0.0007 0.0051 0.0076 0.0077 0.0083 0.0095 0.0114 0.0137 0.0158 0.0172 1.4359 0.1946 0.1879 0.1347 0.1338 0.1338 0.1338 0.1338 0.1338 0.1338 0.1338 0.1338  
61369 4 1.0741 1.0418 0.0268 0.0256 18556805.5677 15148627.1049 888189454.4772 113981.3575 290646.4632 22734743.8510 65472993.5506 74300981.5311 74468339.0179 74469035.2272 74469035.2272 74469035.2272 74469035.2272 74469035.2272 0.4916 0.1239 0.0350 0.0266 0.0239 0.0239 0.0239 0.0239 0.0239 0.0239 0.0239 0.0308 0.0538 0.6101 1.3851 1.5351 1.5375 1.5376 1.5376 1.5376 1.5376 1.5376 1.5376 0.1037 0.0735 0.0584 0.0563 0.0563 0.0563 0.0563 0.0563 0.0563 0.0563 0.0819  
61369 12 0.9449 0.9531 0.0023 0.0022 10856271.8356 39699.6470 4257904174.6988 964277.8471 3525198.9736 90025544.9861 1469448493.4942 2611546196.1353 2615476912.9878 2021447969.9338 1164360588.2663 491644762.2324 160042161.1958 61624792.4090 821.0184 0.1780 0.0072 0.0021 0.0023 0.0024 0.0025 0.0025 0.0025 0.0025 0.0026 0.0023 0.0186 0.1361 0.2771 0.3810 0.4348 0.4710 0.5140 0.5477 0.5643 0.5692 1.1640 0.1876 0.0787 0.0726 0.0692 0.0663 0.0659 0.0659 0.0658 0.0657 0.0654 0.0659  
61369 15 1.0098 1.0042 0.0002 0.0003 4582379.4989 0.0000 1813882491.8007 783986.8040 1662658479.8430 18437802822.9284 28324530742.2706 12045908836.0811 2085114487.8990 771107933.9094 698281389.2430 695281274.0097 694028376.5104 692340193.5247 0.0000 0.1461 0.0003 0.0003 0.0003 0.0003 0.0003 0.0003 0.0003 0.0003 0.0003 0.0000 0.0045 0.0338 0.0594 0.0852 0.1005 0.1025 0.1026 0.1027 0.1028 0.1030 1.6453 0.3051 0.1835 0.1612 0.1599 0.1518 0.1359 0.1334 0.1333 0.1333 0.1333 0.0000  
61369 29 0.7230 0.9268 0.0219 0.0235 13489183.2638 417796.8429 56137189.5987 58945.3929 11103.1077 13895900.9216 233032811.3984 467068198.2288 445348893.4301 264513703.5044 125866884.0831 37435612.2674 6117484.9030 1405981.9422 35.4939 6.1828 0.2492 0.0165 0.0169 0.0224 0.0388 0.0766 0.2192 0.7970 1.5509 0.0517 0.0010 0.0098 0.0322 0.0674 0.1121 0.1625 0.2158 0.2678 0.3130 0.3562 2.5550 0.3104 0.0904 0.0828 0.0752 0.0671 0.0610 0.0567 0.0550 0.0526 0.0497 0.0556  
61369 30 1.1231 1.0497 0.0053 0.0265 63051460.3237 814664.4861 438752643.0612 69468.6135 1414652.4786 48712195.1022 66454490.9430 45870851.3418 50923669.3013 55701784.0904 56669524.9661 56740811.3038 56741336.1332 56741336.1332 0.0000 0.0412 0.4777 1.0782 0.3937 0.0464 0.0167 0.0144 0.0143 0.0143 0.0143 0.0120 0.0091 0.1152 0.3955 0.8326 1.2540 1.4215 1.4449 1.4461 1.4461 1.4461 1.4461 0.1817 0.1289 0.1003 0.0697 0.0593 0.0566 0.0563 0.0563 0.0563 0.0563 0.2740  
61369 35 0.6380 0.8490 0.5448 0.5536 7797300.3032 2638.3629 44416569.4036 6121.0375 879915.0264 11355742.3453 6901234.9980 13329572.7156 12669923.9542 9907672.3188 8827427.5242 8587367.6743 8428250.4851 8256740.0504 0.0523 0.2916 0.7908 1.1887 0.4651 0.3908 0.1831 0.0503 0.0219 0.0192 0.0190 0.6047 0.0144 0.1174 0.2537 0.3547 0.4241 0.4832 0.5056 0.5109 0.5153 0.5202 1.4702 0.1297 0.1130 0.0827 0.0738 0.0716 0.0684 0.0664 0.0659 0.0658 0.0658 0.1341  
61369 36 0.8462 0.8636 0.0538 0.0936 63164393.5361 433464.3399 94939620.5894 404502.7979 14146793772.4707 14670663020.6442 3119200705.6501 3056963232.9200 2936696121.5797 2666576501.9040 2236050601.1650 1746431085.8614 1277228462.8339 977062350.4350 1979.8841 0.0930 0.0935 0.1263 0.1285 0.1285 0.1285 0.1285 0.1285 0.1285 0.1285 0.1285 0.0007 0.0051 0.0076 0.0077 0.0083 0.0095 0.0114 0.0137 0.0158 0.0172 1.4359 0.1946 0.1876 0.1347 0.1338 0.1338 0.1338 0.1338 0.1338 0.1338 0.1338 0.1338  
70129 4 1.0433 1.0165 0.0267 0.0252 19586905.1561 15568009.6008 906687410.9500 122423.7355 220031.0675 19129424.9855 65224203.7714 76874142.3151 77102546.8870 77103468.9195 77103468.9195 77103468.9195 77103468.9195 77103468.9195 0.3604 0.1196 0.0313 0.0258 0.0246 0.0246 0.0246 0.0246 0.0246 0.0246 0.0246 0.0294 0.0538 0.6101 1.3851 1.5351 1.5375 1.5376 1.5376 1.5376 1.5376 1.5376 1.5376 0.1036 0.0725 0.0581 0.0563 0.0563 0.0563 0.0563 0.0563 0.0563 0.0563 0.0817  
70129 12 0.9404 0.9542 0.0024 0.0023 10835529.7433 49047.8984 4087346950.8175 911112.9282 5469519.8327 65122588.9947 923880816.9458 2252625973.0894 2676037900.9983 2111743616.6808 1217163964.4598 513651244.0516 166867931.3404 63945095.7933 858.2834 0.1713 0.0122 0.0022 0.0024 0.0025 0.0025 0.0025 0.0025 0.0026 0.0027 0.0024 0.0186 0.1361 0.2771 0.3810 0.4348 0.4710 0.5140 0.5477 0.5643 0.5692 1.1640 0.1856 0.0845 0.0721 0.0681 0.0661 0.0659 0.0659 0.0659 0.0657 0.0655 0.0659  
70129 15 1.0040 0.9998 0.0002 0.0003 4644154.0978 0.0000 1804935029.0713 791695.5178 1672008776.5389 17532342939.4179 29284095297.4705 12406680197.5881 2055700894.0350 690224808.9494 614573254.7475 611563964.7157 610461925.5897 608977012.6553 0.0000 0.1476 0.0003 0.0003 0.0004 0.0004 0.0004 0.0004 0.0004 0.0004 0.0004 0.0000 0.0045 0.0338 0.0594 0.0852 0.1005 0.1025 0.1026 0.1027 0.1028 0.1030 1.6453 0.3095 0.1821 0.1611 0.1600 0.1527 0.1363 0.1334 0.1333 0.1333 0.1333 0.0000  
70129 29 0.4116 0.9311 0.0228 0.0297 7236065.6563 405264.6880 51384282.4899 42614.7189 33192.6010 10991463.4889 187992393.7565 415359627.6865 423315356.4541 248589192.3850 115113935.6110 33272255.0450 4738293.0005 708833.2807 32.3271 5.6838 0.4975 0.0306 0.0244 0.0255 0.0395 0.0566 0.0833 0.2289 0.6885 0.0568 0.0010 0.0098 0.0322 0.0674 0.1121 0.1625 0.2158 0.2678 0.3130 0.3562 2.5550 0.3075 0.0959 0.0825 0.0742 0.0669 0.0612 0.0569 0.0557 0.0554 0.0548 0.0556  
70129 30 1.1706 1.0525 0.0044 0.0277 69444138.8557 838852.7390 446571560.2285 78019.9691 1188501.2926 51434985.6605 87561460.1331 55383417.4916 51960791.9652 56239352.7082 57390363.4602 57480980.8173 57481654.2499 57481654.2499 0.0000 0.0397 0.3990 0.9176 0.4571 0.0526 0.0163 0.0144 0.0143 0.0143 0.0143 0.0138 0.0091 0.1152 0.3955 0.8326 1.2540 1.4215 1.4449 1.4461 1.4461 1.4461 1.4461 0.1806 0.1262 0.0987 0.0719 0.0594 0.0566 0.0563 0.0563 0.0563 0.0563 0.2740  
70129 35 0.9941 0.9763 0.4261 0.6431 6120639.0161 24291.0934 39913413.8875 3905.0975 1500773.3106 18887719.0315 7633456.9464 9371908.1321 9137953.7042 8329855.9226 8005529.1539 7900849.9040 7765046.6494 7607960.0474 0.0941 0.3172 0.8026 1.5274 0.5121 0.3880 0.1597 0.0444 0.0224 0.0204 0.0202 0.6134 0.0144 0.1174 0.2537 0.3547 0.4241 0.4832 0.5056 0.5109 0.5153 0.5202 1.4702 0.1305 0.1135 0.0867 0.0745 0.0710 0.0678 0.0662 0.0659 0.0658 0.0658 0.1341  
70129 36 0.8304 0.8807 0.0538 0.0936 52711501.6473 487819.6078 79092133.1318 342273.3602 11842354902.1424 12267790377.4772 2588892873.6579 2536941960.8097 2437131379.4801 2212957073.0833 1855660386.1142 1449321463.4511 1059926673.4258 810816556.4330 1643.0855 0.0930 0.0936 0.1255 0.1283 0.1283 0.1283 0.1283 0.1283 0.1283 0.1283 0.1283 0.0007 0.0051 0.0076 0.0077 0.0083 0.0095 0.0114 0.0137 0.0158 0.0172 1.4359 0.1946 0.1876 0.1347 0.1338 0.1338 0.1338 0.1338 0.1338 0.1338 0.1338 0.1338  
78889 4 0.9799 0.9983 0.0254 0.0245 19148924.4638 14479667.4025 908124050.8308 127729.8490 127301.7268 14257565.8470 62722410.2548 77658352.9977 77966083.6436 77967329.3698 77967329.3698 77967329.3698 77967329.3698 77967329.3698 0.2111 0.1290 0.0324 0.0251 0.0237 0.0237 0.0237 0.0237 0.0237 0.0237 0.0237 0.0288 0.0538 0.6101 1.3851 1.5351 1.5375 1.5376 1.5376 1.5376 1.5376 1.5376 1.5376 0.1029 0.0716 0.0577 0.0563 0.0563 0.0563 0.0563 0.0563 0.0563 0.0563 0.0817  
78889 12 0.9372 0.9546 0.0025 0.0024 10756284.2073 48880.5239 3883666458.3772 856826.9801 6102892.0288 51333085.0632 576551415.6268 1984044912.1080 2651444247.2547 2118064068.0872 1221267528.4307 515217004.9963 167182751.7416 63888682.5332 861.1896 0.1596 0.0163 0.0022 0.0026 0.0026 0.0026 0.0026 0.0026 0.0027 0.0027 0.0025 0.0186 0.1361 0.2771 0.3810 0.4348 0.4710 0.5140 0.5477 0.5643 0.5692 1.1640 0.1818 0.0915 0.0713 0.0672 0.0660 0.0659 0.0659 0.0659 0.0658 0.0655 0.0660  
78889 15 0.9625 0.9713 0.0002 0.0002 3870136.1948 0.0000 1735388821.2837 794869.6793 1338253753.9315 16307484524.6059 28834474463.9421 12187205388.4299 1963595204.3890 614923045.6916 540219079.2499 537311977.5353 536343740.5111 535039115.6146 0.0000 0.1926 0.0002 0.0001 0.0002 0.0002 0.0002 0.0002 0.0002 0.0002 0.0002 0.0000 0.0045 0.0338 0.0594 0.0852 0.1005 0.1025 0.1026 0.1027 0.1028 0.1030 1.6453 0.3163 0.1793 0.1611 0.1601 0.1535 0.1367 0.1334 0.1333 0.1333 0.1333 0.0000  
78889 29 0.6764 0.9380 0.0208 0.0273 4428406.0092 230961.1804 48051215.2427 17540.2777 1077890.0326 11235029.3644 155906116.6897 371543562.9121 397393163.2116 233656252.4118 107380876.2617 30958713.3702 4404054.4320 656903.5092 30.0717 2.6809 0.7680 0.0357 0.0227 0.0212 0.0292 0.0380 0.0422 0.0547 0.1041 0.0405 0.0010 0.0098 0.0322 0.0674 0.1121 0.1625 0.2158 0.2678 0.3130 0.3562 2.5550 0.2379 0.1226 0.0824 0.0735 0.0667 0.0613 0.0570 0.0557 0.0555 0.0555 0.0556  
78889 30 0.9393 1.1599 0.0045 0.0284 77994606.4737 879074.1357 474066245.0623 91327.4436 1663042.5768 74013095.6188 144950586.7695 87099514.3376 62104867.9561 57998650.4503 57910420.8883 57937623.7846 57937892.2754 57937892.2754 0.0000 0.0280 0.2818 0.6929 0.4051 0.0551 0.0162 0.0141 0.0140 0.0140 0.0140 0.0124 0.0091 0.1152 0.3955 0.8326 1.2540 1.4215 1.4449 1.4461 1.4461 1.4461 1.4461 0.1805 0.1256 0.0977 0.0733 0.0601 0.0567 0.0563 0.0563 0.0563 0.0563 0.2740  
78889 35 1.3593 0.9238 0.2313 0.6137 3904908.8582 165693.4967 40072335.9665 3881.9792 1483382.1550 15903839.3243 7801774.4862 7878321.9584 7586196.6348 7422205.5394 7350793.5490 7293733.3512 7172003.6116 7027267.5931 0.1459 0.3658 0.9673 1.6817 0.3861 0.2777 0.1044 0.0321 0.0193 0.0181 0.0180 0.6167 0.0144 0.1174 0.2537 0.3547 0.4241 0.4832 0.5056 0.5109 0.5153 0.5202 1.4702 0.1328 0.1136 0.0875 0.0751 0.0704 0.0673 0.0661 0.0659 0.0658 0.0658 0.1341  
78889 36 0.8370 0.8920 0.0540 0.0936 43903643.6372 336122.4784 66731697.7882 284233.5652 10146950456.0952 10484740512.2546 2172924308.1899 2128714321.9435 2044962415.3928 1856855850.8459 1557045166.0284 1216082724.7084 889338248.9984 680307833.9532 1378.6915 0.0930 0.0935 0.1245 0.1278 0.1278 0.1278 0.1278 0.1278 0.1278 0.1278 0.1278 0.0007 0.0051 0.0076 0.0077 0.0083 0.0095 0.0114 0.0137 0.0158 0.0172 1.4359 0.1946 0.1878 0.1347 0.1338 0.1338 0.1338 0.1338 0.1338 0.1338 0.1338 0.1338  
87673 4 1.0031 0.9999 0.0244 0.0236 18020182.3238 14554540.5783 901557054.3574 125159.9510 116293.0607 14125318.1515 63143871.1956 77618841.7936 77908909.6286 77910063.4795 77910063.4795 77910063.4795 77910063.4795 77910063.4795 0.1659 0.1317 0.0326 0.0244 0.0226 0.0226 0.0226 0.0226 0.0226 0.0226 0.0226 0.0293 0.0538 0.6101 1.3851 1.5351 1.5375 1.5376 1.5376 1.5376 1.5376 1.5376 1.5376 0.1033 0.0715 0.0577 0.0563 0.0563 0.0563 0.0563 0.0563 0.0563 0.0563 0.0820  
87673 12 0.9372 0.9582 0.0027 0.0025 10751853.0648 73162.9755 3670674227.4256 802986.4372 14476982.1794 73289324.1341 384949521.1647 1788798146.9498 2563417849.6524 2061195288.3042 1188715535.7043 501399175.2676 162599584.4197 62046315.5408 838.3338 0.1527 0.0233 0.0024 0.0027 0.0027 0.0027 0.0027 0.0028 0.0028 0.0029 0.0027 0.0186 0.1361 0.2771 0.3810 0.4348 0.4710 0.5140 0.5477 0.5643 0.5692 1.1640 0.1842 0.1041 0.0704 0.0666 0.0660 0.0659 0.0659 0.0659 0.0658 0.0655 0.0660  
87673 15 1.0615 1.0565 0.0001 0.0001 3640420.8158 0.0000 1757915161.7181 765059.1308 3199034579.5268 19487545814.3923 29236647446.8701 12287154702.7786 1919460645.6862 551783144.1862 476044298.0177 473166258.9862 472313612.6181 471164737.2375 0.0000 0.1440 0.0001 0.0001 0.0001 0.0001 0.0001 0.0001 0.0001 0.0001 0.0001 0.0000 0.0045 0.0338 0.0594 0.0852 0.1005 0.1025 0.1026 0.1027 0.1028 0.1030 1.6453 0.3189 0.1848 0.1612 0.1602 0.1541 0.1371 0.1335 0.1333 0.1333 0.1333 0.0000  
87673 29 0.9839 0.9315 0.0261 0.0336 5766411.5293 421802.0321 44341190.4573 11864.4668 935596.1428 9167873.8945 127963992.4091 330582282.2317 369478116.9058 217176463.5944 99005720.8707 28470501.8902 4048244.4192 603690.4719 27.6440 2.6166 0.7778 0.0400 0.0261 0.0274 0.0419 0.0571 0.0635 0.0773 0.1310 0.0619 0.0010 0.0098 0.0322 0.0674 0.1121 0.1625 0.2158 0.2678 0.3130 0.3562 2.5550 0.2359 0.1240 0.0821 0.0728 0.0666 0.0614 0.0570 0.0557 0.0555 0.0555 0.0555  
87673 30 1.0513 0.9994 0.0205 0.0355 91285230.1197 65039.7584 538606428.4291 85781.5179 1254783.1687 46728265.7850 106100785.9352 108881258.8899 84622634.0275 64937474.8958 61731903.0856 61571878.8865 61570885.1694 61570885.1694 0.0000 0.0381 0.3717 0.7567 0.3619 0.0692 0.0216 0.0171 0.0169 0.0169 0.0169 0.0184 0.0091 0.1152 0.3955 0.8326 1.2540 1.4215 1.4449 1.4461 1.4461 1.4461 1.4461 0.1821 0.1235 0.0929 0.0717 0.0610 0.0569 0.0563 0.0563 0.0563 0.0563 0.2740  
87673 35 0.8488 1.0509 0.2069 0.5803 3881856.7723 177861.8703 32082258.4269 5276.6530 2373940.0524 22989701.8821 9666632.6042 7472505.7688 6727704.5951 6754877.4437 6765847.0779 6726564.2622 6615537.9943 6482165.0664 0.2814 0.3293 0.8370 1.5976 0.3641 0.2580 0.0959 0.0319 0.0208 0.0198 0.0197 0.5180 0.0144 0.1174 0.2537 0.3547 0.4241 0.4832 0.5056 0.5109 0.5153 0.5202 1.4702 0.1339 0.1142 0.0884 0.0759 0.0702 0.0672 0.0661 0.0659 0.0658 0.0658 0.1341  
87673 36 0.2744 0.9510 0.0145 0.0246 909814.1546 296002.5929 60870309.6811 237893.0618 9557563079.6481 9841779015.9675 1989145857.9011 1947889325.5771 1871250107.7458 1699118623.5940 1424769568.9893 1112763599.3416 813768124.7156 622489762.5494 1261.5779 0.0011 0.0016 0.0324 0.0357 0.0357 0.0357 0.0357 0.0357 0.0357 0.0357 0.0357 0.0007 0.0051 0.0076 0.0077 0.0083 0.0095 0.0114 0.0137 0.0158 0.0172 1.4359 0.1941 0.1875 0.1343 0.1334 0.1334 0.1334 0.1333 0.1333 0.1333 0.1333 0.1334  
96433 4 0.9530 0.9782 0.0245 0.0234 17982498.0624 14029603.5198 887238652.9448 125541.8640 67761.0532 9786142.4605 58627026.1382 76066177.6338 76434913.0001 76436401.2202 76436401.2202 76436401.2202 76436401.2202 76436401.2202 0.1139 0.1427 0.0273 0.0236 0.0232 0.0232 0.0232 0.0232 0.0232 0.0232 0.0232 0.0244 0.0538 0.6101 1.3851 1.5351 1.5375 1.5376 1.5376 1.5376 1.5376 1.5376 1.5376 0.1032 0.0701 0.0572 0.0563 0.0563 0.0563 0.0563 0.0563 0.0563 0.0563 0.0821  
96433 12 0.9405 0.9555 0.0029 0.0027 10752813.7612 55741.8412 3456761839.1838 752555.5263 7502130.5000 59913713.8883 312820233.6609 1652382669.6025 2432238305.4041 1960428188.2753 1130683758.4714 476890057.6390 154614831.4200 58965881.4070 797.3174 0.1521 0.0178 0.0025 0.0029 0.0029 0.0029 0.0029 0.0029 0.0030 0.0030 0.0028 0.0186 0.1361 0.2771 0.3810 0.4348 0.4710 0.5140 0.5477 0.5643 0.5692 1.1640 0.1726 0.1011 0.0699 0.0663 0.0659 0.0659 0.0659 0.0659 0.0658 0.0655 0.0660  
96433 15 0.9832 0.9740 0.0001 0.0002 4042393.6619 0.0000 1743986420.5952 812078.7931 1489008219.2742 17731254508.8641 30105971388.4597 12632704349.9077 1912600554.1916 498435971.3283 420140691.3914 417235147.1562 416483288.7384 415470217.3663 0.0000 0.0905 0.0002 0.0001 0.0002 0.0002 0.0002 0.0002 0.0002 0.0002 0.0002 0.0000 0.0045 0.0338 0.0594 0.0852 0.1005 0.1025 0.1026 0.1027 0.1028 0.1030 1.6453 0.2935 0.1816 0.1611 0.1603 0.1549 0.1376 0.1335 0.1333 0.1333 0.1333 0.0000  
96433 29 0.8522 0.9221 0.0357 0.0472 6932207.8169 282965.0299 39972904.4205 11673.8853 460394.6172 6733987.7716 104842722.2060 292079987.9240 337859035.8228 197233371.0665 88735159.9092 25412061.2868 3611116.4476 538552.9358 24.6583 2.7962 0.7185 0.0605 0.0366 0.0358 0.0583 0.0826 0.0916 0.1050 0.1555 0.0906 0.0010 0.0098 0.0322 0.0674 0.1121 0.1625 0.2158 0.2678 0.3130 0.3562 2.5550 0.2348 0.1178 0.0816 0.0723 0.0665 0.0614 0.0571 0.0558 0.0555 0.0555 0.0556  
96433 30 1.1130 0.9173 0.0198 0.0356 85749145.6845 40142.6007 577605242.5401 90184.9691 954410.8069 23587658.7790 42776472.0416 81011040.5173 88232487.2552 72093321.8559 68607350.8221 68406572.7170 68405254.9733 68405254.9733 0.0000 0.0555 0.7113 1.2645 0.3486 0.0641 0.0240 0.0187 0.0184 0.0184 0.0184 0.0190 0.0091 0.1152 0.3955 0.8326 1.2540 1.4215 1.4449 1.4461 1.4461 1.4461 1.4461 0.1830 0.1265 0.0922 0.0678 0.0605 0.0570 0.0563 0.0563 0.0563 0.0563 0.2740  
96433 35 0.6874 0.8243 0.2570 0.7384 5276361.4340 60310.9331 26334720.2155 4478.9745 1601274.1052 16700090.1015 5433193.8883 4262867.0215 4763715.2976 5737119.1810 6098510.1704 6123706.2028 6028132.4902 5907017.6039 0.1518 0.3700 0.7022 1.6620 0.7171 0.4487 0.1520 0.0517 0.0349 0.0334 0.0332 0.6196 0.0144 0.1174 0.2537 0.3547 0.4241 0.4832 0.5056 0.5109 0.5153 0.5202 1.4702 0.1328 0.1136 0.0885 0.0755 0.0697 0.0669 0.0660 0.0659 0.0658 0.0658 0.1341  
96433 36 0.9818 0.9574 0.0047 0.0075 937577.4917 299448.4751 57195270.6258 65280.1185 9082404385.0665 9322518431.1453 1839441008.2735 1800575983.4706 1729731830.1226 1570616045.7501 1317011859.1972 1028598180.3391 752211209.6129 575396335.9020 1166.1685 0.0012 0.0018 0.0062 0.0064 0.0064 0.0064 0.0064 0.0064 0.0064 0.0064 0.0064 0.0007 0.0051 0.0076 0.0077 0.0083 0.0095 0.0114 0.0137 0.0158 0.0172 1.4359 0.1940 0.1874 0.1342 0.1332 0.1332 0.1332 0.1332 0.1332 0.1332 0.1332 0.1332  
