8761 4 0.7676 0.8138 0.1430 0.1819 24310861.3473 23361112.6786 254221442.2007 27097.5447 405029.4989 31678024.2577 31099319.2783 12363721.6711 11869994.3360 11867869.3409 11867869.3409 11867869.3409 11867869.3409 11867869.3409 0.5692 0.3941 0.2381 0.2184 0.1908 0.1888 0.1888 0.1888 0.1888 0.1888 0.1888 0.2132 0.0538 0.6101 1.3851 1.5351 1.5375 1.5376 1.5376 1.5376 1.5376 1.5376 1.5376 0.1030 0.0749 0.0635 0.0567 0.0563 0.0563 0.0563 0.0563 0.0563 0.0563 0.0824  
8761 12 1.5932 0.6940 0.0170 0.0300 16497571.5264 3723633.2561 1311924252.1518 42067.9967 784939636.5280 4002388692.8679 1642013879.1265 347465120.4461 102397884.4567 60853237.8513 37504235.8823 19783340.6773 11047647.7296 8454084.4089 45.5450 0.5614 0.0190 0.0264 0.0410 0.0458 0.0471 0.0480 0.0499 0.0527 0.0545 0.0320 0.0186 0.1361 0.2771 0.3810 0.4348 0.4710 0.5140 0.5477 0.5643 0.5692 1.1640 0.1880 0.1140 0.0851 0.0731 0.0675 0.0657 0.0651 0.0639 0.0620 0.0608 0.1417  
8761 15 0.0053 0.6896 0.0012 0.0019 6471433.4853 0.0000 1169105639.7438 3191.6304 1846688066.2027 14195896775.8111 6515939109.3000 3464914168.8956 1746978601.4231 1520316939.6261 1507410169.1807 1505540634.5150 1502829430.3676 1499176291.0149 0.0000 0.8877 0.0024 0.0020 0.0020 0.0020 0.0020 0.0020 0.0022 0.0026 0.0031 0.0000 0.0045 0.0338 0.0594 0.0852 0.1005 0.1025 0.1026 0.1027 0.1028 0.1030 1.6453 0.2684 0.2034 0.1622 0.1520 0.1374 0.1336 0.1333 0.1333 0.1333 0.1333 0.0000  
8761 29 0.5637 0.6757 0.0506 0.0858 69098357.8616 173559741.0102 180163134.2480 72149.5386 4014625.4939 416752159.6610 926262746.3655 787435259.3619 503102731.9078 334138911.1868 233388530.2701 164534054.9300 135340372.2267 124723238.4301 51.9431 4.4155 1.0183 0.1841 0.0551 0.0421 0.0761 0.2509 0.5331 0.7007 0.7668 0.0481 0.0010 0.0098 0.0322 0.0674 0.1121 0.1625 0.2158 0.2678 0.3130 0.3562 2.5550 0.1513 0.1160 0.1002 0.0811 0.0679 0.0593 0.0536 0.0494 0.0466 0.0448 0.0555  
8761 30 0.0859 0.8880 0.0181 0.0374 21274401.7198 33729.2145 166376167.2735 2688.1834 44.8557 5185.9836 1175413.3579 11292435.4335 20705202.1887 21216141.3652 20952151.1012 20925116.3266 20924914.2402 20924914.2402 0.0000 0.9186 3.4818 0.8800 0.2025 0.0647 0.0306 0.0244 0.0241 0.0241 0.0241 0.0000 0.0091 0.1152 0.3955 0.8326 1.2540 1.4215 1.4449 1.4461 1.4461 1.4461 1.4461 0.1386 0.0905 0.0687 0.0638 0.0596 0.0569 0.0563 0.0563 0.0563 0.0563 0.0000  
8761 35 1.2698 0.4648 0.2813 0.5440 12272948.7183 1893231.9392 103470082.6886 15942.7396 3967199.2854 46096834.8285 64607503.9434 65806594.7847 44314633.1285 22513419.8868 14330685.7650 12833733.1803 12496391.1341 12238331.3887 0.4109 0.5029 1.7651 1.7017 0.2460 0.1886 0.1303 0.0640 0.0445 0.0425 0.0424 0.6975 0.0144 0.1174 0.2537 0.3547 0.4241 0.4832 0.5056 0.5109 0.5153 0.5202 1.4702 0.1345 0.1122 0.0840 0.0758 0.0726 0.0698 0.0669 0.0660 0.0658 0.0658 0.1341  
8761 36 1.1823 0.5685 0.0438 0.0995 148485089.0968 1816014.0419 232609379.3825 208576.3763 40483461021.3506 40992365858.5045 7247310068.0642 7080480931.4128 6802026109.3192 6176617301.6643 5179819327.4607 4046201720.3300 2959855408.4629 2264879862.9728 4585.7556 1.1605 0.1327 0.1411 0.1413 0.1413 0.1413 0.1413 0.1413 0.1413 0.1413 0.1413 0.0007 0.0051 0.0076 0.0077 0.0083 0.0095 0.0114 0.0137 0.0158 0.0172 1.4359 0.1898 0.1843 0.1301 0.1289 0.1289 0.1289 0.1289 0.1289 0.1289 0.1289 0.1289  
17545 4 3.8130 1.6883 0.0521 0.0585 15983906.5310 4301733.4700 494307912.4665 12239.1777 632802.0075 52759903.7646 56996581.5097 29151470.4993 28431007.2435 28427987.3362 28427987.3362 28427987.3362 28427987.3362 28427987.3362 0.9184 0.1261 0.0485 0.0459 0.0404 0.0400 0.0400 0.0400 0.0400 0.0400 0.0400 0.0428 0.0538 0.6101 1.3851 1.5351 1.5375 1.5376 1.5376 1.5376 1.5376 1.5376 1.5376 0.1032 0.0744 0.0625 0.0565 0.0563 0.0563 0.0563 0.0563 0.0563 0.0563 0.0824  
17545 12 1.7927 1.8176 0.0081 0.0120 17806461.6940 192179.3092 3302743968.8324 683803.4046 1372481782.7273 7716845555.4594 5008138836.3708 1579236186.6177 396692304.0819 201157681.1394 115984908.0956 52436741.6127 21111419.8128 11813515.1837 110.3468 0.1144 0.0038 0.0073 0.0122 0.0145 0.0154 0.0156 0.0159 0.0167 0.0174 0.0120 0.0186 0.1361 0.2771 0.3810 0.4348 0.4710 0.5140 0.5477 0.5643 0.5692 1.1640 0.1882 0.1083 0.0822 0.0740 0.0690 0.0660 0.0655 0.0648 0.0633 0.0619 0.1357  
17545 15 1.3638 1.2861 0.0003 0.0004 1174400.8167 22406.5190 1290869132.5135 399918.8719 3846682462.9548 24057459522.8520 9722415130.7194 4594347029.3494 1724931609.4959 1346375880.9121 1325115796.3308 1323155202.4296 1320771125.5313 1317558765.2851 0.0000 0.0193 0.0002 0.0003 0.0003 0.0003 0.0003 0.0003 0.0003 0.0003 0.0003 0.0000 0.0045 0.0338 0.0594 0.0852 0.1005 0.1025 0.1026 0.1027 0.1028 0.1030 1.6453 0.2845 0.2042 0.1626 0.1549 0.1396 0.1337 0.1333 0.1333 0.1333 0.1333 0.0000  
17545 29 0.3828 0.8691 0.0744 0.0706 16682185.8215 883886.1435 161738761.7242 98899.1893 860750.7289 114205840.7963 619380202.0890 786194846.1105 529265544.2199 334458344.3307 220450264.5559 147584161.4821 115673064.8602 102305104.3250 49.7975 3.2416 0.7862 0.2317 0.0302 0.0078 0.0102 0.0280 0.0667 0.1117 0.1535 0.0088 0.0010 0.0098 0.0322 0.0674 0.1121 0.1625 0.2158 0.2678 0.3130 0.3562 2.5550 0.2044 0.1100 0.0918 0.0796 0.0683 0.0598 0.0544 0.0501 0.0469 0.0450 0.0555  
17545 30 1.9798 1.9119 0.0032 0.0067 2680151.6810 1958254.8170 178263629.3053 23717.6279 2349195.0499 69122320.6692 104813671.2900 40958640.3866 19301891.8772 21689402.2758 22553880.3499 22609671.1261 22610058.4805 22610058.4805 0.0000 0.0038 0.0172 0.0629 0.0522 0.0077 0.0035 0.0028 0.0027 0.0027 0.0027 0.0016 0.0091 0.1152 0.3955 0.8326 1.2540 1.4215 1.4449 1.4461 1.4461 1.4461 1.4461 0.1813 0.1303 0.1020 0.0779 0.0591 0.0565 0.0563 0.0563 0.0563 0.0563 0.2740  
17545 35 0.9958 0.7859 0.2415 0.3009 13048965.0569 1522.5597 89246500.0168 13041.7204 526058.1064 8808865.6066 38904332.7390 54562215.4092 40153996.3348 20703880.3176 13329091.0293 11977424.3341 11666587.2881 11425847.0833 0.0717 0.4174 1.3228 0.5781 0.2221 0.2218 0.1410 0.0431 0.0131 0.0100 0.0097 0.5874 0.0144 0.1174 0.2537 0.3547 0.4241 0.4832 0.5056 0.5109 0.5153 0.5202 1.4702 0.1340 0.1055 0.0807 0.0749 0.0726 0.0699 0.0669 0.0660 0.0658 0.0658 0.1341  
17545 36 0.9542 0.8906 0.0534 0.0989 134316927.3038 647970.1701 210622285.0908 757171.1975 33115399670.2788 33865240782.3482 6493790168.6717 6353530281.2470 6103638328.5082 5542381651.4137 4647831539.2186 3630496247.9658 2655583336.6858 2031895820.9519 4114.9412 0.0984 0.0987 0.1295 0.1333 0.1333 0.1333 0.1333 0.1333 0.1333 0.1333 0.1333 0.0007 0.0051 0.0076 0.0077 0.0083 0.0095 0.0114 0.0137 0.0158 0.0172 1.4359 0.1946 0.1885 0.1349 0.1338 0.1338 0.1338 0.1338 0.1338 0.1338 0.1338 0.1338  
26305 4 2.0636 1.4331 0.0258 0.0331 12095157.3797 30590475.1765 736562109.2038 46667.5083 975810.6556 71944492.6303 83855660.5870 52377569.3745 51561045.8253 51557635.2651 51557635.2651 51557635.2651 51557635.2651 51557635.2651 1.4615 0.0992 0.0347 0.0323 0.0275 0.0272 0.0272 0.0272 0.0272 0.0272 0.0272 0.0319 0.0538 0.6101 1.3851 1.5351 1.5375 1.5376 1.5376 1.5376 1.5376 1.5376 1.5376 0.1032 0.0744 0.0619 0.0565 0.0563 0.0563 0.0563 0.0563 0.0563 0.0563 0.0825  
26305 12 0.9968 0.9477 0.0048 0.0058 20804908.3898 219867.7341 4586983948.4196 1225855.1307 45209535.7459 2478569029.9297 6617205713.7666 3645135785.5903 1176444345.9746 669096570.0244 381784761.5362 163802132.5152 56351362.5125 24460140.4336 269.2980 0.0638 0.0034 0.0043 0.0058 0.0065 0.0068 0.0068 0.0070 0.0074 0.0081 0.0071 0.0186 0.1361 0.2771 0.3810 0.4348 0.4710 0.5140 0.5477 0.5643 0.5692 1.1640 0.1336 0.0906 0.0791 0.0732 0.0685 0.0660 0.0658 0.0656 0.0649 0.0638 0.0687  
26305 15 1.0821 1.0153 0.0004 0.0006 3630327.8645 0.0000 1330590842.9792 545410.9502 2435291912.6840 23729360509.5856 12361971775.5581 5602346241.1831 1708953987.3421 1195323300.4095 1166634119.0955 1164589649.8812 1162491128.2753 1159663531.8519 0.0000 0.0666 0.0004 0.0005 0.0006 0.0006 0.0006 0.0006 0.0006 0.0006 0.0006 0.0000 0.0045 0.0338 0.0594 0.0852 0.1005 0.1025 0.1026 0.1027 0.1028 0.1030 1.6453 0.2702 0.1987 0.1625 0.1568 0.1421 0.1340 0.1333 0.1333 0.1333 0.1333 0.0000  
26305 29 2.4767 0.9122 0.0139 0.0375 13264592.7416 960377.8484 146008638.0899 37855.8394 99101.9076 36505307.8828 473575800.0910 712717103.5858 521164682.6096 331238891.0490 211292316.7605 133764236.1116 99539140.6303 84938575.5070 48.8835 4.7821 0.8219 0.1109 0.0171 0.0072 0.0091 0.0258 0.0645 0.1066 0.1417 0.0074 0.0010 0.0098 0.0322 0.0674 0.1121 0.1625 0.2158 0.2678 0.3130 0.3562 2.5550 0.2461 0.0985 0.0850 0.0782 0.0681 0.0600 0.0546 0.0503 0.0471 0.0452 0.0555  
26305 30 1.3868 1.0650 0.0039 0.0196 23708623.3049 4271362.2149 232955171.9668 46956.8312 1004973.4595 39773018.7505 100724471.5138 78473734.9417 40650304.3782 25874168.7355 23810320.6805 23706968.5327 23706318.7256 23706318.7256 0.0000 0.0106 0.0627 0.1443 0.2034 0.0466 0.0083 0.0066 0.0065 0.0065 0.0065 0.0068 0.0091 0.1152 0.3955 0.8326 1.2540 1.4215 1.4449 1.4461 1.4461 1.4461 1.4461 0.1787 0.1232 0.0922 0.0744 0.0622 0.0569 0.0563 0.0563 0.0563 0.0563 0.2740  
26305 35 0.8538 0.9058 0.2508 0.2986 10343912.6062 3247.7623 77677891.8179 12986.9643 915651.4586 11141972.7124 29475712.7088 44926643.7550 34220943.4001 18342495.6576 12303239.0400 11187931.4831 10910651.7945 10686239.3912 0.1161 0.4195 1.2274 0.6444 0.2150 0.2060 0.1286 0.0396 0.0134 0.0107 0.0105 0.5887 0.0144 0.1174 0.2537 0.3547 0.4241 0.4832 0.5056 0.5109 0.5153 0.5202 1.4702 0.1351 0.1104 0.0808 0.0745 0.0725 0.0698 0.0669 0.0660 0.0658 0.0658 0.1341  
26305 36 0.8712 0.9579 0.0559 0.0986 119380698.6585 890707.1172 181599038.2293 722499.5798 32468156770.0276 32819614243.5674 5716307917.6342 5583144930.8182 5363535879.6337 4870294520.8967 4084149551.9456 3190099000.8256 2333329916.7735 1785223336.6898 3615.9942 0.0981 0.0985 0.1266 0.1333 0.1333 0.1333 0.1333 0.1333 0.1333 0.1333 0.1333 0.0007 0.0051 0.0076 0.0077 0.0083 0.0095 0.0114 0.0137 0.0158 0.0172 1.4359 0.1946 0.1890 0.1350 0.1338 0.1338 0.1338 0.1338 0.1338 0.1338 0.1338 0.1338  
35065 4 1.1409 1.0737 0.0452 0.0438 37135954.0156 8036704.1346 829265751.8044 96304.3295 457017.4381 35150300.6959 69622563.5944 67054349.6433 66939348.8909 66938851.1002 66938851.1002 66938851.1002 66938851.1002 66938851.1002 0.6193 0.1269 0.0539 0.0478 0.0426 0.0424 0.0424 0.0424 0.0424 0.0424 0.0424 0.0529 0.0538 0.6101 1.3851 1.5351 1.5375 1.5376 1.5376 1.5376 1.5376 1.5376 1.5376 0.1028 0.0727 0.0598 0.0564 0.0563 0.0563 0.0563 0.0563 0.0563 0.0563 0.0825  
35065 12 0.9550 0.9494 0.0024 0.0025 11393011.4246 44908.3846 4932618862.4904 1221988.7778 2699042.7851 685546363.5942 4733025971.3315 4152476813.6922 2013071148.8075 1337781912.1902 766629591.7303 325195738.2123 107599037.5512 43017505.7319 540.4355 0.1419 0.0019 0.0020 0.0023 0.0025 0.0026 0.0026 0.0026 0.0027 0.0029 0.0024 0.0186 0.1361 0.2771 0.3810 0.4348 0.4710 0.5140 0.5477 0.5643 0.5692 1.1640 0.1459 0.0821 0.0755 0.0720 0.0676 0.0660 0.0659 0.0658 0.0655 0.0649 0.0659  
35065 15 1.1527 1.0397 0.0006 0.0006 4495308.9810 0.0000 1385447068.1107 590168.1692 2759589766.8831 23757886925.6139 14729662914.1847 6512021376.9764 1701883484.6517 1067322751.5119 1031980659.9513 1029854107.9072 1027998337.3657 1025497829.3334 0.0000 0.0326 0.0005 0.0005 0.0006 0.0006 0.0006 0.0006 0.0006 0.0006 0.0006 0.0000 0.0045 0.0338 0.0594 0.0852 0.1005 0.1025 0.1026 0.1027 0.1028 0.1030 1.6453 0.2749 0.1976 0.1621 0.1579 0.1442 0.1342 0.1333 0.1333 0.1333 0.1333 0.0000  
35065 29 0.9662 0.9107 0.0055 0.0216 37707210.2014 4641485.9874 111318713.1061 93756.1627 172770.6973 25855522.5873 403392752.5473 640520337.5990 494833138.4075 314944491.1621 188047487.2929 100650413.7199 62698729.2679 47779902.9633 46.6663 4.8652 0.5855 0.0252 0.0117 0.0140 0.0326 0.0976 0.2523 0.4193 0.5309 0.0345 0.0010 0.0098 0.0322 0.0674 0.1121 0.1625 0.2158 0.2678 0.3130 0.3562 2.5550 0.2899 0.0975 0.0837 0.0776 0.0677 0.0602 0.0551 0.0510 0.0476 0.0458 0.0556  
35065 30 1.0120 1.2220 0.0024 0.0247 46943959.7019 2058569.4622 308083555.8625 65121.3818 2803966.3359 75529100.5982 129429508.9128 80397145.5970 51091822.7548 36025858.1900 33281921.8224 33117975.3712 33116875.4811 33116875.4811 0.0000 0.0149 0.1404 0.4423 0.2188 0.0502 0.0146 0.0103 0.0100 0.0100 0.0100 0.0063 0.0091 0.1152 0.3955 0.8326 1.2540 1.4215 1.4449 1.4461 1.4461 1.4461 1.4461 0.1822 0.1291 0.0960 0.0721 0.0616 0.0572 0.0563 0.0563 0.0563 0.0563 0.2740  
35065 35 0.8619 0.8830 0.2710 0.3312 8918457.9879 2787.2822 68744303.3085 11088.6108 679930.2393 7955813.9480 23027610.7651 36267698.9039 28297540.7474 15994331.9489 11307005.5550 10430745.9243 10186859.9539 9978285.3229 0.1001 0.4197 1.4297 0.7600 0.2286 0.2137 0.1277 0.0384 0.0139 0.0114 0.0112 0.5693 0.0144 0.1174 0.2537 0.3547 0.4241 0.4832 0.5056 0.5109 0.5153 0.5202 1.4702 0.1347 0.1106 0.0808 0.0745 0.0724 0.0695 0.0667 0.0660 0.0658 0.0658 0.1341  
35065 36 0.8703 0.8783 0.0550 0.0976 101670466.9991 711345.1548 155140520.4030 629418.6621 26225554381.5250 26717080580.4543 4969273391.3380 4859351984.4454 4668200649.2969 4238875246.9451 3554601717.8885 2776405392.9814 2030659471.0190 1553578476.1944 3147.2223 0.0968 0.0973 0.1303 0.1336 0.1336 0.1336 0.1336 0.1336 0.1336 0.1336 0.1336 0.0007 0.0051 0.0076 0.0077 0.0083 0.0095 0.0114 0.0137 0.0158 0.0172 1.4359 0.1946 0.1886 0.1349 0.1338 0.1338 0.1338 0.1338 0.1338 0.1338 0.1338 0.1338  
43825 4 1.0849 1.0244 0.0310 0.0300 20328457.8166 16195764.6747 873813986.3396 109876.9465 316029.9804 22318965.0338 63445660.0959 72402610.8597 72583183.3912 72583953.8405 72583953.8405 72583953.8405 72583953.8405 72583953.8405 0.4137 0.1189 0.0359 0.0294 0.0271 0.0271 0.0271 0.0271 0.0271 0.0271 0.0271 0.0335 0.0538 0.6101 1.3851 1.5351 1.5375 1.5376 1.5376 1.5376 1.5376 1.5376 1.5376 0.1033 0.0727 0.0585 0.0563 0.0563 0.0563 0.0563 0.0563 0.0563 0.0563 0.0826  
43825 12 0.9463 0.9509 0.0021 0.0020 10934569.5174 25629.2011 4895966905.6323 1166952.2404 652344.3024 285004292.1113 3223629022.7893 3690374328.9788 2498431999.0302 1808004121.6447 1039062140.5557 439398329.6703 143805258.4103 56075124.2964 732.5667 0.2265 0.0020 0.0019 0.0021 0.0022 0.0022 0.0023 0.0023 0.0023 0.0024 0.0021 0.0186 0.1361 0.2771 0.3810 0.4348 0.4710 0.5140 0.5477 0.5643 0.5692 1.1640 0.1698 0.0786 0.0739 0.0709 0.0669 0.0659 0.0659 0.0658 0.0657 0.0653 0.0659  
43825 15 1.0554 1.0874 0.0003 0.0005 5108013.1332 0.0000 1485511490.1222 680287.9383 4579181733.6176 25308378027.9194 17683588729.5434 7665507440.9611 1741237816.8216 959708159.1954 916268732.5868 913995681.0078 912348670.5891 910129450.7642 0.0000 0.0386 0.0004 0.0004 0.0005 0.0005 0.0005 0.0005 0.0005 0.0005 0.0005 0.0000 0.0045 0.0338 0.0594 0.0852 0.1005 0.1025 0.1026 0.1027 0.1028 0.1030 1.6453 0.2823 0.1981 0.1619 0.1586 0.1463 0.1345 0.1334 0.1333 0.1333 0.1333 0.0000  
43825 29 0.8653 0.9198 0.0143 0.0172 25608665.0527 1076202.3336 88055768.2091 90591.8219 31342.6609 21786661.3275 350870570.0617 576433388.9541 464950866.2478 298206096.2974 169627550.9892 76797149.2907 38232089.3471 25554037.7696 44.6301 6.1426 0.4111 0.0159 0.0122 0.0131 0.0267 0.0804 0.2392 0.4526 0.5815 0.0278 0.0010 0.0098 0.0322 0.0674 0.1121 0.1625 0.2158 0.2678 0.3130 0.3562 2.5550 0.2935 0.0940 0.0834 0.0771 0.0675 0.0602 0.0555 0.0518 0.0481 0.0464 0.0556  
43825 30 1.0788 1.1398 0.0041 0.0299 65095524.3329 1286120.5561 378695452.0824 65901.8505 3339544.0186 88777440.5058 153090967.8546 95504980.0540 58212971.5362 44410175.3102 42326002.6124 42217614.2190 42216926.4392 42216926.4392 0.0000 0.0209 0.1707 0.4999 0.3114 0.0612 0.0168 0.0127 0.0125 0.0125 0.0125 0.0115 0.0091 0.1152 0.3955 0.8326 1.2540 1.4215 1.4449 1.4461 1.4461 1.4461 1.4461 0.1833 0.1277 0.0954 0.0736 0.0614 0.0570 0.0563 0.0563 0.0563 0.0563 0.2740  
43825 35 0.8622 0.8933 0.3369 0.4021 9029591.6581 2684.0725 62031733.3639 9557.7141 775119.1565 9088799.3148 18458642.7735 28054102.8575 22383222.1588 13653301.8379 10323862.3865 9687641.6742 9477128.4168 9284259.6531 0.0987 0.4238 1.3481 0.9196 0.2884 0.2633 0.1487 0.0433 0.0163 0.0137 0.0134 0.6274 0.0144 0.1174 0.2537 0.3547 0.4241 0.4832 0.5056 0.5109 0.5153 0.5202 1.4702 0.1335 0.1118 0.0814 0.0745 0.0722 0.0692 0.0666 0.0660 0.0658 0.0658 0.1341  
43825 36 0.8636 0.8715 0.0543 0.0949 86028793.7688 614674.1612 131351836.1049 547794.9617 20799921089.9836 21402661915.3551 4302162389.2680 4212561181.5508 4046843718.8780 3674642728.1020 3081416042.3391 2406763572.1808 1760243777.2733 1346641372.1107 2728.3211 0.0936 0.0941 0.1259 0.1286 0.1286 0.1286 0.1286 0.1286 0.1286 0.1286 0.1286 0.0007 0.0051 0.0076 0.0077 0.0083 0.0095 0.0114 0.0137 0.0158 0.0172 1.4359 0.1946 0.1881 0.1348 0.1338 0.1338 0.1338 0.1338 0.1338 0.1338 0.1338 0.1338  
52609 4 1.0818 1.0468 0.0274 0.0261 19624405.2374 16078672.6777 910949276.1744 119208.1158 432237.4638 27854321.0241 69597864.9946 76485996.2399 76621718.3965 76622341.5644 76622341.5644 76622341.5644 76622341.5644 76622341.5644 0.5483 0.1085 0.0309 0.0263 0.0248 0.0248 0.0248 0.0248 0.0248 0.0248 0.0248 0.0282 0.0538 0.6101 1.3851 1.5351 1.5375 1.5376 1.5376 1.5376 1.5376 1.5376 1.5376 0.1036 0.0737 0.0587 0.0563 0.0563 0.0563 0.0563 0.0563 0.0563 0.0563 0.0826  
52609 12 0.9423 0.9521 0.0021 0.0020 10857366.5654 32453.9722 4758339339.9956 1104261.9633 1402656.5758 146376406.7686 2251149445.9073 3217948935.9562 2720285172.1819 2050532200.3257 1180022185.3935 498403293.8152 162412075.3443 62692162.9766 832.0087 0.2437 0.0035 0.0019 0.0021 0.0022 0.0022 0.0022 0.0022 0.0023 0.0024 0.0021 0.0186 0.1361 0.2771 0.3810 0.4348 0.4710 0.5140 0.5477 0.5643 0.5692 1.1640 0.1867 0.0769 0.0731 0.0699 0.0665 0.0659 0.0659 0.0658 0.0657 0.0654 0.0659  
52609 15 1.1515 1.1161 0.0003 0.0004 4683780.2126 0.0000 1612181878.8488 717986.5817 6209749283.2935 30502539754.1483 20576941582.3191 8771285221.1596 1801174255.2074 881683506.5024 830637324.6671 828204332.1511 826711911.1167 824700988.5947 0.0000 0.0346 0.0003 0.0003 0.0004 0.0004 0.0004 0.0004 0.0004 0.0004 0.0004 0.0000 0.0045 0.0338 0.0594 0.0852 0.1005 0.1025 0.1026 0.1027 0.1028 0.1030 1.6453 0.2838 0.1991 0.1619 0.1591 0.1482 0.1349 0.1334 0.1333 0.1333 0.1333 0.0000  
52609 29 0.8226 0.9202 0.0169 0.0186 21478246.9166 885481.7583 69892529.2046 78388.7606 21105.8473 18996818.8331 307740169.9703 518999323.2248 432770212.3926 279656281.5295 152021515.7847 56260009.8258 19042067.1058 10347936.8485 42.3488 6.0878 0.3307 0.0143 0.0129 0.0156 0.0317 0.0872 0.2842 0.6582 0.8609 0.0353 0.0010 0.0098 0.0322 0.0674 0.1121 0.1625 0.2158 0.2678 0.3130 0.3562 2.5550 0.2974 0.0922 0.0833 0.0768 0.0673 0.0603 0.0560 0.0531 0.0492 0.0471 0.0556  
52609 30 1.1347 1.0314 0.0033 0.0285 65877697.2580 1170806.0271 459647815.0698 71091.9312 2797199.0483 73435766.8489 131863793.7586 99241041.7624 68883542.7261 54587455.4319 52374410.0822 52262743.5666 52262047.0382 52262047.0382 0.0000 0.0206 0.1754 0.5040 0.2858 0.0575 0.0156 0.0121 0.0119 0.0119 0.0119 0.0113 0.0091 0.1152 0.3955 0.8326 1.2540 1.4215 1.4449 1.4461 1.4461 1.4461 1.4461 0.1844 0.1269 0.0936 0.0725 0.0612 0.0569 0.0563 0.0563 0.0563 0.0563 0.2740  
52609 35 0.7620 0.8937 0.4339 0.5096 9047047.9295 3478.2246 49522290.7354 8240.8344 849509.4028 10556028.3104 16290247.6006 20493906.6182 16456675.5243 11320136.8112 9366686.3803 8973463.1211 8796115.6046 8618380.1688 0.0860 0.3816 1.3871 1.1825 0.3756 0.3285 0.1699 0.0477 0.0194 0.0167 0.0165 0.5866 0.0144 0.1174 0.2537 0.3547 0.4241 0.4832 0.5056 0.5109 0.5153 0.5202 1.4702 0.1334 0.1123 0.0827 0.0748 0.0720 0.0688 0.0665 0.0659 0.0658 0.0658 0.1341  
52609 36 0.8443 0.8571 0.0541 0.0940 73587706.1626 554052.2261 109602671.8505 473068.7599 16028466542.9076 16687841788.3993 3645686478.7482 3574423971.7015 3433804855.8906 3117974687.0091 2614593747.5942 2042119173.6606 1493516507.0908 1142555277.1680 2315.0238 0.0932 0.0937 0.1271 0.1291 0.1291 0.1291 0.1291 0.1291 0.1291 0.1291 0.1291 0.0007 0.0051 0.0076 0.0077 0.0083 0.0095 0.0114 0.0137 0.0158 0.0172 1.4359 0.1946 0.1874 0.1347 0.1338 0.1338 0.1338 0.1338 0.1338 0.1338 0.1338 0.1338  
61369 4 0.9915 0.9881 0.0264 0.0254 19788950.8957 15625756.8995 901207446.7807 128962.7301 219511.1737 15600230.0689 62899533.9472 77540574.3570 77845540.1388 77846782.8829 77846782.8829 77846782.8829 77846782.8829 77846782.8829 0.2771 0.1150 0.0314 0.0259 0.0247 0.0247 0.0247 0.0247 0.0247 0.0247 0.0247 0.0295 0.0538 0.6101 1.3851 1.5351 1.5375 1.5376 1.5376 1.5376 1.5376 1.5376 1.5376 0.1036 0.0715 0.0577 0.0563 0.0563 0.0563 0.0563 0.0563 0.0563 0.0563 0.0824  
61369 12 0.9381 0.9524 0.0021 0.0021 10795365.7662 29846.8518 4540404942.9932 1040568.1619 986293.8744 95157772.5156 1664520894.4939 2837269543.1302 2763335022.5013 2127582022.8974 1225207449.6116 517200340.1562 168201583.1425 64621185.2312 863.8838 0.2558 0.0044 0.0020 0.0022 0.0023 0.0023 0.0023 0.0023 0.0023 0.0024 0.0021 0.0186 0.1361 0.2771 0.3810 0.4348 0.4710 0.5140 0.5477 0.5643 0.5692 1.1640 0.1854 0.0760 0.0727 0.0691 0.0663 0.0659 0.0659 0.0659 0.0657 0.0655 0.0659  
61369 15 1.0855 1.0307 0.0007 0.0005 5418099.3973 0.0000 1728721751.0405 826793.5895 5711802702.9518 30355890939.1214 23389982162.7863 9917829203.6720 1899202888.7759 841397344.1676 782715479.3699 780085137.9193 778679425.0357 776785335.0765 0.0000 0.0359 0.0003 0.0004 0.0005 0.0005 0.0005 0.0005 0.0005 0.0005 0.0005 0.0000 0.0045 0.0338 0.0594 0.0852 0.1005 0.1025 0.1026 0.1027 0.1028 0.1030 1.6453 0.2800 0.1968 0.1619 0.1595 0.1496 0.1352 0.1334 0.1333 0.1333 0.1333 0.0000  
61369 29 0.7360 0.9240 0.0211 0.0227 15819589.1018 628161.8254 58278921.4210 64479.5516 28071.2815 16732071.8835 271370229.8888 464921606.9599 396807197.9878 260684232.9825 138801146.1301 43749643.2978 8406785.5747 2629733.7550 40.2222 6.0604 0.4860 0.0156 0.0154 0.0213 0.0391 0.0804 0.2408 0.7921 1.3332 0.0480 0.0010 0.0098 0.0322 0.0674 0.1121 0.1625 0.2158 0.2678 0.3130 0.3562 2.5550 0.2901 0.0956 0.0833 0.0765 0.0672 0.0602 0.0563 0.0546 0.0515 0.0486 0.0556  
61369 30 1.1205 0.9259 0.0041 0.0304 71069328.9310 786690.5510 522026132.6630 80667.6804 1654865.7304 43201812.0775 70069531.6428 70069352.0282 73681477.3507 64882753.7499 62564408.0119 62405434.3974 62404331.4178 62404331.4178 0.0000 0.0266 0.3106 0.8013 0.3614 0.0590 0.0182 0.0143 0.0141 0.0141 0.0141 0.0120 0.0091 0.1152 0.3955 0.8326 1.2540 1.4215 1.4449 1.4461 1.4461 1.4461 1.4461 0.1855 0.1264 0.0932 0.0697 0.0603 0.0569 0.0563 0.0563 0.0563 0.0563 0.2740  
61369 35 0.6944 0.8374 0.4958 0.5367 7977172.9222 3214.8972 48332809.4383 6279.4849 571031.0128 7333558.4703 11858305.2704 13430278.2335 11390272.1765 9274652.7437 8468503.9815 8278512.7090 8130493.7358 7967385.5390 0.0574 0.4091 1.3294 1.1192 0.4641 0.3912 0.1770 0.0488 0.0224 0.0198 0.0196 0.6562 0.0144 0.1174 0.2537 0.3547 0.4241 0.4832 0.5056 0.5109 0.5153 0.5202 1.4702 0.1329 0.1113 0.0827 0.0750 0.0715 0.0682 0.0663 0.0659 0.0658 0.0658 0.1341  
61369 36 0.8475 0.8572 0.0540 0.0936 62551577.0172 455317.1286 93551411.4243 399402.6204 12227780968.0335 12925784030.0627 3111779874.5042 3055198752.0149 2935001586.2849 2665039064.2655 2234763551.1617 1745428791.4798 1276499049.9060 976507509.7761 1978.7412 0.0929 0.0935 0.1267 0.1285 0.1285 0.1285 0.1285 0.1285 0.1285 0.1285 0.1285 0.0007 0.0051 0.0076 0.0077 0.0083 0.0095 0.0114 0.0137 0.0158 0.0172 1.4359 0.1946 0.1867 0.1346 0.1338 0.1338 0.1338 0.1338 0.1338 0.1338 0.1338 0.1338  
70129 4 0.9302 0.9800 0.0261 0.0244 18520060.6944 15132240.5204 893122325.2659 127870.0546 189382.1279 12829750.5496 59800703.4570 75822053.4564 76161971.3157 76163357.0344 76163357.0344 76163357.0344 76163357.0344 76163357.0344 0.2300 0.1110 0.0283 0.0244 0.0241 0.0240 0.0240 0.0240 0.0240 0.0240 0.0240 0.0270 0.0538 0.6101 1.3851 1.5351 1.5375 1.5376 1.5376 1.5376 1.5376 1.5376 1.5376 0.1037 0.0715 0.0574 0.0563 0.0563 0.0563 0.0563 0.0563 0.0563 0.0563 0.0824  
70129 12 0.9392 0.9531 0.0022 0.0022 10747043.2354 35249.0210 4342301192.5472 976171.1282 1539214.5028 62925571.8879 1120161683.6108 2471221114.8635 2803424816.6654 2200644447.0502 1268068699.1551 535032122.7558 173695595.8079 66453491.5212 894.1359 0.2602 0.0067 0.0021 0.0023 0.0023 0.0024 0.0024 0.0024 0.0024 0.0025 0.0022 0.0186 0.1361 0.2771 0.3810 0.4348 0.4710 0.5140 0.5477 0.5643 0.5692 1.1640 0.1887 0.0775 0.0722 0.0684 0.0662 0.0659 0.0659 0.0659 0.0658 0.0655 0.0659  
70129 15 1.0430 1.0530 0.0002 0.0003 4556010.5992 0.0000 1838707047.9085 897514.6425 7855685337.7850 30128382024.8378 26119516026.0948 11050204098.3604 2013493146.7719 821386584.1263 755285870.5123 752445274.1138 751089367.2178 749262386.9952 0.0000 0.0286 0.0002 0.0002 0.0003 0.0003 0.0003 0.0003 0.0003 0.0003 0.0003 0.0000 0.0045 0.0338 0.0594 0.0852 0.1005 0.1025 0.1026 0.1027 0.1028 0.1030 1.6453 0.2843 0.1968 0.1617 0.1597 0.1508 0.1356 0.1334 0.1333 0.1333 0.1333 0.0000  
70129 29 0.4691 0.9316 0.0200 0.0241 8849692.5656 441106.6912 52440529.1279 47459.5490 26396.5783 14584301.8752 237565419.0918 416487270.1467 365281094.3337 242427927.3498 128448207.6086 38534781.5219 5535207.8278 838542.6172 37.6294 6.0074 0.5114 0.0159 0.0165 0.0238 0.0405 0.0600 0.1127 0.4040 1.1322 0.0531 0.0010 0.0098 0.0322 0.0674 0.1121 0.1625 0.2158 0.2678 0.3130 0.3562 2.5550 0.2879 0.0959 0.0832 0.0763 0.0670 0.0602 0.0565 0.0556 0.0549 0.0535 0.0555  
70129 30 0.9905 1.0753 0.0091 0.0299 80640889.0004 366319.6458 545314462.4091 90389.1712 3128728.7826 74140763.3890 92272616.9679 54064869.3523 63695215.3524 69315960.0840 69843772.4017 69853527.1293 69853559.7746 69853559.7746 0.0000 0.0294 0.3566 0.9786 0.4622 0.0548 0.0191 0.0156 0.0154 0.0154 0.0154 0.0138 0.0091 0.1152 0.3955 0.8326 1.2540 1.4215 1.4449 1.4461 1.4461 1.4461 1.4461 0.1851 0.1303 0.0999 0.0706 0.0592 0.0567 0.0563 0.0563 0.0563 0.0563 0.2740  
70129 35 1.1227 1.0336 0.3137 0.5972 6279113.1694 25250.1290 36593512.7478 4360.3440 1613086.5844 18698723.1388 13159096.0735 10587687.0404 8715839.6205 7978172.9038 7707330.4130 7614260.0108 7485587.3631 7336095.8205 0.1567 0.3872 1.0589 1.4327 0.4690 0.3525 0.1448 0.0420 0.0227 0.0208 0.0207 0.6141 0.0144 0.1174 0.2537 0.3547 0.4241 0.4832 0.5056 0.5109 0.5153 0.5202 1.4702 0.1327 0.1134 0.0858 0.0759 0.0710 0.0677 0.0662 0.0659 0.0658 0.0658 0.1341  
70129 36 0.8237 0.8895 0.0540 0.0932 52711410.9251 388708.2100 78319172.0229 338478.7407 10512141279.4897 11058106066.1188 2583450428.3373 2535422354.5064 2435671883.9936 2211632586.3336 1854551080.9192 1448456875.4428 1059296598.0190 810336507.3330 1642.1012 0.0924 0.0931 0.1257 0.1286 0.1286 0.1286 0.1286 0.1286 0.1286 0.1286 0.1286 0.0007 0.0051 0.0076 0.0077 0.0083 0.0095 0.0114 0.0137 0.0158 0.0172 1.4359 0.1946 0.1868 0.1346 0.1338 0.1338 0.1338 0.1338 0.1338 0.1338 0.1338 0.1338  
78889 4 1.0818 1.0339 0.0237 0.0228 17465397.8003 14400226.0405 916543922.9429 118938.6631 482422.4470 24933937.0096 66806143.7965 77363215.9530 77596575.6173 77597609.2501 77597609.2501 77597609.2501 77597609.2501 77597609.2501 0.5739 0.0947 0.0286 0.0233 0.0219 0.0219 0.0219 0.0219 0.0219 0.0219 0.0219 0.0260 0.0538 0.6101 1.3851 1.5351 1.5375 1.5376 1.5376 1.5376 1.5376 1.5376 1.5376 0.1038 0.0743 0.0583 0.0563 0.0563 0.0563 0.0563 0.0563 0.0563 0.0563 0.0825  
78889 12 0.9366 0.9539 0.0024 0.0023 10758503.6298 38202.5231 4118793689.0524 916777.6301 2516568.1334 50213120.6349 789531587.4832 2200266735.2628 2751668648.4195 2183394083.3482 1258558925.5023 530881447.0730 172186604.1316 65728563.3411 887.4556 0.2422 0.0106 0.0021 0.0024 0.0025 0.0025 0.0025 0.0025 0.0025 0.0026 0.0023 0.0186 0.1361 0.2771 0.3810 0.4348 0.4710 0.5140 0.5477 0.5643 0.5692 1.1640 0.1877 0.0825 0.0717 0.0676 0.0661 0.0659 0.0659 0.0659 0.0658 0.0655 0.0659  
78889 15 0.9954 0.9808 0.0002 0.0002 4143429.1267 0.0000 1869843291.2731 936131.5475 7598189708.3788 25446421819.7805 27945091528.9419 11861109435.8929 2109961203.3187 823608963.7252 752298035.3199 749294030.1743 747943801.3955 746124471.9991 0.0000 0.0246 0.0001 0.0002 0.0002 0.0002 0.0002 0.0002 0.0002 0.0002 0.0002 0.0000 0.0045 0.0338 0.0594 0.0852 0.1005 0.1025 0.1026 0.1027 0.1028 0.1030 1.6453 0.2808 0.1938 0.1615 0.1598 0.1514 0.1358 0.1334 0.1333 0.1333 0.1333 0.0000  
78889 29 0.5738 0.9370 0.0189 0.0247 4820152.9451 264861.7815 49240088.0580 22261.3185 877408.2123 14335809.6311 205063635.5533 370638025.1289 337303968.5571 228225109.3817 121955197.6825 36635293.9037 5240252.6450 779189.0932 35.8131 2.2983 0.4231 0.0263 0.0207 0.0207 0.0312 0.0393 0.0426 0.0525 0.0921 0.0412 0.0010 0.0098 0.0322 0.0674 0.1121 0.1625 0.2158 0.2678 0.3130 0.3562 2.5550 0.2345 0.1078 0.0832 0.0760 0.0669 0.0601 0.0565 0.0557 0.0555 0.0555 0.0556  
78889 30 0.9931 1.0306 0.0204 0.0337 90347612.2879 58547.5527 559933050.0972 89529.5615 2709560.3860 65732785.1050 107679613.2512 65933501.7490 62582249.8431 70530615.6402 72132237.4409 72225571.9441 72226210.6778 72226210.6778 0.0000 0.0327 0.3491 0.8602 0.5529 0.0647 0.0199 0.0175 0.0174 0.0174 0.0174 0.0169 0.0091 0.1152 0.3955 0.8326 1.2540 1.4215 1.4449 1.4461 1.4461 1.4461 1.4461 0.1845 0.1276 0.0970 0.0737 0.0590 0.0565 0.0563 0.0563 0.0563 0.0563 0.2740  
78889 35 1.4906 0.8070 0.1421 0.5244 4360146.5429 189162.7187 32960846.5532 4895.5728 627137.1234 8344523.6755 8696646.5527 7635387.6126 6931759.7140 7007581.0826 7036700.8902 6999449.2203 6885690.2351 6748714.2396 0.0491 0.3254 1.1037 1.2722 0.3964 0.3049 0.1120 0.0349 0.0213 0.0201 0.0200 0.6088 0.0144 0.1174 0.2537 0.3547 0.4241 0.4832 0.5056 0.5109 0.5153 0.5202 1.4702 0.1306 0.1117 0.0848 0.0757 0.0703 0.0672 0.0661 0.0659 0.0658 0.0658 0.1341  
78889 36 0.8351 0.9128 0.0541 0.0935 33301715.0537 314562.1813 64664761.4449 278820.7967 9715197387.1506 10064603134.5553 2124526697.9963 2081902735.8186 1999993680.0215 1816026153.4743 1522812409.1953 1189352398.7831 869797506.3152 665366531.1465 1348.3732 0.0931 0.0936 0.1231 0.1269 0.1269 0.1269 0.1269 0.1269 0.1269 0.1269 0.1269 0.0007 0.0051 0.0076 0.0077 0.0083 0.0095 0.0114 0.0137 0.0158 0.0172 1.4359 0.1946 0.1875 0.1347 0.1338 0.1338 0.1338 0.1338 0.1338 0.1338 0.1338 0.1338  
87673 4 0.9875 0.9980 0.0248 0.0240 19382429.8166 15278648.4547 925291067.9527 128663.5111 315553.4523 17454093.2314 63918805.9528 78544460.9885 78858497.1706 78859803.9378 78859803.9378 78859803.9378 78859803.9378 78859803.9378 0.3430 0.0959 0.0255 0.0241 0.0242 0.0242 0.0242 0.0242 0.0242 0.0242 0.0242 0.0222 0.0538 0.6101 1.3851 1.5351 1.5375 1.5376 1.5376 1.5376 1.5376 1.5376 1.5376 0.1038 0.0726 0.0579 0.0563 0.0563 0.0563 0.0563 0.0563 0.0563 0.0563 0.0825  
87673 12 0.9380 0.9558 0.0025 0.0023 10730926.7421 52800.1477 3899350830.7269 858676.0265 5350779.8531 54220196.5491 529224873.6538 1966117819.9020 2682821455.5321 2147374391.9574 1238134924.1195 522156902.9085 169229100.2001 64482699.4708 873.1331 0.2404 0.0174 0.0022 0.0025 0.0026 0.0026 0.0026 0.0026 0.0026 0.0027 0.0025 0.0186 0.1361 0.2771 0.3810 0.4348 0.4710 0.5140 0.5477 0.5643 0.5692 1.1640 0.1893 0.0930 0.0711 0.0670 0.0660 0.0659 0.0659 0.0659 0.0658 0.0655 0.0660  
87673 15 0.9807 0.9934 0.0002 0.0001 3802961.1191 0.0000 1833938884.9749 931840.1680 9032226214.6509 23651421717.6701 27654467416.4440 11765349748.2936 2101049666.1088 826154011.6208 755475741.8949 752488855.1648 751132869.1333 749305782.2816 0.0000 0.0212 0.0001 0.0001 0.0001 0.0001 0.0001 0.0001 0.0001 0.0001 0.0001 0.0000 0.0045 0.0338 0.0594 0.0852 0.1005 0.1025 0.1026 0.1027 0.1028 0.1030 1.6453 0.2834 0.1938 0.1613 0.1598 0.1515 0.1358 0.1334 0.1333 0.1333 0.1333 0.0000  
87673 29 0.8692 0.9326 0.0227 0.0305 5386341.4171 230719.3586 45802642.4249 12773.1807 967166.7274 12864975.9708 177609362.8698 328712580.0710 307983340.4414 212565921.1875 114758733.6219 34557688.4020 4946485.6195 736533.9661 33.7921 2.2961 0.5546 0.0335 0.0250 0.0259 0.0384 0.0476 0.0508 0.0578 0.0854 0.0499 0.0010 0.0098 0.0322 0.0674 0.1121 0.1625 0.2158 0.2678 0.3130 0.3562 2.5550 0.2286 0.1146 0.0832 0.0757 0.0667 0.0600 0.0565 0.0557 0.0555 0.0555 0.0556  
87673 30 1.0223 0.9634 0.0215 0.0345 89497923.5410 49851.7398 589561940.2392 88914.0530 2003504.2394 44143591.5651 74983986.5779 65471278.4846 70634587.9298 74058860.1378 74535810.4640 74557731.2197 74557881.0566 74557881.0566 0.0000 0.0348 0.4412 0.9999 0.5028 0.0656 0.0204 0.0177 0.0175 0.0175 0.0175 0.0176 0.0091 0.1152 0.3955 0.8326 1.2540 1.4215 1.4449 1.4461 1.4461 1.4461 1.4461 0.1844 0.1273 0.0948 0.0718 0.0594 0.0566 0.0563 0.0563 0.0563 0.0563 0.2740  
87673 35 0.6235 0.9470 0.1762 0.6037 4895393.4501 107644.9278 30470301.0758 7297.1168 925383.1481 12029423.9413 6915143.2493 5363284.0896 5335626.6261 6095631.2981 6381826.0174 6392903.7473 6293252.8753 6168594.4406 0.0564 0.2934 0.9026 1.5204 0.4658 0.3284 0.1135 0.0394 0.0270 0.0258 0.0257 0.5534 0.0144 0.1174 0.2537 0.3547 0.4241 0.4832 0.5056 0.5109 0.5153 0.5202 1.4702 0.1312 0.1130 0.0868 0.0759 0.0697 0.0669 0.0660 0.0659 0.0658 0.0658 0.1341  
87673 36 0.2763 0.9645 0.0147 0.0245 541206.0939 293557.8822 60295531.2789 232840.8329 9416356144.3598 9697386410.3118 1961475664.8964 1920817503.5581 1845245131.3195 1675509779.5888 1404979762.9333 1097317029.0802 802483679.4621 613867981.1987 1244.0442 0.0011 0.0015 0.0050 0.0051 0.0051 0.0051 0.0051 0.0051 0.0051 0.0051 0.0051 0.0007 0.0051 0.0076 0.0077 0.0083 0.0095 0.0114 0.0137 0.0158 0.0172 1.4359 0.1940 0.1872 0.1341 0.1332 0.1332 0.1332 0.1332 0.1332 0.1332 0.1332 0.1332  
96433 4 1.0629 1.0163 0.0233 0.0225 17572320.6381 14752000.1222 942487662.6319 127059.6337 379639.5538 21361603.2520 68086191.0926 79572069.3060 79798809.6344 79799735.6585 79799735.6585 79799735.6585 79799735.6585 79799735.6585 0.3841 0.0836 0.0279 0.0230 0.0216 0.0216 0.0216 0.0216 0.0216 0.0216 0.0216 0.0265 0.0538 0.6101 1.3851 1.5351 1.5375 1.5376 1.5376 1.5376 1.5376 1.5376 1.5376 0.1039 0.0732 0.0581 0.0563 0.0563 0.0563 0.0563 0.0563 0.0563 0.0563 0.0827  
96433 12 0.9390 0.9563 0.0027 0.0025 10754941.4128 57564.7762 3675091379.9759 805420.9293 5943397.1647 60210117.1668 406779698.4097 1798762581.5484 2560162042.1242 2057278481.7608 1186333709.5840 500264459.3170 162079624.6989 61708839.7333 836.6026 0.2400 0.0172 0.0023 0.0027 0.0027 0.0027 0.0027 0.0028 0.0028 0.0029 0.0026 0.0186 0.1361 0.2771 0.3810 0.4348 0.4710 0.5140 0.5477 0.5643 0.5692 1.1640 0.1871 0.0972 0.0706 0.0666 0.0660 0.0659 0.0659 0.0659 0.0658 0.0656 0.0660  
96433 15 1.0051 1.0143 0.0002 0.0002 3979817.7861 0.0000 1757344314.7530 913865.4741 10695590534.0730 26000370254.3870 26122739254.7835 11092823902.4328 2000929870.5313 801544288.6691 735046139.1512 732212440.5163 730892992.5449 729115137.9182 0.0000 0.0249 0.0002 0.0002 0.0002 0.0002 0.0002 0.0002 0.0002 0.0002 0.0002 0.0000 0.0045 0.0338 0.0594 0.0852 0.1005 0.1025 0.1026 0.1027 0.1028 0.1030 1.6453 0.2839 0.1964 0.1614 0.1598 0.1514 0.1358 0.1334 0.1333 0.1333 0.1333 0.0000  
96433 29 0.9474 0.9292 0.0281 0.0362 6838222.8088 310306.3505 41881288.4171 11102.8253 1509858.7864 12391189.1585 152027664.6890 291459628.7571 282085231.3837 195192875.8484 105078369.2284 31616056.9625 4523339.8841 672563.9729 30.9139 2.4128 0.7390 0.0364 0.0259 0.0304 0.0529 0.0689 0.0739 0.0827 0.1166 0.0731 0.0010 0.0098 0.0322 0.0674 0.1121 0.1625 0.2158 0.2678 0.3130 0.3562 2.5550 0.2323 0.1265 0.0833 0.0753 0.0665 0.0600 0.0565 0.0557 0.0555 0.0555 0.0556  
96433 30 1.0877 0.9184 0.0218 0.0324 80213527.1636 46883.9746 602242116.3859 90896.3283 1558038.2021 25785046.1115 31045564.0715 39728212.8974 65187983.7479 77343750.7072 79135122.0506 79227170.2171 79227776.4550 79227776.4550 0.0000 0.0497 0.7343 1.5818 0.5398 0.0566 0.0212 0.0188 0.0186 0.0186 0.0186 0.0187 0.0091 0.1152 0.3955 0.8326 1.2540 1.4215 1.4449 1.4461 1.4461 1.4461 1.4461 0.1832 0.1303 0.0959 0.0689 0.0587 0.0566 0.0563 0.0563 0.0563 0.0563 0.2740  
96433 35 0.2977 0.8869 0.6823 0.9241 5380662.2607 3814.8393 23609221.4584 4550.0981 1053415.4200 12425414.2242 4337425.8794 2877819.6592 3672739.4601 5137075.5603 5686016.3588 5746642.8560 5661824.9641 5550251.9795 0.0755 0.3394 0.9914 2.1612 0.9519 0.4840 0.1528 0.0574 0.0422 0.0408 0.0407 0.6124 0.0144 0.1174 0.2537 0.3547 0.4241 0.4832 0.5056 0.5109 0.5153 0.5202 1.4702 0.1323 0.1134 0.0885 0.0762 0.0692 0.0667 0.0660 0.0659 0.0658 0.0658 0.1341  
96433 36 0.9598 0.9746 0.0048 0.0075 645359.4279 290996.1039 55718669.2221 64340.4797 9362867426.4104 9557396312.0995 1806388376.0644 1766925857.2505 1697407309.4694 1541268831.7482 1292409978.5354 1009392973.3712 738177637.7115 564671248.4823 1144.3743 0.0012 0.0018 0.0066 0.0067 0.0067 0.0067 0.0067 0.0067 0.0067 0.0067 0.0067 0.0007 0.0051 0.0076 0.0077 0.0083 0.0095 0.0114 0.0137 0.0158 0.0172 1.4359 0.1940 0.1877 0.1342 0.1332 0.1332 0.1332 0.1332 0.1332 0.1332 0.1332 0.1332  
