8761 4 0.7653 0.8166 0.1465 0.1801 24103982.0446 22881877.9243 248601348.0518 27015.0584 422417.1001 30194819.3559 30284804.8350 12769620.1250 12303201.8033 12301181.1732 12301181.1732 12301181.1732 12301181.1732 12301181.1732 0.5712 0.3854 0.2290 0.2113 0.1940 0.1927 0.1927 0.1927 0.1927 0.1927 0.1927 0.2137 0.0538 0.6101 1.3851 1.5351 1.5375 1.5376 1.5376 1.5376 1.5376 1.5376 1.5376 0.1031 0.0750 0.0634 0.0567 0.0563 0.0563 0.0563 0.0563 0.0563 0.0563 0.0826  
8761 12 1.6259 0.6931 0.0179 0.0302 16636954.8132 3960233.3281 1213777730.8428 42932.9407 814341394.8635 4114728595.9120 1519828597.6090 314479874.0937 100492729.4788 61989592.6450 38211079.3688 20073112.4601 11131832.9945 8477254.9261 43.9811 0.5645 0.0195 0.0266 0.0414 0.0462 0.0475 0.0485 0.0507 0.0540 0.0561 0.0338 0.0186 0.1361 0.2771 0.3810 0.4348 0.4710 0.5140 0.5477 0.5643 0.5692 1.1640 0.1880 0.1142 0.0852 0.0730 0.0674 0.0657 0.0651 0.0639 0.0620 0.0608 0.1402  
8761 15 0.0041 0.6901 0.0008 0.0015 5658936.4642 0.0000 1209708710.6018 2440.2825 1412080708.7436 13750448887.8715 7136162773.7442 3727259907.4761 1778654723.9616 1521564045.5861 1506974924.5670 1505052107.3033 1502341771.3404 1498689801.8021 0.0000 0.8925 0.0020 0.0015 0.0015 0.0015 0.0015 0.0016 0.0018 0.0021 0.0026 0.0000 0.0045 0.0338 0.0594 0.0852 0.1005 0.1025 0.1026 0.1027 0.1028 0.1030 1.6453 0.2654 0.2028 0.1621 0.1522 0.1375 0.1336 0.1333 0.1333 0.1333 0.1333 0.0000  
8761 29 0.5577 0.6754 0.0460 0.0859 69115795.4540 179643111.0530 174305158.4693 71380.0969 4814481.1381 489723407.1777 944508303.2793 729678613.3593 488307341.2400 331357642.2101 230211865.0931 159478565.7782 129672204.6469 119187864.9033 51.7792 4.2884 0.9719 0.1733 0.0577 0.0456 0.0814 0.2649 0.5645 0.7434 0.8121 0.0523 0.0010 0.0098 0.0322 0.0674 0.1121 0.1625 0.2158 0.2678 0.3130 0.3562 2.5550 0.1514 0.1164 0.1013 0.0811 0.0677 0.0592 0.0536 0.0494 0.0466 0.0448 0.0556  
8761 30 0.0870 0.8875 0.0185 0.0379 21360043.6692 31260.4106 164941727.1366 2722.3260 29.9740 5186.8140 1307213.2508 12349359.5350 21467982.4303 20984326.4124 20500457.7834 20459140.0418 20458839.0097 20458839.0097 0.0000 1.0063 3.4769 0.8667 0.2032 0.0659 0.0310 0.0245 0.0240 0.0240 0.0240 0.0000 0.0091 0.1152 0.3955 0.8326 1.2540 1.4215 1.4449 1.4461 1.4461 1.4461 1.4461 0.1399 0.0882 0.0688 0.0639 0.0597 0.0569 0.0563 0.0563 0.0563 0.0563 0.0000  
8761 35 1.3158 0.4639 0.2710 0.5415 12246210.6465 1734626.7197 100820648.9716 16519.9196 3927633.0318 46107480.3440 66989080.7617 64651595.3940 42811483.3971 22049183.7231 14276648.3733 12850762.0546 12519596.9371 12261598.2473 0.3994 0.5111 1.7743 1.6902 0.2473 0.1893 0.1295 0.0625 0.0429 0.0409 0.0408 0.7030 0.0144 0.1174 0.2537 0.3547 0.4241 0.4832 0.5056 0.5109 0.5153 0.5202 1.4702 0.1353 0.1123 0.0840 0.0759 0.0726 0.0698 0.0668 0.0660 0.0658 0.0658 0.1341  
8761 36 1.0769 0.5677 0.0434 0.1000 145079648.5595 2272704.0213 222631471.0838 189980.2849 41564059275.8557 41761656403.4837 6889946741.2469 6722356724.1532 6457995531.9407 5864240980.3693 4917894643.6727 3841653622.3477 2810291320.9692 2150491061.9616 4353.8109 1.1608 0.1333 0.1453 0.1456 0.1456 0.1456 0.1456 0.1456 0.1456 0.1456 0.1456 0.0007 0.0051 0.0076 0.0077 0.0083 0.0095 0.0114 0.0137 0.0158 0.0172 1.4359 0.1898 0.1845 0.1301 0.1289 0.1289 0.1289 0.1289 0.1289 0.1289 0.1289 0.1289  
17545 4 3.4062 1.5931 0.0571 0.0608 16128977.2578 4324205.5016 449942562.5976 12040.5668 612859.9984 38067370.7554 47485717.3652 29124528.2078 28595553.9586 28593172.2407 28593172.2407 28593172.2407 28593172.2407 28593172.2407 0.8405 0.1390 0.0500 0.0473 0.0443 0.0442 0.0442 0.0442 0.0442 0.0442 0.0442 0.0469 0.0538 0.6101 1.3851 1.5351 1.5375 1.5376 1.5376 1.5376 1.5376 1.5376 1.5376 0.1035 0.0746 0.0620 0.0565 0.0563 0.0563 0.0563 0.0563 0.0563 0.0563 0.0830  
17545 12 1.4594 1.5717 0.0095 0.0134 18121363.9880 192834.0499 2692907073.7762 687800.5304 1020945317.6411 6071141765.7214 4320083442.6269 1369610182.9036 300978116.9150 136595994.9689 79058023.3229 36913131.7838 16138142.4992 9971488.7722 79.6115 0.1267 0.0045 0.0083 0.0144 0.0169 0.0179 0.0181 0.0185 0.0194 0.0202 0.0139 0.0186 0.1361 0.2771 0.3810 0.4348 0.4710 0.5140 0.5477 0.5643 0.5692 1.1640 0.1886 0.1057 0.0825 0.0740 0.0690 0.0660 0.0655 0.0647 0.0631 0.0616 0.1349  
17545 15 1.5000 1.3236 0.0002 0.0003 940837.6779 75016.3646 1507613405.7163 392373.8750 3133482156.7169 20953655779.9807 13771942950.1649 6316664795.6783 1934465961.4372 1356349828.2399 1324056070.2443 1321744325.1082 1319362782.8697 1316153837.8842 0.0000 0.0140 0.0002 0.0002 0.0003 0.0003 0.0003 0.0003 0.0003 0.0003 0.0003 0.0000 0.0045 0.0338 0.0594 0.0852 0.1005 0.1025 0.1026 0.1027 0.1028 0.1030 1.6453 0.2839 0.2024 0.1621 0.1560 0.1410 0.1339 0.1333 0.1333 0.1333 0.1333 0.0000  
17545 29 0.7124 0.8779 0.0306 0.0601 16594238.3024 993706.9638 156594841.3563 97996.0243 1994298.3128 220439289.5434 660066061.8051 717121546.3311 510699842.5294 332065662.0785 218228088.3394 143082713.3675 110393979.0202 97178608.5340 49.9225 2.6741 0.4270 0.1890 0.0289 0.0078 0.0104 0.0284 0.0687 0.1161 0.1597 0.0089 0.0010 0.0098 0.0322 0.0674 0.1121 0.1625 0.2158 0.2678 0.3130 0.3562 2.5550 0.2008 0.1121 0.0956 0.0796 0.0679 0.0597 0.0544 0.0502 0.0469 0.0450 0.0555  
17545 30 2.4498 1.9539 0.0034 0.0071 2712732.0736 2026508.1912 180042111.3484 23222.4845 2475705.0676 69520813.6068 111705542.4320 44400697.2185 20772071.7370 21592439.0400 22172320.6925 22211235.5060 22211509.3439 22211509.3439 0.0000 0.0045 0.0166 0.0585 0.0476 0.0082 0.0039 0.0030 0.0029 0.0029 0.0029 0.0022 0.0091 0.1152 0.3955 0.8326 1.2540 1.4215 1.4449 1.4461 1.4461 1.4461 1.4461 0.1824 0.1296 0.1018 0.0774 0.0594 0.0565 0.0563 0.0563 0.0563 0.0563 0.2740  
17545 35 1.0398 0.7779 0.2509 0.3014 13514592.6542 1506.7577 85637688.8787 13741.6552 399416.4998 9394042.7171 40228060.8314 51993398.0079 37780257.4836 20020323.4996 13300911.4342 12062247.2487 11759819.7913 11517426.6722 0.0207 0.3961 1.1391 0.5379 0.2419 0.2378 0.1478 0.0444 0.0138 0.0106 0.0104 0.7500 0.0144 0.1174 0.2537 0.3547 0.4241 0.4832 0.5056 0.5109 0.5153 0.5202 1.4702 0.1310 0.1037 0.0809 0.0750 0.0725 0.0698 0.0669 0.0660 0.0658 0.0658 0.1341  
17545 36 0.9116 0.8758 0.0532 0.0990 128088763.2315 642711.4857 194608092.5475 753858.2512 32762780133.6612 33361121217.7217 6181331221.0282 6044196588.0642 5806478187.4000 5272563276.6257 4421591408.0501 3453815872.5921 2526396099.7440 1933091685.1238 3914.5965 0.0983 0.0987 0.1307 0.1340 0.1340 0.1340 0.1340 0.1340 0.1340 0.1340 0.1340 0.0007 0.0051 0.0076 0.0077 0.0083 0.0095 0.0114 0.0137 0.0158 0.0172 1.4359 0.1946 0.1887 0.1349 0.1338 0.1338 0.1338 0.1338 0.1338 0.1338 0.1338 0.1338  
26305 4 1.8193 1.3232 0.0279 0.0367 11933096.9934 28920389.0539 625397127.4510 41012.6280 726625.2835 42753279.6928 62458746.5600 46427456.4832 45933843.2158 45931569.7594 45931569.7594 45931569.7594 45931569.7594 45931569.7594 0.9781 0.1137 0.0396 0.0356 0.0319 0.0317 0.0317 0.0317 0.0317 0.0317 0.0317 0.0370 0.0538 0.6101 1.3851 1.5351 1.5375 1.5376 1.5376 1.5376 1.5376 1.5376 1.5376 0.1037 0.0746 0.0610 0.0564 0.0563 0.0563 0.0563 0.0563 0.0563 0.0563 0.0830  
26305 12 0.9934 0.9678 0.0052 0.0060 16994912.4649 202776.2724 3580712271.2800 1003792.5001 74716135.1167 2399078847.5657 5890037194.4833 3064962057.0103 706267222.0622 315222971.8065 178494302.4644 78416182.3203 29084161.4140 14442083.9817 127.1187 0.1137 0.0037 0.0042 0.0060 0.0066 0.0071 0.0072 0.0074 0.0081 0.0090 0.0125 0.0186 0.1361 0.2771 0.3810 0.4348 0.4710 0.5140 0.5477 0.5643 0.5692 1.1640 0.1623 0.0913 0.0791 0.0735 0.0696 0.0661 0.0657 0.0653 0.0643 0.0629 0.0767  
26305 15 1.1359 1.0383 0.0006 0.0006 4371571.3436 0.0000 1704638496.3371 588550.2661 1644628693.4482 16231798615.9268 20620200148.2586 9132672505.7204 2143554638.1071 1221547924.6694 1170278233.8044 1167509513.2009 1165405727.3276 1162571037.7093 0.0000 0.0693 0.0005 0.0005 0.0007 0.0007 0.0007 0.0007 0.0007 0.0007 0.0007 0.0000 0.0045 0.0338 0.0594 0.0852 0.1005 0.1025 0.1026 0.1027 0.1028 0.1030 1.6453 0.2804 0.1916 0.1614 0.1583 0.1453 0.1344 0.1334 0.1333 0.1333 0.1333 0.0000  
26305 29 1.1136 0.8719 0.0251 0.0743 20633279.3671 914221.6877 135875550.8282 69816.5192 285504.3430 48511060.0193 433728011.2539 657871353.2968 511771647.1509 330071610.5867 206731828.9906 124957170.8955 88615563.9941 73023857.8181 48.8361 4.5496 1.1373 0.2480 0.0286 0.0089 0.0140 0.0407 0.1030 0.1764 0.2414 0.0129 0.0010 0.0098 0.0322 0.0674 0.1121 0.1625 0.2158 0.2678 0.3130 0.3562 2.5550 0.2433 0.1067 0.0876 0.0779 0.0677 0.0600 0.0547 0.0505 0.0472 0.0454 0.0555  
26305 30 1.4639 1.2315 0.0034 0.0168 23213473.1273 4478989.7385 253640353.8370 56890.0305 2402390.4163 66662054.5352 141685628.1039 101734156.9950 49380344.6919 27059381.1592 23825601.2957 23659744.1990 23658689.0677 23658689.0677 0.0000 0.0064 0.0240 0.0712 0.1359 0.0379 0.0081 0.0063 0.0062 0.0062 0.0062 0.0037 0.0091 0.1152 0.3955 0.8326 1.2540 1.4215 1.4449 1.4461 1.4461 1.4461 1.4461 0.1823 0.1256 0.0942 0.0746 0.0626 0.0571 0.0563 0.0563 0.0563 0.0563 0.2740  
26305 35 0.7144 0.8956 0.2662 0.2936 10791795.1931 2921.5459 73002594.6769 14288.0345 875852.3752 11690641.9485 27689183.9126 42172592.9412 32431356.5029 17854390.8517 12307102.2801 11276400.6671 11004837.1790 10778468.4026 0.0474 0.3828 1.0205 0.5742 0.2347 0.2267 0.1376 0.0414 0.0142 0.0114 0.0112 0.6204 0.0144 0.1174 0.2537 0.3547 0.4241 0.4832 0.5056 0.5109 0.5153 0.5202 1.4702 0.1362 0.1095 0.0809 0.0746 0.0724 0.0696 0.0668 0.0660 0.0658 0.0658 0.1341  
26305 36 0.8585 0.8807 0.0560 0.0991 113375480.5229 650299.2774 167069770.9278 687240.1316 26540548364.8243 27248652773.1859 5386130362.2912 5272499123.4690 5065115684.0097 4599333017.4309 3856952652.5128 3012673797.2670 2203600953.9305 1686007406.9365 3414.7996 0.0986 0.0991 0.1317 0.1350 0.1350 0.1350 0.1350 0.1350 0.1350 0.1350 0.1350 0.0007 0.0051 0.0076 0.0077 0.0083 0.0095 0.0114 0.0137 0.0158 0.0172 1.4359 0.1946 0.1882 0.1348 0.1338 0.1338 0.1338 0.1338 0.1338 0.1338 0.1338 0.1338  
35065 4 1.1156 1.0857 0.0486 0.0462 33346463.4092 7161382.8902 733658686.1635 74613.5593 464552.8062 26662545.8337 58177656.1832 56677935.4488 56549105.2719 56548384.6908 56548384.6908 56548384.6908 56548384.6908 56548384.6908 0.5710 0.1486 0.0532 0.0484 0.0464 0.0463 0.0463 0.0463 0.0463 0.0463 0.0463 0.0495 0.0538 0.6101 1.3851 1.5351 1.5375 1.5376 1.5376 1.5376 1.5376 1.5376 1.5376 0.1038 0.0733 0.0595 0.0564 0.0563 0.0563 0.0563 0.0563 0.0563 0.0563 0.0833  
35065 12 0.9674 0.9533 0.0030 0.0031 11382180.7866 79391.2054 3916678119.7861 997200.0391 14585092.2073 917876509.1144 4631624415.1193 3472614078.7925 1319674245.6762 802503327.0673 458826676.8388 195918419.8710 66322461.1838 27858791.0785 323.6721 0.1507 0.0028 0.0025 0.0030 0.0032 0.0034 0.0034 0.0035 0.0037 0.0040 0.0038 0.0186 0.1361 0.2771 0.3810 0.4348 0.4710 0.5140 0.5477 0.5643 0.5692 1.1640 0.1764 0.0845 0.0760 0.0726 0.0685 0.0660 0.0658 0.0657 0.0652 0.0643 0.0669  
35065 15 1.1238 1.0950 0.0003 0.0004 5033385.9715 0.0000 1860593293.8859 668539.7048 2418929148.9711 17232010667.8234 25193506887.5120 10962298209.2234 2261061711.5505 1113202125.8985 1049474773.2869 1046425293.8683 1044539660.8712 1041998915.4778 0.0000 0.0539 0.0003 0.0004 0.0004 0.0004 0.0004 0.0004 0.0004 0.0004 0.0004 0.0000 0.0045 0.0338 0.0594 0.0852 0.1005 0.1025 0.1026 0.1027 0.1028 0.1030 1.6453 0.2910 0.1892 0.1612 0.1590 0.1479 0.1348 0.1334 0.1333 0.1333 0.1333 0.0000  
35065 29 1.0953 0.9105 0.0173 0.0295 29117799.6141 1089549.0280 109621280.5057 77745.9178 43259.8085 23616669.7067 355812238.5816 587542311.6824 482548137.4330 318305501.0629 191801249.7315 100524530.2308 60429475.0373 44521551.5857 48.2137 5.6794 0.5617 0.0603 0.0144 0.0119 0.0240 0.0722 0.1958 0.3422 0.4508 0.0241 0.0010 0.0098 0.0322 0.0674 0.1121 0.1625 0.2158 0.2678 0.3130 0.3562 2.5550 0.2825 0.0964 0.0840 0.0771 0.0674 0.0600 0.0551 0.0511 0.0476 0.0459 0.0556  
35065 30 0.8825 0.9746 0.0026 0.0257 56873397.4375 1986099.4764 349144857.0052 83279.4425 1510463.8586 46735867.4160 88022949.5579 82566496.6620 63187098.1039 40650378.3955 36112235.1431 35830658.7375 35828744.5836 35828744.5836 0.0000 0.0186 0.2512 0.5792 0.2432 0.0519 0.0163 0.0107 0.0103 0.0103 0.0103 0.0083 0.0091 0.1152 0.3955 0.8326 1.2540 1.4215 1.4449 1.4461 1.4461 1.4461 1.4461 0.1800 0.1264 0.0926 0.0701 0.0618 0.0575 0.0563 0.0563 0.0563 0.0563 0.2740  
35065 35 1.0050 0.8917 0.2421 0.2804 7502641.5394 3256.7640 66573302.0605 10207.0957 818760.8119 9471104.1874 20878906.3595 34495978.8614 27424469.2567 15806304.5284 11371720.7934 10538432.4264 10296149.2893 10084969.7072 0.0380 0.3883 1.0441 0.6169 0.2022 0.1893 0.1109 0.0333 0.0124 0.0103 0.0102 0.6280 0.0144 0.1174 0.2537 0.3547 0.4241 0.4832 0.5056 0.5109 0.5153 0.5202 1.4702 0.1388 0.1103 0.0807 0.0743 0.0723 0.0694 0.0667 0.0660 0.0658 0.0658 0.1341  
35065 36 0.8617 0.8774 0.0546 0.0954 92751615.2740 639568.3992 141425764.4550 589971.9712 21515827076.4822 22236647989.8665 4615255322.9805 4521467595.5864 4343614697.0416 3944157548.7322 3307489065.9846 2583432015.0180 1889567785.9889 1445677411.4247 2928.3861 0.0937 0.0942 0.1276 0.1304 0.1304 0.1304 0.1304 0.1304 0.1304 0.1305 0.1304 0.0007 0.0051 0.0076 0.0077 0.0083 0.0095 0.0114 0.0137 0.0158 0.0172 1.4359 0.1946 0.1878 0.1347 0.1338 0.1338 0.1338 0.1338 0.1338 0.1338 0.1338 0.1338  
43825 4 1.4395 1.1659 0.0314 0.0306 19754089.1640 15663164.3848 871855026.4322 83240.4963 686692.5819 41762362.8966 78211307.0225 68689872.4232 68320640.3770 68318824.0643 68318824.0643 68318824.0643 68318824.0643 68318824.0643 0.9454 0.1243 0.0348 0.0302 0.0272 0.0271 0.0271 0.0271 0.0271 0.0271 0.0271 0.0319 0.0538 0.6101 1.3851 1.5351 1.5375 1.5376 1.5376 1.5376 1.5376 1.5376 1.5376 0.1036 0.0742 0.0599 0.0564 0.0563 0.0563 0.0563 0.0563 0.0563 0.0563 0.0832  
43825 12 0.9620 0.9548 0.0026 0.0025 11077741.0407 75741.4632 4012072179.4709 964699.8785 11405886.5445 443890228.3388 3135247991.9116 3129197722.8938 1875784055.6390 1321812806.4294 759354915.3303 321917470.6893 106290751.3668 42293942.0776 535.5612 0.1489 0.0040 0.0023 0.0026 0.0028 0.0029 0.0029 0.0029 0.0030 0.0032 0.0030 0.0186 0.1361 0.2771 0.3810 0.4348 0.4710 0.5140 0.5477 0.5643 0.5692 1.1640 0.1856 0.0832 0.0746 0.0714 0.0672 0.0659 0.0659 0.0658 0.0656 0.0650 0.0663  
43825 15 1.0207 0.9799 0.0004 0.0005 5095228.8183 0.0000 1871139047.1640 751277.5958 914279342.1793 13907829511.0061 27632951889.4173 11957580951.0578 2300638108.8575 1026707884.8432 956033154.1533 952852331.6098 951135300.9044 948821734.1305 0.0000 0.0547 0.0004 0.0004 0.0005 0.0005 0.0005 0.0005 0.0005 0.0005 0.0005 0.0000 0.0045 0.0338 0.0594 0.0852 0.1005 0.1025 0.1026 0.1027 0.1028 0.1030 1.6453 0.2876 0.1791 0.1610 0.1594 0.1496 0.1352 0.1334 0.1333 0.1333 0.1333 0.0000  
43825 29 0.8910 0.9156 0.0170 0.0202 27759993.2350 1060455.6881 86481570.1249 85158.9384 30447.0006 18593150.3505 301228982.1741 522540250.0307 454118413.0163 305108562.4637 175253083.7142 75609979.9275 34546950.7775 22008108.9052 47.1393 6.2174 0.4582 0.0212 0.0128 0.0145 0.0306 0.0892 0.2681 0.5209 0.6609 0.0321 0.0010 0.0098 0.0322 0.0674 0.1121 0.1625 0.2158 0.2678 0.3130 0.3562 2.5550 0.3100 0.0954 0.0833 0.0765 0.0671 0.0600 0.0555 0.0521 0.0484 0.0466 0.0555  
43825 30 0.8409 0.9425 0.0223 0.0370 75784132.6813 48225.1616 400270786.0336 73491.4187 1842407.3928 36121157.1739 44596576.5652 47824001.5822 54752579.3307 49871051.4205 48434415.6639 48332445.8144 48331733.9565 48331733.9565 0.0000 0.0490 0.5991 1.2817 0.4566 0.0692 0.0248 0.0193 0.0189 0.0189 0.0189 0.0174 0.0091 0.1152 0.3955 0.8326 1.2540 1.4215 1.4449 1.4461 1.4461 1.4461 1.4461 0.1816 0.1293 0.0962 0.0694 0.0602 0.0569 0.0563 0.0563 0.0563 0.0563 0.2740  
43825 35 0.6963 0.8759 0.3564 0.4474 10204764.8313 2581.8962 54438545.2037 10257.9071 1134373.8445 10866276.5508 15934906.5405 24709337.9359 20305449.8775 13083734.9080 10322089.0563 9783539.1996 9579690.2648 9384644.0871 0.0496 0.4271 1.1448 0.9721 0.3516 0.3198 0.1740 0.0495 0.0188 0.0158 0.0155 0.6494 0.0144 0.1174 0.2537 0.3547 0.4241 0.4832 0.5056 0.5109 0.5153 0.5202 1.4702 0.1403 0.1118 0.0817 0.0743 0.0721 0.0691 0.0666 0.0659 0.0658 0.0658 0.1341  
43825 36 0.8259 0.8794 0.0543 0.0943 78380255.8839 489762.0686 118920282.5670 508406.8413 17884302067.0585 18490741406.6179 3848619140.9624 3770577522.5297 3622256022.8360 3289126319.6885 2758172790.3847 2154341036.4717 1575688768.8909 1205503708.0799 2442.0632 0.0934 0.0939 0.1259 0.1287 0.1287 0.1287 0.1287 0.1287 0.1287 0.1287 0.1287 0.0007 0.0051 0.0076 0.0077 0.0083 0.0095 0.0114 0.0137 0.0158 0.0172 1.4359 0.1946 0.1877 0.1347 0.1338 0.1338 0.1338 0.1338 0.1338 0.1338 0.1338 0.1338  
52609 4 1.1095 1.0496 0.0310 0.0304 23885710.4997 18303403.7240 933334333.2465 119824.8629 347673.4960 27114633.7807 72962614.6335 77390365.9375 77398002.7808 77397873.2515 77397873.2515 77397873.2515 77397873.2515 77397873.2515 0.5299 0.1213 0.0373 0.0314 0.0293 0.0292 0.0292 0.0292 0.0292 0.0292 0.0292 0.0362 0.0538 0.6101 1.3851 1.5351 1.5375 1.5376 1.5376 1.5376 1.5376 1.5376 1.5376 0.1021 0.0728 0.0588 0.0563 0.0563 0.0563 0.0563 0.0563 0.0563 0.0563 0.0831  
52609 12 0.9479 0.9536 0.0025 0.0024 11035570.8500 52967.4420 3921309545.9345 928066.0291 5267446.9937 262614393.1539 2247602238.0096 2753840104.8096 2116019022.1319 1570160521.1570 903467045.4628 382244824.4289 125318044.9598 49063777.7587 637.0688 0.1658 0.0047 0.0023 0.0026 0.0028 0.0028 0.0028 0.0028 0.0029 0.0030 0.0027 0.0186 0.1361 0.2771 0.3810 0.4348 0.4710 0.5140 0.5477 0.5643 0.5692 1.1640 0.1836 0.0825 0.0739 0.0703 0.0666 0.0659 0.0659 0.0658 0.0657 0.0653 0.0660  
52609 15 1.0144 1.0120 0.0005 0.0004 4970695.2699 0.0000 1874603586.6743 766802.8893 1059461391.3671 14221431507.5088 28421496830.4785 12233660556.6971 2259859883.5887 944133183.3820 871168564.5949 867996762.9075 866432635.5857 864325094.3586 0.0000 0.0636 0.0004 0.0004 0.0004 0.0004 0.0005 0.0005 0.0005 0.0005 0.0005 0.0000 0.0045 0.0338 0.0594 0.0852 0.1005 0.1025 0.1026 0.1027 0.1028 0.1030 1.6453 0.2908 0.1784 0.1610 0.1596 0.1504 0.1355 0.1334 0.1333 0.1333 0.1333 0.0000  
52609 29 0.8114 0.9198 0.0186 0.0204 21234345.6267 665530.5223 70597935.8219 75878.4436 33715.8732 15666380.5160 255856632.4816 462461260.2468 423054521.7966 292010144.7387 162626019.4030 57486531.2743 16790077.9434 8232382.7187 46.3149 6.1103 0.5208 0.0178 0.0136 0.0168 0.0333 0.0844 0.2742 0.6936 0.9431 0.0373 0.0010 0.0098 0.0322 0.0674 0.1121 0.1625 0.2158 0.2678 0.3130 0.3562 2.5550 0.3098 0.0968 0.0832 0.0760 0.0668 0.0600 0.0560 0.0535 0.0497 0.0474 0.0556  
52609 30 1.0402 0.9404 0.0200 0.0322 62839097.5921 42884.6306 405915459.5976 61800.2657 1646814.8640 28896694.2209 25593775.0760 25914635.9104 44356989.7529 52299008.8880 53386538.0728 53441012.0241 53441369.0487 53441369.0487 0.0000 0.0588 0.7617 1.7016 0.5561 0.0546 0.0220 0.0190 0.0188 0.0188 0.0188 0.0170 0.0091 0.1152 0.3955 0.8326 1.2540 1.4215 1.4449 1.4461 1.4461 1.4461 1.4461 0.1799 0.1318 0.1006 0.0683 0.0587 0.0566 0.0563 0.0563 0.0563 0.0563 0.2740  
52609 35 0.8107 0.8615 0.3896 0.4531 7340829.8169 2895.6761 47766668.5472 7142.4026 1050604.2894 7703209.5032 12384794.2756 17795361.5515 15142145.7004 10986278.8213 9393316.3303 9061891.6177 8888202.9788 8708398.7033 0.0388 0.4242 1.2405 1.0128 0.3498 0.3024 0.1483 0.0414 0.0178 0.0155 0.0154 0.5923 0.0144 0.1174 0.2537 0.3547 0.4241 0.4832 0.5056 0.5109 0.5153 0.5202 1.4702 0.1446 0.1118 0.0821 0.0745 0.0718 0.0686 0.0664 0.0659 0.0658 0.0658 0.1341  
52609 36 0.8283 0.9130 0.0541 0.0939 64710850.6452 539214.6383 98034478.7758 419904.4302 16444557223.8624 16779243705.9106 3160839850.0162 3091613137.7735 2969997031.0772 2696847571.2658 2261492607.8334 1766381196.7170 1291915687.2526 988382713.6127 2002.3236 0.0932 0.0938 0.1248 0.1291 0.1291 0.1291 0.1291 0.1291 0.1291 0.1291 0.1291 0.0007 0.0051 0.0076 0.0077 0.0083 0.0095 0.0114 0.0137 0.0158 0.0172 1.4359 0.1946 0.1883 0.1348 0.1338 0.1338 0.1338 0.1338 0.1338 0.1338 0.1338 0.1338  
61369 4 1.0095 1.0128 0.0265 0.0254 20256254.8252 16592126.2665 949428888.2538 132949.5984 223518.9484 18730544.1624 69128339.1165 80678774.5529 80866283.8416 80866912.3835 80866912.3835 80866912.3835 80866912.3835 80866912.3835 0.3272 0.1153 0.0292 0.0253 0.0243 0.0243 0.0243 0.0243 0.0243 0.0243 0.0243 0.0268 0.0538 0.6101 1.3851 1.5351 1.5375 1.5376 1.5376 1.5376 1.5376 1.5376 1.5376 0.1022 0.0721 0.0581 0.0563 0.0563 0.0563 0.0563 0.0563 0.0563 0.0563 0.0833  
61369 12 0.9421 0.9542 0.0026 0.0025 10867123.6867 50454.4530 3786589058.5298 879694.7713 4788244.2591 164876915.8940 1637579078.9020 2445258385.0480 2220515327.1884 1693094373.4282 974998961.7531 412105168.7100 134637216.9994 52286547.2143 687.5077 0.1903 0.0061 0.0023 0.0026 0.0028 0.0028 0.0028 0.0028 0.0029 0.0030 0.0027 0.0186 0.1361 0.2771 0.3810 0.4348 0.4710 0.5140 0.5477 0.5643 0.5692 1.1640 0.1855 0.0829 0.0734 0.0695 0.0664 0.0659 0.0659 0.0658 0.0657 0.0654 0.0660  
61369 15 1.0229 1.0168 0.0005 0.0005 5055644.4439 0.0000 1879889494.5150 777882.0713 1080527514.0661 14774137995.5070 29372181190.7239 12582833941.8217 2240475741.4079 876132183.2109 800497042.4855 797308381.8438 795871632.5537 793935723.4245 0.0000 0.0585 0.0004 0.0004 0.0005 0.0005 0.0005 0.0005 0.0005 0.0005 0.0005 0.0000 0.0045 0.0338 0.0594 0.0852 0.1005 0.1025 0.1026 0.1027 0.1028 0.1030 1.6453 0.2918 0.1786 0.1610 0.1598 0.1512 0.1357 0.1334 0.1333 0.1333 0.1333 0.0000  
61369 29 0.7334 0.9239 0.0233 0.0257 15096882.4759 440999.7970 61685428.4851 61569.7248 19735.5358 12874244.3086 212886037.5531 403618036.7286 390884563.7303 279856034.4557 154974436.8515 48075067.3164 8049028.4995 1935553.3392 45.6699 6.2258 0.3743 0.0229 0.0196 0.0227 0.0385 0.0715 0.2017 0.7339 1.4220 0.0463 0.0010 0.0098 0.0322 0.0674 0.1121 0.1625 0.2158 0.2678 0.3130 0.3562 2.5550 0.3156 0.0937 0.0830 0.0756 0.0665 0.0598 0.0563 0.0550 0.0525 0.0495 0.0556  
61369 30 1.1560 0.8965 0.0144 0.0273 48108290.6179 38628.8398 393367329.4539 64286.2921 860294.0075 12181967.0686 6703703.2455 11872428.1860 36415535.5720 51442230.4400 53948939.7019 54090955.1802 54091908.7475 54091908.7475 0.0000 0.0912 1.2261 2.7335 0.6120 0.0411 0.0206 0.0191 0.0190 0.0190 0.0190 0.0205 0.0091 0.1152 0.3955 0.8326 1.2540 1.4215 1.4449 1.4461 1.4461 1.4461 1.4461 0.1819 0.1349 0.1046 0.0651 0.0576 0.0564 0.0563 0.0563 0.0563 0.0563 0.2740  
61369 35 1.0928 0.8900 0.2526 0.5637 7142092.6726 22141.2908 42578386.3293 5790.1482 1455238.0937 9221921.9992 10078330.5630 11996118.3292 10688597.6420 9106653.1484 8496938.4442 8340503.8049 8194159.7112 8029541.6772 0.0435 0.5040 1.1899 1.2693 0.4622 0.3775 0.1642 0.0459 0.0223 0.0201 0.0199 0.6842 0.0144 0.1174 0.2537 0.3547 0.4241 0.4832 0.5056 0.5109 0.5153 0.5202 1.4702 0.1468 0.1128 0.0836 0.0748 0.0713 0.0680 0.0663 0.0659 0.0658 0.0658 0.1341  
61369 36 0.8307 0.8807 0.0538 0.0932 53301072.8019 420369.1923 81040590.7059 347792.0020 13782668886.1152 14044171033.5441 2616966784.9122 2559161254.5691 2458487736.1613 2232375275.2728 1871989491.5185 1462137465.2011 1069376066.2344 818112206.1894 1657.4745 0.0924 0.0930 0.1254 0.1285 0.1285 0.1285 0.1285 0.1285 0.1285 0.1285 0.1285 0.0007 0.0051 0.0076 0.0077 0.0083 0.0095 0.0114 0.0137 0.0158 0.0172 1.4359 0.1946 0.1884 0.1348 0.1338 0.1338 0.1338 0.1338 0.1338 0.1338 0.1338 0.1338  
70129 4 0.9999 0.9940 0.0248 0.0237 18995668.3277 15392960.5816 942693305.6519 134210.1360 163694.9906 14610204.9124 66022096.6606 80848805.0193 81126117.0513 81127145.9637 81127145.9637 81127145.9637 81127145.9637 81127145.9637 0.2347 0.1213 0.0284 0.0239 0.0230 0.0229 0.0229 0.0229 0.0229 0.0229 0.0229 0.0257 0.0538 0.6101 1.3851 1.5351 1.5375 1.5376 1.5376 1.5376 1.5376 1.5376 1.5376 0.1019 0.0715 0.0576 0.0563 0.0563 0.0563 0.0563 0.0563 0.0563 0.0563 0.0836  
70129 12 0.9426 0.9560 0.0027 0.0025 10814679.7332 64801.6398 3619684201.5210 828727.7452 6882466.9356 132805111.1780 1207554201.8643 2173503003.5872 2247137889.0749 1744373269.1233 1005070996.0750 424565551.4770 138416298.5345 53489130.7524 708.8055 0.1806 0.0095 0.0023 0.0027 0.0029 0.0029 0.0029 0.0029 0.0029 0.0031 0.0028 0.0186 0.1361 0.2771 0.3810 0.4348 0.4710 0.5140 0.5477 0.5643 0.5692 1.1640 0.1867 0.0867 0.0729 0.0688 0.0663 0.0659 0.0659 0.0658 0.0657 0.0654 0.0660  
70129 15 0.9589 0.9712 0.0003 0.0004 4753282.4553 0.0000 1797740077.1505 795698.6995 881444106.0987 13751542292.5065 28715256400.8078 12278656716.7687 2143441433.7000 806425089.9174 732317847.5270 729243922.2798 727929824.2316 726159178.2147 0.0000 0.0621 0.0004 0.0004 0.0004 0.0004 0.0004 0.0004 0.0004 0.0004 0.0004 0.0000 0.0045 0.0338 0.0594 0.0852 0.1005 0.1025 0.1026 0.1027 0.1028 0.1030 1.6453 0.2910 0.1752 0.1610 0.1599 0.1518 0.1359 0.1334 0.1333 0.1333 0.1333 0.0000  
70129 29 0.3874 0.9311 0.0223 0.0294 7901716.7492 462971.2737 57593382.6998 45153.4287 38810.0404 10194550.8801 170983487.0000 351272200.1975 365759841.6524 267523161.2878 148362166.1437 44955478.8542 6446765.7438 963803.8279 43.9915 5.7872 0.5529 0.0309 0.0240 0.0250 0.0383 0.0513 0.0779 0.2331 0.7110 0.0488 0.0010 0.0098 0.0322 0.0674 0.1121 0.1625 0.2158 0.2678 0.3130 0.3562 2.5550 0.3134 0.0975 0.0828 0.0748 0.0662 0.0597 0.0564 0.0556 0.0553 0.0546 0.0555  
70129 30 0.8429 1.0830 0.0144 0.0252 64239823.4445 59650.0916 372513921.9436 74313.4690 2073857.5573 42151198.6345 31431981.8254 11905365.3110 32160188.7631 48823277.6756 51784908.3584 51958121.6887 51959293.7350 51959293.7350 0.0000 0.0648 0.8017 1.9415 1.0822 0.0363 0.0197 0.0191 0.0190 0.0190 0.0190 0.0168 0.0091 0.1152 0.3955 0.8326 1.2540 1.4215 1.4449 1.4461 1.4461 1.4461 1.4461 0.1811 0.1342 0.1091 0.0712 0.0569 0.0563 0.0563 0.0563 0.0563 0.0563 0.2740  
70129 35 0.9398 0.9105 0.2090 0.6494 5789905.8413 110270.4638 35920709.6407 6327.3006 1586292.9086 10257325.8248 8917559.7157 8398671.5392 7772711.6420 7717849.0655 7693744.9423 7643204.8843 7517662.7320 7367506.2286 0.0547 0.4897 1.2296 1.6216 0.4909 0.3610 0.1386 0.0419 0.0244 0.0228 0.0226 0.6809 0.0144 0.1174 0.2537 0.3547 0.4241 0.4832 0.5056 0.5109 0.5153 0.5202 1.4702 0.1458 0.1132 0.0856 0.0754 0.0705 0.0673 0.0661 0.0659 0.0658 0.0658 0.1341  
70129 36 0.8338 0.8669 0.0539 0.0935 44465459.0131 330137.0579 68472545.2968 288900.4158 11015847255.2144 11288535948.7654 2199584760.7953 2152659328.2599 2067974100.4509 1877771298.7390 1574619559.5084 1229857473.4423 899471796.3160 688111971.3360 1394.1986 0.0931 0.0936 0.1263 0.1288 0.1288 0.1288 0.1288 0.1288 0.1288 0.1288 0.1288 0.0007 0.0051 0.0076 0.0077 0.0083 0.0095 0.0114 0.0137 0.0158 0.0172 1.4359 0.1946 0.1882 0.1348 0.1338 0.1338 0.1338 0.1338 0.1338 0.1338 0.1338 0.1338  
78889 4 0.9747 0.9913 0.0244 0.0230 18522161.2140 14612697.1805 932411998.3891 134203.3802 157634.3561 13943411.9800 64914489.5281 79952862.6248 80236729.9207 80237790.0371 80237790.0371 80237790.0371 80237790.0371 80237790.0371 0.2369 0.1281 0.0272 0.0233 0.0226 0.0226 0.0226 0.0226 0.0226 0.0226 0.0226 0.0247 0.0538 0.6101 1.3851 1.5351 1.5375 1.5376 1.5376 1.5376 1.5376 1.5376 1.5376 0.1021 0.0715 0.0575 0.0563 0.0563 0.0563 0.0563 0.0563 0.0563 0.0563 0.0835  
78889 12 0.9441 0.9590 0.0028 0.0026 10795241.1507 70563.9152 3439526014.4106 781169.3892 9919822.8722 137629725.7032 976339644.1483 1975958522.9215 2192034330.3794 1716517398.9056 989277542.6647 417775548.6671 136064392.9393 52454448.6494 697.7335 0.1697 0.0100 0.0024 0.0029 0.0030 0.0030 0.0030 0.0030 0.0031 0.0032 0.0030 0.0186 0.1361 0.2771 0.3810 0.4348 0.4710 0.5140 0.5477 0.5643 0.5692 1.1640 0.1860 0.0922 0.0727 0.0683 0.0662 0.0659 0.0659 0.0659 0.0657 0.0654 0.0661  
78889 15 0.9479 0.9676 0.0002 0.0001 3592131.4196 0.0000 1720328457.7783 762976.6045 637270974.1375 13112246580.2221 27625624202.1029 11798558963.5296 2038371936.0264 750829188.9693 679470534.9563 676535472.6211 675316354.8707 673673687.4977 0.0000 0.0634 0.0001 0.0001 0.0001 0.0001 0.0001 0.0001 0.0001 0.0001 0.0001 0.0000 0.0045 0.0338 0.0594 0.0852 0.1005 0.1025 0.1026 0.1027 0.1028 0.1030 1.6453 0.2909 0.1745 0.1610 0.1599 0.1521 0.1360 0.1334 0.1333 0.1333 0.1333 0.0000  
78889 29 0.6327 0.9394 0.0196 0.0262 4472833.5182 245913.0877 54716155.3130 17491.6469 994404.7330 10183069.3793 139001895.1063 309013043.1143 342763428.2825 255308732.0999 142288835.5720 43149708.6021 6179920.4407 918443.5278 42.2411 2.6251 0.6224 0.0353 0.0221 0.0201 0.0268 0.0316 0.0335 0.0394 0.0629 0.0327 0.0010 0.0098 0.0322 0.0674 0.1121 0.1625 0.2158 0.2678 0.3130 0.3562 2.5550 0.2445 0.1194 0.0827 0.0740 0.0659 0.0597 0.0564 0.0557 0.0555 0.0555 0.0556  
78889 30 0.8414 1.0204 0.0220 0.0290 68361627.0680 56034.9949 357079484.0580 62642.3319 1680328.6071 45268639.8248 45541855.7646 20019746.5101 32835446.7492 46278411.4758 48784774.3680 48935739.0676 48936771.1466 48936771.1466 0.0000 0.0602 0.6361 1.4374 0.9818 0.0491 0.0198 0.0191 0.0191 0.0191 0.0191 0.0178 0.0091 0.1152 0.3955 0.8326 1.2540 1.4215 1.4449 1.4461 1.4461 1.4461 1.4461 0.1795 0.1296 0.1037 0.0754 0.0573 0.0563 0.0563 0.0563 0.0563 0.0563 0.2740  
78889 35 0.5468 0.8393 0.3120 0.8356 6327002.8662 42812.1394 29989565.5638 5946.1750 1427523.6365 8184268.0748 5515686.3224 4493191.6284 5061905.2159 6373059.2484 6863935.8418 6907273.0945 6802061.2363 6667065.7655 0.0379 0.4423 1.2424 1.9555 0.7834 0.4750 0.1596 0.0548 0.0374 0.0358 0.0356 0.5957 0.0144 0.1174 0.2537 0.3547 0.4241 0.4832 0.5056 0.5109 0.5153 0.5202 1.4702 0.1475 0.1135 0.0861 0.0757 0.0696 0.0669 0.0660 0.0659 0.0658 0.0658 0.1341  
78889 36 0.4014 0.9234 0.0153 0.0473 1041059.6966 253308.4683 63308997.4472 240879.1173 9561953811.0739 9877100974.2997 2042278214.3063 2000653898.8515 1921944555.4776 1745163574.7057 1463403993.2675 1142970334.1988 835898600.6556 639453559.7276 1295.7508 0.0314 0.0319 0.0631 0.0662 0.0662 0.0662 0.0662 0.0662 0.0662 0.0662 0.0662 0.0007 0.0051 0.0076 0.0077 0.0083 0.0095 0.0114 0.0137 0.0158 0.0172 1.4359 0.1943 0.1876 0.1344 0.1335 0.1335 0.1335 0.1335 0.1335 0.1335 0.1335 0.1335  
87673 4 1.0123 0.9954 0.0236 0.0227 18225095.6888 14259821.3143 929103375.2006 130812.4172 159057.0012 14991636.9493 65053830.6981 79204313.4887 79470033.2620 79471027.9947 79471027.9947 79471027.9947 79471027.9947 79471027.9947 0.2320 0.1125 0.0272 0.0229 0.0223 0.0223 0.0223 0.0223 0.0223 0.0223 0.0223 0.0263 0.0538 0.6101 1.3851 1.5351 1.5375 1.5376 1.5376 1.5376 1.5376 1.5376 1.5376 0.1013 0.0717 0.0576 0.0563 0.0563 0.0563 0.0563 0.0563 0.0563 0.0563 0.0837  
87673 12 0.9418 0.9570 0.0030 0.0028 10829222.0298 64363.6726 3256419240.0883 737486.2204 7151334.7937 120858101.5263 811309404.2891 1811806715.2681 2115032858.9533 1666037741.6413 960350111.7265 405479406.8176 131966342.5325 50789553.3828 677.2973 0.1716 0.0098 0.0026 0.0030 0.0032 0.0032 0.0032 0.0032 0.0032 0.0033 0.0031 0.0186 0.1361 0.2771 0.3810 0.4348 0.4710 0.5140 0.5477 0.5643 0.5692 1.1640 0.1844 0.0916 0.0726 0.0680 0.0661 0.0659 0.0659 0.0659 0.0657 0.0655 0.0661  
87673 15 1.0172 1.0257 0.0001 0.0001 3663135.6623 0.0000 1732846934.0530 723200.6895 1158299312.1013 15423884411.0941 27315395047.9271 11628313657.7198 1992447461.1455 721305357.2316 650860624.6510 647982414.9964 646814749.7354 645241410.6332 0.0000 0.0713 0.0002 0.0001 0.0002 0.0002 0.0002 0.0002 0.0002 0.0002 0.0002 0.0000 0.0045 0.0338 0.0594 0.0852 0.1005 0.1025 0.1026 0.1027 0.1028 0.1030 1.6453 0.2933 0.1801 0.1610 0.1599 0.1523 0.1361 0.1334 0.1333 0.1333 0.1333 0.0000  
87673 29 0.9176 0.9332 0.0264 0.0340 5738368.5734 411083.0943 51306575.3154 11067.3298 1272700.0682 9029275.2968 111909558.2251 269774151.9819 316866799.3176 240636418.5384 135031984.1127 41010631.3249 5876517.1132 874402.3118 40.1536 2.7258 0.8716 0.0457 0.0274 0.0262 0.0379 0.0459 0.0486 0.0547 0.0786 0.0479 0.0010 0.0098 0.0322 0.0674 0.1121 0.1625 0.2158 0.2678 0.3130 0.3562 2.5550 0.2404 0.1309 0.0825 0.0733 0.0657 0.0596 0.0564 0.0557 0.0555 0.0555 0.0555  
87673 30 1.1401 0.9959 0.0163 0.0306 62611837.5113 120612.0808 352036139.2365 52708.7544 1551165.6374 45469388.2124 44875350.0334 24123039.0665 35822434.9834 45246363.1944 46895933.1466 46992564.3939 46993222.7908 46993222.7908 0.0000 0.0539 0.5724 1.3097 0.7392 0.0543 0.0195 0.0181 0.0180 0.0180 0.0180 0.0175 0.0091 0.1152 0.3955 0.8326 1.2540 1.4215 1.4449 1.4461 1.4461 1.4461 1.4461 0.1817 0.1291 0.1027 0.0727 0.0581 0.0564 0.0563 0.0563 0.0563 0.0563 0.2740  
87673 35 0.4303 0.8759 0.6693 0.9330 4670758.3466 1977.3006 23571772.8181 3251.3866 1494986.6733 7193879.5451 3705580.1276 2428649.0378 3521724.3394 5418614.2309 6130740.7535 6216719.9914 6126478.5878 6005476.8183 0.0373 0.4861 1.2999 2.3062 0.9302 0.3920 0.1195 0.0509 0.0402 0.0393 0.0392 0.6366 0.0144 0.1174 0.2537 0.3547 0.4241 0.4832 0.5056 0.5109 0.5153 0.5202 1.4702 0.1490 0.1141 0.0876 0.0763 0.0685 0.0664 0.0660 0.0659 0.0658 0.0658 0.1341  
87673 36 0.8469 0.9591 0.0050 0.0132 860974.6975 380045.1297 64670370.0067 96684.9746 8403569194.1926 8861866852.5079 2102285592.8739 2063642305.0867 1982449716.4013 1800091373.1356 1509442400.2432 1178899199.5482 862139487.2669 659496691.2857 1336.5468 0.0012 0.0018 0.0061 0.0061 0.0061 0.0061 0.0061 0.0061 0.0061 0.0061 0.0061 0.0007 0.0051 0.0076 0.0077 0.0083 0.0095 0.0114 0.0137 0.0158 0.0172 1.4359 0.1940 0.1866 0.1340 0.1332 0.1332 0.1332 0.1332 0.1332 0.1332 0.1332 0.1332  
96433 4 1.0266 1.0067 0.0241 0.0230 18390645.2209 14563462.2827 929843884.1830 132419.2031 180989.2848 17801691.6398 67143747.6994 79411941.7581 79634729.2408 79635563.8434 79635563.8434 79635563.8434 79635563.8434 79635563.8434 0.2782 0.1072 0.0288 0.0236 0.0224 0.0224 0.0224 0.0224 0.0224 0.0224 0.0224 0.0278 0.0538 0.6101 1.3851 1.5351 1.5375 1.5376 1.5376 1.5376 1.5376 1.5376 1.5376 0.1012 0.0722 0.0579 0.0563 0.0563 0.0563 0.0563 0.0563 0.0563 0.0563 0.0836  
96433 12 0.9593 0.9715 0.0031 0.0029 10836641.1053 97139.4290 3092051557.2708 694576.3741 26511710.7782 227749289.8893 731219935.7312 1678751716.5165 2016099846.2751 1593186506.0396 918439955.4207 387740286.7489 126141885.2585 48501295.4421 648.0809 0.1473 0.0113 0.0027 0.0032 0.0033 0.0033 0.0033 0.0034 0.0034 0.0035 0.0036 0.0186 0.1361 0.2771 0.3810 0.4348 0.4710 0.5140 0.5477 0.5643 0.5692 1.1640 0.1871 0.1017 0.0728 0.0678 0.0661 0.0659 0.0659 0.0659 0.0657 0.0655 0.0665  
96433 15 1.0064 1.0008 0.0002 0.0002 4028412.6221 0.0000 1734652965.0972 735612.9658 1190954240.9020 14751426485.1180 27818841368.4595 11842572779.4834 2013641139.0620 717030746.6766 645179253.5946 642261640.1218 641104283.6377 639544834.8192 0.0000 0.0690 0.0002 0.0002 0.0002 0.0002 0.0002 0.0002 0.0002 0.0002 0.0002 0.0000 0.0045 0.0338 0.0594 0.0852 0.1005 0.1025 0.1026 0.1027 0.1028 0.1030 1.6453 0.2947 0.1792 0.1610 0.1600 0.1524 0.1362 0.1334 0.1333 0.1333 0.1333 0.0000  
96433 29 0.9582 0.9269 0.0323 0.0434 7306710.0594 271281.7125 47101167.1430 10155.4963 1077091.7181 7330826.4287 90154849.1400 236273099.0364 290831913.2215 221909174.2461 124326271.9984 37742183.7678 5408227.1578 804981.3097 36.9505 2.6926 0.9423 0.0629 0.0323 0.0302 0.0498 0.0632 0.0673 0.0749 0.1042 0.0665 0.0010 0.0098 0.0322 0.0674 0.1121 0.1625 0.2158 0.2678 0.3130 0.3562 2.5550 0.2384 0.1333 0.0822 0.0726 0.0655 0.0596 0.0564 0.0557 0.0555 0.0555 0.0555  
96433 30 1.2077 1.1768 0.0037 0.0228 52688852.8089 1118309.3069 354686905.4028 60095.0456 2328556.2443 81936554.3579 96567152.4314 36087758.3777 36987462.4036 45104568.9374 46625616.3539 46715649.7221 46716265.0483 46716265.0483 0.0000 0.0244 0.2985 0.8107 0.4920 0.0391 0.0146 0.0132 0.0132 0.0132 0.0132 0.0116 0.0091 0.1152 0.3955 0.8326 1.2540 1.4215 1.4449 1.4461 1.4461 1.4461 1.4461 0.1816 0.1292 0.1038 0.0739 0.0584 0.0565 0.0563 0.0563 0.0563 0.0563 0.2740  
96433 35 0.7865 0.8405 0.6475 0.9466 3229528.7361 2625.2668 21838282.6453 1399.0946 994062.9903 3868047.3177 2036385.2691 1368629.4921 2745003.1712 4727130.5132 5469175.4658 5564356.8723 5485416.5485 5377434.5146 0.0313 0.4733 1.4456 2.4962 0.9313 0.2723 0.0888 0.0510 0.0454 0.0449 0.0449 0.5803 0.0144 0.1174 0.2537 0.3547 0.4241 0.4832 0.5056 0.5109 0.5153 0.5202 1.4702 0.1512 0.1148 0.0876 0.0760 0.0675 0.0662 0.0659 0.0659 0.0658 0.0658 0.1341  
96433 36 0.8272 0.9679 0.0025 0.0048 637197.7686 350724.9794 62449036.8006 81885.0516 7738658396.1402 8251273002.7675 2089511669.8283 2052895706.4123 1972121652.1428 1790703336.1091 1501552610.7288 1172713305.7491 857586437.5635 655988231.7646 1329.5873 0.0013 0.0019 0.0326 0.0361 0.0361 0.0361 0.0361 0.0361 0.0361 0.0361 0.0361 0.0007 0.0051 0.0076 0.0077 0.0083 0.0095 0.0114 0.0137 0.0158 0.0172 1.4359 0.1941 0.1861 0.1341 0.1334 0.1334 0.1334 0.1334 0.1333 0.1333 0.1333 0.1334  
