8761 4 0.7823 0.8107 0.1559 0.1859 24176602.5190 23566566.8075 255597276.7991 27613.6680 402568.0699 32073128.0888 30061733.1987 12310290.8092 11852848.1320 11850896.9299 11850896.9299 11850896.9299 11850896.9299 11850896.9299 0.6516 0.4192 0.2467 0.2272 0.1911 0.1879 0.1879 0.1879 0.1879 0.1879 0.1879 0.2240 0.0538 0.6101 1.3851 1.5351 1.5375 1.5376 1.5376 1.5376 1.5376 1.5376 1.5376 0.1023 0.0752 0.0635 0.0567 0.0563 0.0563 0.0563 0.0563 0.0563 0.0563 0.0824  
8761 12 1.6069 0.6938 0.0173 0.0300 16532718.9629 4147317.0636 1301514918.6225 42431.0848 785379032.4179 4040611597.1619 1604983985.1760 348871754.1454 100542853.5119 58767891.8140 36291059.7738 19276321.7277 10888714.9777 8398460.0888 43.8595 0.5627 0.0191 0.0266 0.0409 0.0456 0.0469 0.0478 0.0496 0.0523 0.0540 0.0324 0.0186 0.1361 0.2771 0.3810 0.4348 0.4710 0.5140 0.5477 0.5643 0.5692 1.1640 0.1881 0.1142 0.0850 0.0731 0.0675 0.0657 0.0651 0.0639 0.0620 0.0608 0.1413  
8761 15 0.0031 0.6900 0.0005 0.0015 5651670.8289 0.0000 1196560429.6603 1883.7451 1440788518.1881 13886313333.4125 7016153793.7861 3676332388.8978 1773300566.1996 1522221723.1767 1507964780.1402 1506051694.4765 1503339719.1937 1499685540.7656 0.0000 0.8932 0.0020 0.0015 0.0015 0.0016 0.0016 0.0016 0.0018 0.0021 0.0026 0.0000 0.0045 0.0338 0.0594 0.0852 0.1005 0.1025 0.1026 0.1027 0.1028 0.1030 1.6453 0.2659 0.2030 0.1622 0.1521 0.1375 0.1336 0.1333 0.1333 0.1333 0.1333 0.0000  
8761 29 0.5585 0.6714 0.0591 0.0898 69589962.6609 178044245.5875 174410943.5825 71481.2957 4297344.8566 442043041.4995 916150386.0139 756840358.6381 505672949.5496 336314349.5475 230336156.9795 158440924.1708 128384269.6160 117888774.6460 51.8213 4.3475 1.0130 0.1890 0.0584 0.0453 0.0814 0.2671 0.5715 0.7535 0.8232 0.0524 0.0010 0.0098 0.0322 0.0674 0.1121 0.1625 0.2158 0.2678 0.3130 0.3562 2.5550 0.1510 0.1163 0.1007 0.0810 0.0678 0.0593 0.0537 0.0494 0.0466 0.0448 0.0556  
8761 30 0.0846 0.8872 0.0181 0.0384 21547876.1658 32653.6117 166098223.1654 2648.0486 43.6159 4532.5749 1071784.6057 11465873.6057 21411968.8269 21216621.6885 20724782.9485 20679469.7904 20679133.8752 20679133.8752 0.0000 0.8808 3.6296 0.8953 0.2047 0.0664 0.0315 0.0249 0.0245 0.0245 0.0245 0.0000 0.0091 0.1152 0.3955 0.8326 1.2540 1.4215 1.4449 1.4461 1.4461 1.4461 1.4461 0.1386 0.0916 0.0685 0.0637 0.0596 0.0569 0.0563 0.0563 0.0563 0.0563 0.0000  
8761 35 1.2035 0.4494 0.2756 0.5557 12266105.5899 1884341.8975 100669565.2908 15110.3170 2607942.6373 35114679.7889 65173632.1410 64932558.0566 43268605.3512 22183628.4061 14282743.2460 12834680.1810 12501743.3702 12243918.7528 0.2556 0.5249 1.9946 1.7441 0.2499 0.1904 0.1309 0.0639 0.0443 0.0423 0.0421 0.7330 0.0144 0.1174 0.2537 0.3547 0.4241 0.4832 0.5056 0.5109 0.5153 0.5202 1.4702 0.1335 0.1115 0.0837 0.0759 0.0726 0.0698 0.0668 0.0660 0.0658 0.0658 0.1341  
8761 36 1.1586 0.5686 0.0434 0.0994 147599900.8191 1780486.3569 229393837.4174 204386.4818 40509570751.4196 41014185113.1955 7244153811.6377 7077269431.0896 6798940377.1825 6173814044.5507 5177466288.7016 4044360696.5144 2958505048.8191 2263843399.1774 4583.6757 1.1604 0.1325 0.1404 0.1406 0.1406 0.1406 0.1406 0.1406 0.1406 0.1406 0.1406 0.0007 0.0051 0.0076 0.0077 0.0083 0.0095 0.0114 0.0137 0.0158 0.0172 1.4359 0.1898 0.1843 0.1301 0.1289 0.1289 0.1289 0.1289 0.1289 0.1289 0.1289 0.1289  
17545 4 4.2071 1.7322 0.0551 0.0586 16382147.2473 4283483.7301 501846070.1163 11492.6277 626100.0443 55041316.2735 55821912.2536 30325210.7878 29691694.6651 29689089.9424 29689089.9424 29689089.9424 29689089.9424 29689089.9424 1.2249 0.1209 0.0475 0.0439 0.0415 0.0414 0.0414 0.0414 0.0414 0.0414 0.0414 0.0451 0.0538 0.6101 1.3851 1.5351 1.5375 1.5376 1.5376 1.5376 1.5376 1.5376 1.5376 0.1015 0.0748 0.0626 0.0565 0.0563 0.0563 0.0563 0.0563 0.0563 0.0563 0.0822  
17545 12 1.8429 1.8604 0.0081 0.0122 17969267.0171 207614.0360 3408201332.4287 679431.9568 1501421814.8181 8060763913.2909 5043284225.2108 1688072849.2158 381304212.4951 175031567.8410 100631462.5396 45990832.3686 19056308.0848 11061553.7536 114.6212 0.0957 0.0038 0.0074 0.0125 0.0147 0.0156 0.0158 0.0162 0.0169 0.0177 0.0100 0.0186 0.1361 0.2771 0.3810 0.4348 0.4710 0.5140 0.5477 0.5643 0.5692 1.1640 0.1876 0.1088 0.0822 0.0739 0.0693 0.0660 0.0655 0.0648 0.0632 0.0617 0.1414  
17545 15 1.2200 1.1403 0.0001 0.0004 990547.9342 82757.5715 1260377102.7164 387487.6564 2121853344.8335 17077937660.2411 10185578617.1824 4857613610.8852 1755280222.1203 1345998925.1750 1323040503.9388 1321027715.9010 1318647482.6443 1315440301.4075 0.0000 0.0113 0.0002 0.0003 0.0003 0.0003 0.0003 0.0003 0.0003 0.0003 0.0003 0.0000 0.0045 0.0338 0.0594 0.0852 0.1005 0.1025 0.1026 0.1027 0.1028 0.1030 1.6453 0.2792 0.1997 0.1620 0.1555 0.1402 0.1338 0.1333 0.1333 0.1333 0.1333 0.0000  
17545 29 0.6783 0.8742 0.0373 0.0656 16516053.8131 842566.1894 156116840.3591 92572.1323 1349211.9516 160558648.8063 623981560.9252 750741714.6697 531552581.3717 336056546.6453 216754191.6473 141587153.3703 109165502.6591 96011074.3295 49.3845 2.6230 0.5746 0.2110 0.0293 0.0078 0.0103 0.0284 0.0689 0.1168 0.1608 0.0090 0.0010 0.0098 0.0322 0.0674 0.1121 0.1625 0.2158 0.2678 0.3130 0.3562 2.5550 0.1945 0.1110 0.0934 0.0793 0.0680 0.0599 0.0545 0.0502 0.0469 0.0450 0.0555  
17545 30 2.5745 1.9744 0.0035 0.0071 2639005.4646 2017533.8876 177153088.6457 23353.4865 2482921.5631 72964784.1510 115632870.8192 43324890.6725 20020240.9622 21513225.9575 22115735.4904 22151898.1840 22152144.0545 22152144.0545 0.0000 0.0045 0.0159 0.0566 0.0485 0.0082 0.0038 0.0029 0.0029 0.0029 0.0029 0.0020 0.0091 0.1152 0.3955 0.8326 1.2540 1.4215 1.4449 1.4461 1.4461 1.4461 1.4461 0.1797 0.1300 0.1019 0.0781 0.0592 0.0565 0.0563 0.0563 0.0563 0.0563 0.2740  
17545 35 1.0794 0.8081 0.2263 0.2710 12374104.4802 1459.3032 90968920.1663 13269.8717 301764.2309 7562215.8548 39524924.6028 53991186.2186 39556395.3917 20587190.4509 13399985.2041 12080008.8755 11769814.3426 11526484.5138 0.0329 0.4379 1.2341 0.4768 0.2130 0.2126 0.1341 0.0408 0.0126 0.0096 0.0094 0.6649 0.0144 0.1174 0.2537 0.3547 0.4241 0.4832 0.5056 0.5109 0.5153 0.5202 1.4702 0.1322 0.1031 0.0806 0.0749 0.0726 0.0699 0.0669 0.0660 0.0658 0.0658 0.1341  
17545 36 0.9357 0.8568 0.0533 0.0989 135260616.1144 483166.1062 201378718.2341 765627.7999 30165937805.7809 31189371800.2233 6492480026.4204 6360845764.3971 6110665150.6478 5548760141.6779 4653176695.9191 3634666236.6350 2658627161.2491 2034219197.0626 4119.6793 0.0983 0.0987 0.1324 0.1347 0.1347 0.1347 0.1347 0.1347 0.1347 0.1347 0.1347 0.0007 0.0051 0.0076 0.0077 0.0083 0.0095 0.0114 0.0137 0.0158 0.0172 1.4359 0.1946 0.1880 0.1348 0.1338 0.1338 0.1338 0.1338 0.1338 0.1338 0.1338 0.1338  
26305 4 2.0016 1.3938 0.0277 0.0331 11367888.7155 34813858.3393 718279162.4404 48351.0691 752321.1078 68835819.9023 80076299.8061 52672637.0229 51973533.5590 51970624.4913 51970624.4913 51970624.4913 51970624.4913 51970624.4913 1.4614 0.0972 0.0341 0.0313 0.0285 0.0284 0.0284 0.0284 0.0284 0.0284 0.0284 0.0330 0.0538 0.6101 1.3851 1.5351 1.5375 1.5376 1.5376 1.5376 1.5376 1.5376 1.5376 0.1014 0.0745 0.0617 0.0564 0.0563 0.0563 0.0563 0.0563 0.0563 0.0563 0.0821  
26305 12 0.9972 0.9462 0.0048 0.0058 21332396.9641 204761.8371 4825918155.3700 1252091.3797 38692020.6998 2183911395.2813 6898657952.8064 4180655773.6496 1204148840.9060 634950583.9854 360865646.6027 155019739.7211 53551531.8269 23435881.8149 254.7189 0.0595 0.0033 0.0044 0.0057 0.0063 0.0066 0.0067 0.0069 0.0073 0.0080 0.0077 0.0186 0.1361 0.2771 0.3810 0.4348 0.4710 0.5140 0.5477 0.5643 0.5692 1.1640 0.1333 0.0903 0.0786 0.0733 0.0690 0.0661 0.0658 0.0656 0.0649 0.0637 0.0705  
26305 15 1.0680 0.9923 0.0005 0.0006 3064601.9899 0.0000 1274442988.8716 472724.2867 1164926285.5654 15404828662.3752 12351662929.0983 5683009773.4948 1715852358.4268 1192490947.7441 1163264580.9122 1161206228.2640 1159113807.6014 1156294431.7289 0.0000 0.0617 0.0005 0.0005 0.0006 0.0006 0.0006 0.0006 0.0006 0.0006 0.0006 0.0000 0.0045 0.0338 0.0594 0.0852 0.1005 0.1025 0.1026 0.1027 0.1028 0.1030 1.6453 0.2688 0.1945 0.1617 0.1570 0.1424 0.1340 0.1333 0.1333 0.1333 0.1333 0.0000  
26305 29 1.3988 0.8878 0.0193 0.0598 19702097.8723 901568.5274 136651754.2507 62791.3690 159681.9297 38046430.4112 410969371.9834 674897236.7604 553896470.6541 339590338.8614 202604449.5878 122769749.5760 88019651.2276 72768993.5691 46.9206 4.1766 1.1113 0.1932 0.0232 0.0085 0.0133 0.0394 0.0998 0.1701 0.2326 0.0125 0.0010 0.0098 0.0322 0.0674 0.1121 0.1625 0.2158 0.2678 0.3130 0.3562 2.5550 0.2257 0.1024 0.0859 0.0774 0.0677 0.0603 0.0548 0.0504 0.0472 0.0454 0.0556  
26305 30 1.4211 1.3694 0.0032 0.0169 23342269.9105 4793338.5119 246698648.0648 60123.6541 3096585.6308 91456428.8822 191594763.8749 119655524.2890 48038729.3056 25945432.0978 22960527.5696 22804065.5261 22803057.3269 22803057.3269 0.0000 0.0051 0.0139 0.0434 0.1067 0.0379 0.0082 0.0066 0.0065 0.0065 0.0065 0.0024 0.0091 0.1152 0.3955 0.8326 1.2540 1.4215 1.4449 1.4461 1.4461 1.4461 1.4461 0.1804 0.1266 0.0947 0.0765 0.0628 0.0570 0.0563 0.0563 0.0563 0.0563 0.2740  
26305 35 0.8175 0.9050 0.2747 0.3315 11203562.0999 3029.9967 76165964.1910 14324.1362 718839.9733 10420052.1155 30717220.4361 43765887.1684 33020822.6860 18071560.1533 12394634.8521 11340883.5514 11065774.1142 10837474.2446 0.0814 0.4049 1.3991 0.7350 0.2372 0.2254 0.1386 0.0420 0.0143 0.0115 0.0113 0.6025 0.0144 0.1174 0.2537 0.3547 0.4241 0.4832 0.5056 0.5109 0.5153 0.5202 1.4702 0.1332 0.1097 0.0811 0.0747 0.0725 0.0697 0.0668 0.0660 0.0658 0.0658 0.1341  
26305 36 0.9088 0.8830 0.0560 0.0989 122626236.3686 606058.8411 181043961.9704 716389.2992 23378608691.6692 24734836398.0832 5986277998.2798 5877859892.6351 5646650096.1429 5127353493.6077 4299680784.6472 3358402431.7243 2456374921.8960 1879314868.2656 3806.8712 0.0984 0.0989 0.1315 0.1345 0.1345 0.1345 0.1345 0.1345 0.1345 0.1345 0.1345 0.0007 0.0051 0.0076 0.0077 0.0083 0.0095 0.0114 0.0137 0.0158 0.0172 1.4359 0.1946 0.1871 0.1347 0.1338 0.1338 0.1338 0.1338 0.1338 0.1338 0.1338 0.1338  
35065 4 0.9823 1.0252 0.0489 0.0449 35733999.1989 8889260.7021 796907635.8094 96780.5393 228871.1289 26686877.2465 60905657.7045 63553533.2013 63571640.6269 63571671.0696 63571671.0696 63571671.0696 63571671.0696 63571671.0696 0.4318 0.1301 0.0532 0.0481 0.0447 0.0446 0.0446 0.0446 0.0446 0.0446 0.0446 0.0445 0.0538 0.6101 1.3851 1.5351 1.5375 1.5376 1.5376 1.5376 1.5376 1.5376 1.5376 0.1003 0.0719 0.0593 0.0563 0.0563 0.0563 0.0563 0.0563 0.0563 0.0563 0.0822  
35065 12 0.9646 0.9499 0.0023 0.0025 11385886.8022 38381.3153 5217895259.8616 1248570.5812 2263221.4385 483408853.9246 4580335135.1019 4403164231.0133 2241340858.9396 1509750064.6161 865413321.6749 366681924.0173 120841506.9062 47877484.1478 610.1197 0.1558 0.0019 0.0019 0.0021 0.0023 0.0024 0.0024 0.0024 0.0025 0.0027 0.0023 0.0186 0.1361 0.2771 0.3810 0.4348 0.4710 0.5140 0.5477 0.5643 0.5692 1.1640 0.1524 0.0813 0.0747 0.0719 0.0677 0.0660 0.0659 0.0658 0.0655 0.0650 0.0659  
35065 15 1.2837 1.1768 0.0005 0.0005 4540068.0599 0.0000 1352708854.7318 504853.5936 2210914723.7865 23316308117.6707 14442091365.4137 6391005899.0606 1681013474.2346 1059663713.2934 1025053794.1061 1022957315.0107 1021113974.7864 1018630215.6499 0.0000 0.0373 0.0004 0.0004 0.0005 0.0005 0.0005 0.0005 0.0005 0.0005 0.0005 0.0000 0.0045 0.0338 0.0594 0.0852 0.1005 0.1025 0.1026 0.1027 0.1028 0.1030 1.6453 0.2786 0.1982 0.1619 0.1578 0.1441 0.1342 0.1333 0.1333 0.1333 0.1333 0.0000  
35065 29 1.0339 0.9097 0.0173 0.0265 34930273.8047 1101995.6498 106468753.9307 87830.0004 26825.8547 19403277.2768 313663495.0498 601661545.5705 553859630.3139 332064701.2222 180001800.3969 91732736.9096 54688137.7003 39907491.7209 44.0595 5.8393 0.5539 0.0450 0.0137 0.0133 0.0287 0.0924 0.2522 0.4317 0.5563 0.0315 0.0010 0.0098 0.0322 0.0674 0.1121 0.1625 0.2158 0.2678 0.3130 0.3562 2.5550 0.2750 0.0949 0.0834 0.0758 0.0673 0.0608 0.0553 0.0510 0.0476 0.0459 0.0555  
35065 30 1.1169 1.0433 0.0028 0.0279 60107919.0138 2304729.6407 368036868.3838 85444.5387 2328912.9933 68306750.2931 140476960.1898 141868083.3316 94049411.9468 41067299.1419 30201677.3000 29510745.5206 29505997.1194 29505997.1194 0.0000 0.0133 0.1249 0.3675 0.2160 0.0580 0.0170 0.0107 0.0103 0.0103 0.0103 0.0073 0.0091 0.1152 0.3955 0.8326 1.2540 1.4215 1.4449 1.4461 1.4461 1.4461 1.4461 0.1779 0.1263 0.0913 0.0712 0.0627 0.0579 0.0564 0.0563 0.0563 0.0563 0.2740  
35065 35 0.9532 0.8909 0.2605 0.3047 8544014.0307 3622.8948 64019500.9698 11710.2776 568838.3325 9245861.1446 24071527.4425 35187651.4471 27255771.8267 15781328.2828 11415957.4599 10594170.7357 10351608.5743 10138854.4474 0.0399 0.3560 1.1975 0.6587 0.2232 0.2096 0.1227 0.0365 0.0134 0.0111 0.0109 0.6380 0.0144 0.1174 0.2537 0.3547 0.4241 0.4832 0.5056 0.5109 0.5153 0.5202 1.4702 0.1312 0.1095 0.0810 0.0746 0.0723 0.0694 0.0667 0.0660 0.0658 0.0658 0.1341  
35065 36 0.9156 0.8562 0.0571 0.0994 115301033.3365 701765.5906 170265695.0643 651066.8310 15957062366.4065 17782062359.2336 5610589338.7396 5526366742.6997 5308960622.3315 4820667040.6378 4042408007.5813 3157325809.4126 2309151102.3533 1766542660.0156 3579.2253 0.0988 0.0995 0.1344 0.1361 0.1361 0.1361 0.1361 0.1361 0.1361 0.1361 0.1361 0.0007 0.0051 0.0076 0.0077 0.0083 0.0095 0.0114 0.0137 0.0158 0.0172 1.4359 0.1946 0.1849 0.1345 0.1338 0.1338 0.1338 0.1338 0.1338 0.1338 0.1338 0.1338  
43825 4 1.3329 1.1133 0.0294 0.0275 18153634.4562 15971697.2723 873418643.7618 95067.3096 499880.3551 44510553.1760 75798216.1975 71589240.5804 71449822.4699 71449198.7413 71449198.7413 71449198.7413 71449198.7413 71449198.7413 0.8243 0.1053 0.0320 0.0263 0.0243 0.0243 0.0243 0.0243 0.0243 0.0243 0.0243 0.0298 0.0538 0.6101 1.3851 1.5351 1.5375 1.5376 1.5376 1.5376 1.5376 1.5376 1.5376 0.1011 0.0743 0.0597 0.0563 0.0563 0.0563 0.0563 0.0563 0.0563 0.0563 0.0824  
43825 12 0.9514 0.9514 0.0020 0.0020 11037551.5560 22342.7939 5208142531.8670 1204328.4186 388566.6759 180222066.1266 2875072594.5337 3725796314.4634 2817949336.2843 2083426370.3487 1198097206.9784 506186663.1016 165122348.7481 63896743.0317 844.7282 0.2255 0.0023 0.0018 0.0019 0.0021 0.0021 0.0021 0.0021 0.0022 0.0023 0.0020 0.0186 0.1361 0.2771 0.3810 0.4348 0.4710 0.5140 0.5477 0.5643 0.5692 1.1640 0.1728 0.0764 0.0733 0.0706 0.0668 0.0659 0.0659 0.0658 0.0657 0.0653 0.0659  
43825 15 1.0341 1.0202 0.0003 0.0007 5549356.7168 0.0000 1385207180.2257 648078.2249 1909767008.9955 23125309913.0109 16350490616.0589 7119040970.3779 1665941243.9113 946566711.0867 906566327.7385 904412431.7907 902782691.4166 900586741.6480 0.0000 0.0466 0.0006 0.0006 0.0007 0.0007 0.0007 0.0007 0.0007 0.0007 0.0007 0.0000 0.0045 0.0338 0.0594 0.0852 0.1005 0.1025 0.1026 0.1027 0.1028 0.1030 1.6453 0.2696 0.1955 0.1620 0.1585 0.1460 0.1345 0.1334 0.1333 0.1333 0.1333 0.0000  
43825 29 0.8930 0.9187 0.0163 0.0185 26263070.4392 851333.6119 84093195.9972 90806.0366 16313.6235 13947845.5136 239639136.0039 536406133.6636 550086804.2414 322720409.0292 159467275.4145 66179093.8017 30074115.6261 19044263.4289 41.0761 6.1774 0.4204 0.0181 0.0126 0.0137 0.0284 0.0916 0.2861 0.5540 0.6955 0.0331 0.0010 0.0098 0.0322 0.0674 0.1121 0.1625 0.2158 0.2678 0.3130 0.3562 2.5550 0.2877 0.0933 0.0825 0.0743 0.0669 0.0611 0.0560 0.0521 0.0484 0.0466 0.0556  
43825 30 0.7011 0.9182 0.0111 0.0381 85419808.9624 442851.9969 446343339.4833 95434.2657 1781844.4573 46084660.5146 66190236.2635 98385806.0022 102861555.0020 54641194.0481 42453809.9956 41599197.3982 41593161.5566 41593161.5566 0.0000 0.0292 0.3571 0.9173 0.3226 0.0707 0.0291 0.0165 0.0154 0.0154 0.0154 0.0131 0.0091 0.1152 0.3955 0.8326 1.2540 1.4215 1.4449 1.4461 1.4461 1.4461 1.4461 0.1772 0.1283 0.0925 0.0675 0.0611 0.0579 0.0564 0.0563 0.0563 0.0563 0.2740  
43825 35 0.7018 0.8383 0.3673 0.3864 9969773.1624 2608.3902 56694168.2966 11162.5442 452061.4322 6019004.5263 16422136.5739 24814351.7393 20198542.2309 13072051.5837 10350754.5231 9818880.4254 9614789.6956 9418730.6910 0.0439 0.4464 1.2672 0.7350 0.3400 0.3149 0.1696 0.0481 0.0184 0.0155 0.0152 0.6801 0.0144 0.1174 0.2537 0.3547 0.4241 0.4832 0.5056 0.5109 0.5153 0.5202 1.4702 0.1347 0.1095 0.0808 0.0745 0.0721 0.0690 0.0666 0.0659 0.0658 0.0658 0.1341  
43825 36 0.9298 0.9692 0.0570 0.0992 105286317.4152 642690.0007 155291779.0968 596098.5996 15870964917.7072 17453209859.2805 5185451634.8201 5104326719.7163 4903507864.7667 4452469238.1996 3733588428.1830 2916034656.9928 2132572474.7816 1631363005.9612 3305.8877 0.0985 0.0991 0.1286 0.1336 0.1336 0.1336 0.1336 0.1336 0.1336 0.1336 0.1336 0.0007 0.0051 0.0076 0.0077 0.0083 0.0095 0.0114 0.0137 0.0158 0.0172 1.4359 0.1946 0.1854 0.1345 0.1338 0.1338 0.1338 0.1338 0.1338 0.1338 0.1338 0.1338  
52609 4 0.9301 0.9723 0.0309 0.0294 22675420.9586 16226733.2443 874440808.7231 126716.1072 99589.7005 13933931.0526 59986715.9022 74415265.0028 74710715.5037 74711881.7722 74711881.7722 74711881.7722 74711881.7722 74711881.7722 0.1702 0.1237 0.0335 0.0301 0.0291 0.0291 0.0291 0.0291 0.0291 0.0291 0.0291 0.0297 0.0538 0.6101 1.3851 1.5351 1.5375 1.5376 1.5376 1.5376 1.5376 1.5376 1.5376 0.1006 0.0697 0.0578 0.0563 0.0563 0.0563 0.0563 0.0563 0.0563 0.0563 0.0821  
52609 12 0.9453 0.9523 0.0020 0.0019 10896274.5933 20753.3759 5074579729.9097 1145800.7720 267405.2507 91442806.0603 1756391354.0903 3114178893.9114 3107152560.3297 2400085384.6642 1382195613.6546 583307421.1468 189510568.6975 72634444.3393 974.5750 0.2621 0.0028 0.0018 0.0020 0.0021 0.0021 0.0021 0.0021 0.0021 0.0022 0.0020 0.0186 0.1361 0.2771 0.3810 0.4348 0.4710 0.5140 0.5477 0.5643 0.5692 1.1640 0.1841 0.0743 0.0726 0.0692 0.0664 0.0659 0.0659 0.0659 0.0657 0.0655 0.0659  
52609 15 1.1274 1.0814 0.0004 0.0004 4489266.1533 0.0000 1497830479.5748 670199.8723 2707288896.1710 25968357634.7072 18745156414.4677 8031087624.2978 1689377669.0681 852783726.5306 806327050.7949 804064068.2049 802615148.3058 800662840.2168 0.0000 0.0273 0.0003 0.0004 0.0004 0.0005 0.0005 0.0005 0.0005 0.0005 0.0005 0.0000 0.0045 0.0338 0.0594 0.0852 0.1005 0.1025 0.1026 0.1027 0.1028 0.1030 1.6453 0.2757 0.1964 0.1619 0.1590 0.1476 0.1348 0.1334 0.1333 0.1333 0.1333 0.0000  
52609 29 0.7201 0.9199 0.0218 0.0249 20176152.3044 711325.7066 67238690.3090 81087.7699 24623.6625 11108276.1254 195305889.1194 481877263.8452 522436908.4940 302471310.3767 139879030.5097 46783049.5936 13338258.1572 6419804.3284 37.7003 6.1243 0.7113 0.0310 0.0194 0.0177 0.0325 0.0904 0.3033 0.7691 1.0438 0.0423 0.0010 0.0098 0.0322 0.0674 0.1121 0.1625 0.2158 0.2678 0.3130 0.3562 2.5550 0.2851 0.0993 0.0821 0.0733 0.0667 0.0614 0.0566 0.0536 0.0497 0.0475 0.0555  
52609 30 1.1714 1.0197 0.0297 0.0363 72172713.8841 48113.1389 475653990.8805 66910.4606 2331251.3839 55504476.3256 68929937.0941 69793495.9979 82796772.1842 60223436.5990 53568493.7585 53065934.7753 53062322.5562 53062322.5562 0.0000 0.0358 0.3524 0.9237 0.3521 0.0630 0.0272 0.0184 0.0177 0.0177 0.0177 0.0161 0.0091 0.1152 0.3955 0.8326 1.2540 1.4215 1.4449 1.4461 1.4461 1.4461 1.4461 0.1773 0.1295 0.0976 0.0675 0.0600 0.0573 0.0564 0.0563 0.0563 0.0563 0.2740  
52609 35 0.8079 0.9355 0.3885 0.4482 7397401.5371 3229.5118 49490166.3423 7834.4058 1048155.4310 11944236.6755 13068982.0761 19318552.6956 16319305.0212 11367817.4881 9470105.6514 9085605.1162 8906575.5366 8725823.9856 0.0926 0.4004 1.0668 1.0330 0.3348 0.2897 0.1457 0.0409 0.0173 0.0150 0.0148 0.6479 0.0144 0.1174 0.2537 0.3547 0.4241 0.4832 0.5056 0.5109 0.5153 0.5202 1.4702 0.1346 0.1127 0.0825 0.0745 0.0718 0.0686 0.0664 0.0659 0.0658 0.0658 0.1341  
52609 36 0.9233 0.9029 0.0553 0.0957 94227154.5637 724061.7980 140783172.7718 554236.2654 12566045707.2208 14240352329.1344 4820320893.8789 4751296262.8795 4564353808.8775 4144481542.8566 3475274745.3997 2714213199.0920 1984887543.8253 1518311195.1162 3077.2444 0.0937 0.0945 0.1279 0.1308 0.1308 0.1308 0.1308 0.1308 0.1308 0.1308 0.1308 0.0007 0.0051 0.0076 0.0077 0.0083 0.0095 0.0114 0.0137 0.0158 0.0172 1.4359 0.1946 0.1841 0.1344 0.1338 0.1338 0.1338 0.1338 0.1338 0.1338 0.1338 0.1338  
61369 4 1.0510 1.0172 0.0247 0.0239 17467298.1760 14572033.4232 892435971.3854 117863.7053 211675.4518 21452643.4419 64019458.9075 74907381.1861 75133103.3580 75134022.7626 75134022.7626 75134022.7626 75134022.7626 75134022.7626 0.3342 0.1164 0.0291 0.0237 0.0227 0.0227 0.0227 0.0227 0.0227 0.0227 0.0227 0.0269 0.0538 0.6101 1.3851 1.5351 1.5375 1.5376 1.5376 1.5376 1.5376 1.5376 1.5376 0.1018 0.0732 0.0581 0.0563 0.0563 0.0563 0.0563 0.0563 0.0563 0.0563 0.0824  
61369 12 0.9387 0.9529 0.0020 0.0020 10829009.1533 23480.2044 4859980517.3755 1083076.6628 398919.4770 49699270.5753 1055766249.2235 2665161261.5317 3202080641.6816 2529839987.6385 1457979221.9104 614954327.5675 199401164.6693 76067994.9937 1028.0379 0.2322 0.0045 0.0019 0.0020 0.0021 0.0021 0.0021 0.0021 0.0022 0.0022 0.0020 0.0186 0.1361 0.2771 0.3810 0.4348 0.4710 0.5140 0.5477 0.5643 0.5692 1.1640 0.1862 0.0746 0.0720 0.0680 0.0661 0.0659 0.0659 0.0659 0.0658 0.0655 0.0659  
61369 15 1.0751 1.0500 0.0004 0.0006 5332815.2096 0.0000 1609806490.2869 755567.6058 3152417614.1063 24898047976.6064 22560321862.6235 9584195798.5517 1800384155.1981 773556121.2306 716603470.4813 714092290.4853 712805496.9698 711071641.7097 0.0000 0.0309 0.0005 0.0005 0.0006 0.0006 0.0006 0.0006 0.0006 0.0006 0.0006 0.0000 0.0045 0.0338 0.0594 0.0852 0.1005 0.1025 0.1026 0.1027 0.1028 0.1030 1.6453 0.2775 0.1944 0.1617 0.1595 0.1497 0.1353 0.1334 0.1333 0.1333 0.1333 0.0000  
61369 29 0.6944 0.9265 0.0236 0.0278 12834374.5225 527782.8265 57163791.6804 58391.8510 20355.6397 9054892.5796 163008140.9436 433903403.6500 488310547.9287 279901254.1552 124410262.9368 36192519.5402 5852260.7697 1321108.1291 34.2577 6.1548 0.6675 0.0324 0.0223 0.0220 0.0351 0.0716 0.2106 0.7807 1.5417 0.0487 0.0010 0.0098 0.0322 0.0674 0.1121 0.1625 0.2158 0.2678 0.3130 0.3562 2.5550 0.2964 0.0987 0.0817 0.0726 0.0666 0.0615 0.0570 0.0551 0.0527 0.0498 0.0556  
61369 30 1.1952 1.0698 0.0053 0.0281 66889779.2096 1016665.9694 487419543.2211 78375.5853 3421039.1317 77037453.5405 93432811.8674 66865636.3687 75456462.0000 62167452.0913 57730546.9361 57376644.5242 57374070.7750 57374070.7750 0.0000 0.0211 0.2591 0.8214 0.3533 0.0496 0.0190 0.0139 0.0135 0.0135 0.0135 0.0113 0.0091 0.1152 0.3955 0.8326 1.2540 1.4215 1.4449 1.4461 1.4461 1.4461 1.4461 0.1760 0.1316 0.0995 0.0687 0.0594 0.0570 0.0563 0.0563 0.0563 0.0563 0.2740  
61369 35 0.8373 0.8527 0.3778 0.5932 7833885.2665 2681.7302 46347056.7969 6329.2740 817024.1527 9160512.0355 9304076.1367 13217386.0869 11879287.2028 9486272.3844 8560966.0114 8349699.3558 8198181.0344 8033009.9223 0.0600 0.3410 1.2164 1.3507 0.4733 0.3935 0.1794 0.0496 0.0227 0.0201 0.0199 0.5642 0.0144 0.1174 0.2537 0.3547 0.4241 0.4832 0.5056 0.5109 0.5153 0.5202 1.4702 0.1353 0.1126 0.0833 0.0745 0.0715 0.0682 0.0663 0.0659 0.0658 0.0658 0.1341  
61369 36 0.8798 0.8931 0.0547 0.0945 84799437.5006 675823.8284 123332959.0070 511734.2431 10166731846.9613 11731413410.9256 4256077221.1236 4197843294.0710 4032670200.9337 3661691862.8914 3070413882.2474 2397977595.1141 1753581569.4204 1341337817.0644 2718.7937 0.0933 0.0941 0.1262 0.1285 0.1285 0.1285 0.1285 0.1285 0.1285 0.1285 0.1285 0.0007 0.0051 0.0076 0.0077 0.0083 0.0095 0.0114 0.0137 0.0158 0.0172 1.4359 0.1945 0.1830 0.1343 0.1338 0.1338 0.1338 0.1338 0.1338 0.1338 0.1338 0.1338  
70129 4 1.0485 1.0236 0.0252 0.0243 19249611.4747 14889768.4037 908849265.8697 123871.3839 250433.1682 24157507.2840 66856656.5354 77067848.9771 77288959.6723 77289911.3112 77289911.3112 77289911.3112 77289911.3112 77289911.3112 0.3820 0.1183 0.0302 0.0249 0.0238 0.0238 0.0238 0.0238 0.0238 0.0238 0.0238 0.0285 0.0538 0.6101 1.3851 1.5351 1.5375 1.5376 1.5376 1.5376 1.5376 1.5376 1.5376 0.1019 0.0731 0.0583 0.0563 0.0563 0.0563 0.0563 0.0563 0.0563 0.0563 0.0826  
70129 12 0.9342 0.9534 0.0021 0.0020 10756225.4571 27152.8426 4610067555.6037 1016637.4294 808164.0172 29772147.2721 672635661.7248 2358045429.4842 3152498260.9865 2518246375.9124 1451806991.2924 612195751.0715 198325304.4906 75491587.0946 1023.7101 0.2202 0.0082 0.0020 0.0021 0.0022 0.0022 0.0022 0.0022 0.0022 0.0023 0.0020 0.0186 0.1361 0.2771 0.3810 0.4348 0.4710 0.5140 0.5477 0.5643 0.5692 1.1640 0.1874 0.0774 0.0711 0.0672 0.0660 0.0659 0.0659 0.0659 0.0658 0.0655 0.0659  
70129 15 1.0207 1.0445 0.0001 0.0003 4388042.0587 0.0000 1724859214.6599 812343.4945 4152075342.9923 23603833753.4958 25945690527.2837 10970291879.1944 1903483478.5947 707409486.6211 641117781.9502 638381555.8004 637231191.9583 635681165.1868 0.0000 0.0276 0.0002 0.0002 0.0003 0.0003 0.0003 0.0003 0.0003 0.0003 0.0003 0.0000 0.0045 0.0338 0.0594 0.0852 0.1005 0.1025 0.1026 0.1027 0.1028 0.1030 1.6453 0.2824 0.1928 0.1615 0.1598 0.1515 0.1358 0.1334 0.1333 0.1333 0.1333 0.0000  
70129 29 0.4249 0.9328 0.0223 0.0294 7084814.1374 387482.7780 51578667.1032 40548.5926 43720.4777 7650508.7714 139476183.9121 391809659.4077 451326013.2291 256599766.2030 112197598.4626 31848305.5465 4520298.1754 674703.0158 30.8596 5.6282 0.9059 0.0328 0.0235 0.0244 0.0371 0.0544 0.0798 0.2149 0.6451 0.0556 0.0010 0.0098 0.0322 0.0674 0.1121 0.1625 0.2158 0.2678 0.3130 0.3562 2.5550 0.2921 0.1038 0.0814 0.0722 0.0665 0.0617 0.0572 0.0557 0.0554 0.0549 0.0555  
70129 30 0.8180 1.0685 0.0046 0.0299 78352460.6455 924037.6085 503661381.1019 93670.6025 4677586.5525 90262644.3233 114851493.7883 81754950.6703 79272011.4487 63426856.5974 58851265.2024 58501185.6681 58498664.2721 58498664.2721 0.0000 0.0192 0.2265 0.7379 0.4104 0.0570 0.0189 0.0142 0.0139 0.0139 0.0139 0.0105 0.0091 0.1152 0.3955 0.8326 1.2540 1.4215 1.4449 1.4461 1.4461 1.4461 1.4461 0.1753 0.1313 0.0979 0.0708 0.0597 0.0569 0.0563 0.0563 0.0563 0.0563 0.2740  
70129 35 1.0631 1.0039 0.2501 0.6481 6329030.0974 57888.6782 38392518.3610 5299.7453 1705457.6066 18150836.1687 9834192.9699 10136548.7706 9140010.9610 8159301.8924 7780063.3983 7667746.1400 7536179.2331 7385157.7986 0.1444 0.3647 0.9812 1.5787 0.4937 0.3753 0.1541 0.0434 0.0224 0.0204 0.0203 0.5805 0.0144 0.1174 0.2537 0.3547 0.4241 0.4832 0.5056 0.5109 0.5153 0.5202 1.4702 0.1352 0.1139 0.0862 0.0752 0.0710 0.0677 0.0662 0.0659 0.0658 0.0658 0.1341  
70129 36 0.8605 0.9242 0.0542 0.0942 73380254.6873 551680.2387 105251315.7170 450212.8640 9662507060.5385 10906395821.7738 3632695331.9663 3580112755.1149 3439242118.8109 3122847035.6919 2618565716.0741 2045067176.7810 1495483243.6444 1143894261.3892 2318.7121 0.0933 0.0941 0.1249 0.1282 0.1282 0.1282 0.1282 0.1282 0.1282 0.1282 0.1282 0.0007 0.0051 0.0076 0.0077 0.0083 0.0095 0.0114 0.0137 0.0158 0.0172 1.4359 0.1946 0.1837 0.1343 0.1338 0.1338 0.1338 0.1338 0.1338 0.1338 0.1338 0.1338  
78889 4 0.9904 0.9862 0.0264 0.0246 19080332.0176 14778411.1504 898094534.8686 129874.9849 136481.3416 15732491.0237 61992821.3173 77109778.4799 77444341.2546 77445754.0985 77445754.0985 77445754.0985 77445754.0985 77445754.0985 0.2087 0.1279 0.0342 0.0255 0.0239 0.0239 0.0239 0.0239 0.0239 0.0239 0.0239 0.0322 0.0538 0.6101 1.3851 1.5351 1.5375 1.5376 1.5376 1.5376 1.5376 1.5376 1.5376 0.1019 0.0713 0.0577 0.0563 0.0563 0.0563 0.0563 0.0563 0.0563 0.0563 0.0825  
78889 12 0.9313 0.9537 0.0023 0.0022 10703423.6465 31999.1281 4346252806.9386 949777.3921 1276933.3650 18999860.5278 437175866.1117 2122683344.2929 3044443326.4305 2447968716.8178 1411585524.6551 595148362.8912 192701150.3043 73257784.2642 995.3722 0.2175 0.0138 0.0021 0.0023 0.0023 0.0023 0.0023 0.0023 0.0023 0.0024 0.0021 0.0186 0.1361 0.2771 0.3810 0.4348 0.4710 0.5140 0.5477 0.5643 0.5692 1.1640 0.1875 0.0835 0.0699 0.0666 0.0660 0.0659 0.0659 0.0659 0.0658 0.0656 0.0659  
78889 15 1.0982 1.0567 0.0002 0.0002 3886062.0058 0.0000 1786353746.9026 829178.7675 5106449851.7055 26148644416.7129 27758975431.6948 11664632469.9201 1932021143.3998 648118684.2987 576986775.3277 574158111.0493 573123477.5063 571729388.4090 0.0000 0.0215 0.0001 0.0002 0.0002 0.0002 0.0002 0.0002 0.0002 0.0002 0.0002 0.0000 0.0045 0.0338 0.0594 0.0852 0.1005 0.1025 0.1026 0.1027 0.1028 0.1030 1.6453 0.2840 0.1930 0.1614 0.1600 0.1527 0.1363 0.1334 0.1333 0.1333 0.1333 0.0000  
78889 29 0.5986 0.9375 0.0240 0.0306 4383300.2101 303044.9587 47412931.6381 17230.5566 1120408.4400 8730591.4947 118773381.1792 353445551.6748 417586414.1279 236824462.7270 102783479.6286 29100773.7197 4125433.0568 613727.3978 28.1902 2.2327 0.7091 0.0461 0.0254 0.0216 0.0293 0.0389 0.0431 0.0514 0.0837 0.0422 0.0010 0.0098 0.0322 0.0674 0.1121 0.1625 0.2158 0.2678 0.3130 0.3562 2.5550 0.2326 0.1258 0.0813 0.0718 0.0665 0.0617 0.0572 0.0558 0.0555 0.0555 0.0555  
78889 30 1.1370 1.0227 0.0310 0.0358 87001569.6387 61847.7710 535739309.0021 76626.9108 5374461.5355 83527647.7948 105084297.6829 98546207.2018 94023389.8556 66749210.3095 59658803.4425 59140656.0033 59136961.5726 59136961.5726 0.0000 0.0249 0.2358 0.7309 0.3878 0.0676 0.0238 0.0171 0.0167 0.0167 0.0167 0.0157 0.0091 0.1152 0.3955 0.8326 1.2540 1.4215 1.4449 1.4461 1.4461 1.4461 1.4461 0.1747 0.1314 0.0954 0.0706 0.0601 0.0571 0.0563 0.0563 0.0563 0.0563 0.2740  
78889 35 0.9403 0.8572 0.2205 0.6769 5299453.4505 128941.4353 34495114.3646 5634.2015 1185165.2206 12753551.1663 6705055.1883 7406584.3401 7296435.3061 7136465.7617 7064421.7349 7009466.8263 6893707.2300 6756143.7205 0.1094 0.3879 0.9890 1.6911 0.5091 0.3718 0.1405 0.0436 0.0262 0.0246 0.0245 0.6537 0.0144 0.1174 0.2537 0.3547 0.4241 0.4832 0.5056 0.5109 0.5153 0.5202 1.4702 0.1334 0.1136 0.0865 0.0750 0.0705 0.0673 0.0661 0.0659 0.0658 0.0658 0.1341  
78889 36 0.8470 0.8968 0.0542 0.0939 62440473.7680 383997.6773 90294880.8029 387391.5977 8339796720.4571 9385927625.7516 3088822108.0390 3043749413.3132 2923981049.1003 2654981614.2817 2226241102.1164 1738652036.4798 1271395194.3256 972473869.1426 1971.3289 0.0931 0.0938 0.1253 0.1277 0.1277 0.1277 0.1277 0.1277 0.1277 0.1277 0.1277 0.0007 0.0051 0.0076 0.0077 0.0083 0.0095 0.0114 0.0137 0.0158 0.0172 1.4359 0.1946 0.1838 0.1343 0.1338 0.1338 0.1338 0.1338 0.1338 0.1338 0.1338 0.1338  
87673 4 0.9416 0.9890 0.0253 0.0240 18536748.8644 14414831.0523 888813008.7364 128628.0899 143484.0916 15481512.6118 60938936.9723 75909207.5359 76237326.4766 76238693.6660 76238693.6660 76238693.6660 76238693.6660 76238693.6660 0.2149 0.1285 0.0283 0.0242 0.0237 0.0237 0.0237 0.0237 0.0237 0.0237 0.0237 0.0258 0.0538 0.6101 1.3851 1.5351 1.5375 1.5376 1.5376 1.5376 1.5376 1.5376 1.5376 0.1021 0.0719 0.0576 0.0563 0.0563 0.0563 0.0563 0.0563 0.0563 0.0563 0.0824  
87673 12 0.9338 0.9552 0.0024 0.0023 10678943.2004 46532.8322 4082032749.5020 884504.8410 4578045.5360 27109140.7943 332022833.8745 1949932204.6327 2886833016.6023 2327781184.1303 1342403345.2160 565948557.3635 183209901.6808 69615896.9823 946.6829 0.2024 0.0275 0.0021 0.0024 0.0024 0.0024 0.0024 0.0024 0.0025 0.0025 0.0023 0.0186 0.1361 0.2771 0.3810 0.4348 0.4710 0.5140 0.5477 0.5643 0.5692 1.1640 0.1887 0.0995 0.0688 0.0663 0.0659 0.0659 0.0659 0.0659 0.0658 0.0656 0.0660  
87673 15 0.9786 0.9823 0.0001 0.0002 4106771.1219 0.0000 1821949763.0406 910574.4740 2939835810.8235 24046271433.8941 29610996191.3021 12420264433.6830 1973369132.8622 595242623.3008 518915384.6151 515977084.3322 515047292.9080 513794470.4994 0.0000 0.0358 0.0001 0.0002 0.0002 0.0002 0.0002 0.0002 0.0002 0.0002 0.0002 0.0000 0.0045 0.0338 0.0594 0.0852 0.1005 0.1025 0.1026 0.1027 0.1028 0.1030 1.6453 0.2767 0.1893 0.1614 0.1601 0.1537 0.1368 0.1334 0.1333 0.1333 0.1333 0.0000  
87673 29 0.8908 0.9341 0.0304 0.0409 5307480.0847 265821.5956 43102691.1438 10314.3238 2535743.7072 10696220.5394 100245652.1640 317433878.5318 384415521.3728 216450020.4266 92745881.9581 26147811.3747 3704313.7918 551077.3598 25.3126 1.8185 0.7803 0.0690 0.0312 0.0265 0.0384 0.0530 0.0587 0.0663 0.0943 0.0583 0.0010 0.0098 0.0322 0.0674 0.1121 0.1625 0.2158 0.2678 0.3130 0.3562 2.5550 0.2362 0.1442 0.0814 0.0713 0.0664 0.0618 0.0572 0.0558 0.0555 0.0555 0.0556  
87673 30 1.0752 1.0503 0.0057 0.0290 76600306.8809 978267.6509 567204322.2565 87122.4469 6289063.7037 95809196.7700 110760134.4107 104041409.1422 109694925.3587 71584341.5670 61158443.7609 60389046.8636 60383542.8489 60383542.8489 0.0000 0.0186 0.2095 0.6953 0.2902 0.0513 0.0202 0.0140 0.0135 0.0135 0.0135 0.0103 0.0091 0.1152 0.3955 0.8326 1.2540 1.4215 1.4449 1.4461 1.4461 1.4461 1.4461 0.1746 0.1329 0.0973 0.0685 0.0601 0.0572 0.0563 0.0563 0.0563 0.0563 0.2740  
87673 35 0.6753 0.8999 0.2848 0.8564 5633878.4057 57852.4948 30448425.4893 5297.6642 1254106.6788 13096730.4978 4909799.9902 4712116.7596 5274656.3250 6057368.4610 6343289.5302 6354471.1869 6255224.8044 6131056.4624 0.1127 0.4015 0.9991 2.0859 0.7403 0.4671 0.1622 0.0531 0.0345 0.0328 0.0327 0.6484 0.0144 0.1174 0.2537 0.3547 0.4241 0.4832 0.5056 0.5109 0.5153 0.5202 1.4702 0.1347 0.1141 0.0880 0.0752 0.0699 0.0670 0.0661 0.0659 0.0658 0.0658 0.1341  
87673 36 0.8879 0.9094 0.0543 0.0936 54397849.4060 410857.8010 79493313.4461 328134.9002 7138620758.3194 8090347917.9236 2739339016.3151 2700117875.5783 2593867681.3183 2355230021.1048 1974881145.0983 1542325909.9561 1127808014.7089 862625726.5339 1748.7714 0.0927 0.0935 0.1247 0.1275 0.1275 0.1275 0.1275 0.1275 0.1275 0.1275 0.1275 0.0007 0.0051 0.0076 0.0077 0.0083 0.0095 0.0114 0.0137 0.0158 0.0172 1.4359 0.1946 0.1838 0.1343 0.1338 0.1338 0.1338 0.1338 0.1338 0.1338 0.1338 0.1338  
96433 4 1.0374 1.0061 0.0241 0.0230 17019564.1927 14749842.6091 888697613.2441 121119.1753 217753.9036 20068813.0856 62368444.0612 75818701.5004 76129537.5368 76130878.7392 76130878.7392 76130878.7392 76130878.7392 76130878.7392 0.3263 0.1244 0.0310 0.0236 0.0221 0.0221 0.0221 0.0221 0.0221 0.0221 0.0221 0.0279 0.0538 0.6101 1.3851 1.5351 1.5375 1.5376 1.5376 1.5376 1.5376 1.5376 1.5376 0.1021 0.0732 0.0579 0.0563 0.0563 0.0563 0.0563 0.0563 0.0563 0.0563 0.0827  
96433 12 0.9357 0.9551 0.0026 0.0024 10681490.7200 47811.6598 3827410095.6129 825985.0547 4367326.2641 26344325.5458 284387300.8869 1812331711.8454 2716833064.5412 2193087163.8252 1264772088.5657 533209293.9466 172599295.9271 65572915.6008 891.9195 0.2213 0.0262 0.0023 0.0026 0.0026 0.0026 0.0026 0.0026 0.0026 0.0027 0.0025 0.0186 0.1361 0.2771 0.3810 0.4348 0.4710 0.5140 0.5477 0.5643 0.5692 1.1640 0.1858 0.1006 0.0683 0.0661 0.0659 0.0659 0.0659 0.0659 0.0658 0.0656 0.0660  
96433 15 0.9576 0.9638 0.0002 0.0002 3904622.8341 0.0000 1762237272.2124 891046.7788 2774396046.7885 20740380735.1982 29615351902.8889 12425077513.9355 1925750479.6658 540708780.5351 464012836.9633 461115890.7004 460284959.1608 459165342.8408 0.0000 0.0411 0.0002 0.0002 0.0002 0.0002 0.0002 0.0002 0.0002 0.0002 0.0002 0.0000 0.0045 0.0338 0.0594 0.0852 0.1005 0.1025 0.1026 0.1027 0.1028 0.1030 1.6453 0.2804 0.1855 0.1612 0.1602 0.1544 0.1373 0.1335 0.1333 0.1333 0.1333 0.0000  
96433 29 0.8648 0.9215 0.0418 0.0555 6399764.3757 281830.8771 38440648.6178 9188.4813 970620.5858 6593039.0134 83972088.3772 283650899.9604 350165103.3671 194282618.1664 81503196.1042 22816047.3319 3228813.8093 480440.8960 22.0621 2.1103 0.8812 0.0980 0.0380 0.0343 0.0542 0.0789 0.0882 0.0977 0.1313 0.0881 0.0010 0.0098 0.0322 0.0674 0.1121 0.1625 0.2158 0.2678 0.3130 0.3562 2.5550 0.2331 0.1342 0.0809 0.0710 0.0664 0.0619 0.0573 0.0558 0.0555 0.0555 0.0556  
96433 30 1.0604 0.9549 0.0120 0.0340 87094886.9912 513542.4102 586029820.6982 93674.4624 4480423.3481 70065977.2464 77199699.1284 102385675.5189 118378635.8454 74369298.2184 62254786.8140 61361576.6302 61355187.6575 61355187.6575 0.0000 0.0270 0.2927 0.9099 0.3201 0.0609 0.0256 0.0166 0.0159 0.0159 0.0159 0.0151 0.0091 0.1152 0.3955 0.8326 1.2540 1.4215 1.4449 1.4461 1.4461 1.4461 1.4461 0.1729 0.1320 0.0960 0.0672 0.0601 0.0573 0.0564 0.0563 0.0563 0.0563 0.2740  
96433 35 0.3488 0.9259 0.7307 1.0089 5296182.7582 2425.2922 24657541.8433 3577.7007 1288477.1118 14908342.9383 3770731.4289 2767301.5260 3746180.1891 5133366.5593 5649415.7219 5704512.9496 5619656.4749 5508626.4260 0.0981 0.3436 0.9133 2.3793 0.9967 0.5190 0.1661 0.0610 0.0441 0.0425 0.0424 0.6129 0.0144 0.1174 0.2537 0.3547 0.4241 0.4832 0.5056 0.5109 0.5153 0.5202 1.4702 0.1318 0.1138 0.0905 0.0755 0.0692 0.0667 0.0660 0.0659 0.0658 0.0658 0.1341  
96433 36 0.8654 0.8895 0.0538 0.0932 47668293.7464 406076.8249 70683087.7648 291334.6819 5831210917.1820 6691907210.3237 2378820388.2441 2345835488.3273 2253524213.5640 2046193330.3302 1715742267.6646 1339933776.7667 979796314.5215 749403182.1729 1519.3155 0.0923 0.0931 0.1248 0.1270 0.1270 0.1270 0.1270 0.1270 0.1270 0.1270 0.1270 0.0007 0.0051 0.0076 0.0077 0.0083 0.0095 0.0114 0.0137 0.0158 0.0172 1.4359 0.1945 0.1831 0.1343 0.1338 0.1338 0.1338 0.1338 0.1338 0.1338 0.1338 0.1338  
