8761 4 0.7865 0.7914 0.1643 0.2072 24186026.6617 23523260.7369 264003508.9632 27763.2615 613181.1356 29158287.9043 34599140.4742 12432638.2618 10725894.2354 10697022.8631 10697022.8631 10697022.8631 10697022.8631 10697022.8631 9.6359 0.5048 0.2705 0.2409 0.2252 0.2218 0.2217 0.2217 0.2217 0.2217 0.2217 0.2292 0.0416 0.5143 1.3000 1.5275 1.5374 1.5376 1.5376 1.5376 1.5376 1.5376 1.5376 0.1127 0.0800 0.0661 0.0578 0.0563 0.0563 0.0563 0.0563 0.0563 0.0563 0.0641  
8761 12 1.6045 0.6952 0.0175 0.0301 16510030.3626 4758707.6519 1229563562.4504 42366.4181 797490616.9615 4083021233.7117 1587559083.8712 348122814.9471 93035046.8274 54081509.0310 33543562.7366 17846319.0061 10412293.3524 8133727.3569 284.7384 0.5534 0.0189 0.0266 0.0411 0.0460 0.0472 0.0479 0.0495 0.0518 0.0533 0.0129 0.0186 0.1372 0.2786 0.3810 0.4352 0.4703 0.5138 0.5480 0.5643 0.5693 1.1640 0.1880 0.1139 0.0850 0.0731 0.0674 0.0657 0.0651 0.0638 0.0620 0.0608 0.1160  
8761 15 0.7557 0.6270 0.2031 0.1815 586938540.2784 2805354.7982 1641066135.1669 453870.0108 808851661.2502 12497256414.9163 8494547569.7257 3121566266.0931 1523840063.5370 930335591.3004 885653644.5562 877037908.5445 853401749.1643 819622693.2663 1293.2446 1.1304 0.0101 0.0049 0.0406 0.2537 0.4570 0.4788 0.4794 0.4803 0.4817 0.2115 0.0038 0.0342 0.0808 0.1147 0.1548 0.1707 0.1721 0.1731 0.1761 0.1804 1.6453 0.2721 0.1999 0.1549 0.1330 0.1231 0.1148 0.1139 0.1139 0.1138 0.1137 0.1636  
8761 29 0.6955 0.6436 0.0532 0.1144 72859777.7101 203725355.2957 216088394.5313 89015.3385 2375393.5613 319267237.5758 801957792.0492 723878879.4368 507162697.7603 344219721.5845 235388972.0219 171999207.9099 144388829.9988 135269422.4198 149.9359 4.9618 1.3507 0.2769 0.0684 0.0416 0.0898 0.2768 0.5079 0.6366 0.6812 0.1555 0.0008 0.0082 0.0282 0.0621 0.1093 0.1664 0.2317 0.3016 0.3756 0.4292 2.5550 0.1774 0.1186 0.1036 0.0843 0.0694 0.0597 0.0529 0.0479 0.0442 0.0422 0.0968  
8761 30 0.1269 0.8866 0.0175 0.0384 21425520.5858 35047.9019 166679741.6677 3969.3427 10.4390 2797.3008 1077311.6585 10721816.6372 20452177.7757 21288776.9579 21078607.5758 21059259.6347 21058339.9745 21058339.9745 0.5684 1.4815 3.8632 0.8941 0.2121 0.0663 0.0314 0.0253 0.0250 0.0250 0.0250 0.2910 0.0092 0.1152 0.3963 0.8329 1.2515 1.4225 1.4449 1.4461 1.4461 1.4461 1.4461 0.1299 0.0878 0.0684 0.0637 0.0596 0.0568 0.0563 0.0563 0.0563 0.0563 0.0663  
8761 35 1.0256 0.4726 0.3000 0.5778 12220043.3547 2220167.9785 104431256.6208 12877.0037 4916233.7070 54099589.6497 63623039.4391 65110730.3954 44145841.3049 22706119.9660 14295603.2279 12801569.0475 12505809.7173 12269772.3502 0.0413 0.0664 1.6404 1.8313 0.2522 0.1899 0.1340 0.0682 0.0491 0.0472 0.0471 0.0538 0.0143 0.1168 0.2527 0.3549 0.4242 0.4826 0.5057 0.5111 0.5149 0.5194 1.4702 0.1355 0.1135 0.0843 0.0758 0.0726 0.0698 0.0669 0.0660 0.0658 0.0658 0.0598  
8761 36 0.4336 0.5400 0.0469 0.1068 164585325.9654 2765456.4762 251670574.2706 76490.4051 33303569674.4707 48450828150.1263 22463962190.3637 8205232158.1418 827557461.6296 259141762.2298 243697188.1845 243697188.1845 243666720.6629 243636253.1414 4609.0164 1.3408 0.1424 0.1442 0.1443 0.1456 0.1485 0.1487 0.1487 0.1487 0.1487 0.1442 0.0007 0.0052 0.0090 0.0171 0.0213 0.0216 0.0216 0.0216 0.0216 0.0216 1.4359 0.1898 0.1729 0.1293 0.1282 0.1190 0.0979 0.0960 0.0960 0.0960 0.0960 0.1289  
17545 4 6.6280 2.2564 0.0491 0.0555 16300102.1671 5712785.2331 636340056.6999 16150.4925 2185002.9916 89214320.7730 103621562.9268 40811673.8080 35922173.6577 35839345.2732 35839345.2732 35839345.2732 35839345.2732 35839345.2732 31.8043 0.1769 0.0465 0.0390 0.0342 0.0330 0.0330 0.0330 0.0330 0.0330 0.0330 0.0348 0.0416 0.5143 1.3000 1.5275 1.5374 1.5376 1.5376 1.5376 1.5376 1.5376 1.5376 0.1134 0.0803 0.0656 0.0576 0.0563 0.0563 0.0563 0.0563 0.0563 0.0563 0.0634  
17545 12 1.4619 1.5582 0.0097 0.0134 17923001.6268 195715.6539 2585824766.5163 678556.2709 988883927.4691 6161590305.0922 4413685935.7719 1278122288.1084 225410159.2277 88375001.3306 51648887.1052 24996038.0360 12374045.3130 8505625.1655 390.4262 0.0959 0.0044 0.0084 0.0143 0.0166 0.0177 0.0180 0.0186 0.0195 0.0203 0.0026 0.0186 0.1372 0.2786 0.3810 0.4352 0.4703 0.5138 0.5480 0.5643 0.5693 1.1640 0.1878 0.1052 0.0823 0.0743 0.0695 0.0660 0.0653 0.0643 0.0626 0.0612 0.1103  
17545 15 0.9811 1.0539 0.2385 0.2075 424024826.3748 960115.5961 1512339331.3253 654156.7865 821593674.0712 12944713048.5509 11781263619.3220 4167100741.6143 1482790625.6092 472562134.2497 398309221.0403 393841978.2659 383370815.8814 368406205.3087 821.9460 0.1358 0.0011 0.0010 0.0214 0.2042 0.6079 0.6875 0.6885 0.6882 0.6877 0.2110 0.0038 0.0342 0.0808 0.1147 0.1548 0.1707 0.1721 0.1731 0.1761 0.1804 1.6453 0.2772 0.1899 0.1557 0.1343 0.1274 0.1161 0.1139 0.1139 0.1138 0.1137 0.1728  
17545 29 1.1668 0.8699 0.0466 0.0922 19638376.5844 1042274.8644 195471111.5067 118037.3737 711725.7928 95614041.0547 465955354.5313 685359653.9036 542043004.6151 358745157.2103 230497132.7294 157722121.1860 124846836.3492 112937614.7789 95.2381 3.7719 0.6992 0.2949 0.0523 0.0083 0.0095 0.0260 0.0614 0.1085 0.1419 0.2756 0.0008 0.0082 0.0282 0.0621 0.1093 0.1664 0.2317 0.3016 0.3756 0.4292 2.5550 0.2627 0.1125 0.0955 0.0810 0.0693 0.0604 0.0539 0.0487 0.0445 0.0423 0.0846  
17545 30 1.5133 1.9052 0.0031 0.0076 3956514.0088 1790710.0303 177572781.4322 36691.8774 4026329.7041 68533625.0048 104998159.2329 37610960.3436 18431510.6673 21709935.4207 22640531.6695 22699524.1363 22701661.9851 22701661.9851 10.8699 0.0069 0.0267 0.0923 0.0720 0.0086 0.0044 0.0037 0.0036 0.0036 0.0036 0.1463 0.0092 0.1152 0.3963 0.8329 1.2515 1.4225 1.4449 1.4461 1.4461 1.4461 1.4461 0.1906 0.1305 0.1025 0.0782 0.0589 0.0565 0.0563 0.0563 0.0563 0.0563 0.0942  
17545 35 0.9398 0.7955 0.2122 0.2933 10589345.1749 3439.2775 90310227.0688 10532.5221 777964.9597 12491834.9578 40266739.0085 56104216.4558 41310395.3792 21334235.5963 13429627.2660 12025041.1774 11746658.8950 11524307.2992 0.0385 0.0403 1.1810 0.6532 0.1803 0.1771 0.1151 0.0354 0.0110 0.0086 0.0084 0.0094 0.0143 0.1168 0.2527 0.3549 0.4242 0.4826 0.5057 0.5111 0.5149 0.5194 1.4702 0.1330 0.1080 0.0810 0.0748 0.0726 0.0700 0.0669 0.0660 0.0659 0.0658 0.0598  
17545 36 0.8069 0.8587 0.0620 0.1064 73573295.3024 1264501.3193 220869470.7095 304298.5321 24607478475.0131 38225852721.6157 20203462048.4163 7369405110.2221 718390348.0744 205960433.4162 192037059.3231 192037059.3231 192013050.4567 191989041.5903 4149.9463 0.1015 0.1063 0.1347 0.1356 0.1363 0.1382 0.1384 0.1384 0.1384 0.1384 0.1355 0.0007 0.0052 0.0090 0.0171 0.0213 0.0216 0.0216 0.0216 0.0216 0.0216 1.4359 0.1945 0.1748 0.1340 0.1331 0.1246 0.1021 0.0999 0.0999 0.0999 0.0999 0.1338  
26305 4 1.6831 1.3245 0.0286 0.0343 15931141.2367 48761030.6961 974954181.5020 107045.8117 2016267.2729 75775319.0437 112808507.7284 72063993.4491 68566714.0765 68506799.9481 68506799.9481 68506799.9481 68506799.9481 68506799.9481 55.9348 0.1576 0.0393 0.0323 0.0310 0.0309 0.0309 0.0309 0.0309 0.0309 0.0309 0.0312 0.0416 0.5143 1.3000 1.5275 1.5374 1.5376 1.5376 1.5376 1.5376 1.5376 1.5376 0.1137 0.0788 0.0635 0.0569 0.0563 0.0563 0.0563 0.0563 0.0563 0.0563 0.0596  
26305 12 0.9866 0.9697 0.0055 0.0064 17050089.1281 228590.3053 3399652598.0240 991949.8487 101111375.1075 2833209801.7050 5978556258.8741 2833105974.8903 533602498.7774 204823775.7561 115832733.8556 51193476.0519 20583109.9655 11202077.3267 105.2261 0.1012 0.0038 0.0045 0.0065 0.0072 0.0077 0.0079 0.0082 0.0091 0.0101 0.0036 0.0186 0.1372 0.2786 0.3810 0.4352 0.4703 0.5138 0.5480 0.5643 0.5693 1.1640 0.1629 0.0915 0.0794 0.0738 0.0701 0.0661 0.0656 0.0651 0.0638 0.0622 0.0984  
26305 15 1.1154 1.3334 0.1960 0.3463 439587187.3096 1502944.0326 1724839368.7724 641798.5725 3089203183.4751 22759420281.3789 16117878497.9312 6082822935.5122 1788559255.4650 148314395.4894 28786571.1217 27373417.2991 27415118.3061 27474727.9144 1316.7934 0.1066 0.0013 0.0010 0.0137 0.1596 1.2340 2.5290 2.5643 2.5359 2.4940 0.1497 0.0038 0.0342 0.0808 0.1147 0.1548 0.1707 0.1721 0.1731 0.1761 0.1804 1.6453 0.2876 0.2006 0.1551 0.1346 0.1319 0.1233 0.1142 0.1138 0.1136 0.1133 0.1948  
26305 29 0.8300 0.8931 0.0217 0.0697 30941649.9138 954193.1906 165295669.9922 137722.0803 227493.5902 21747799.6056 296448663.5701 594932148.2378 543143074.1778 364838194.2876 221122923.4997 137771369.9586 97942729.2809 82491401.6247 81.1162 5.0824 1.1526 0.2188 0.0316 0.0091 0.0154 0.0454 0.1120 0.2066 0.2757 0.1701 0.0008 0.0082 0.0282 0.0621 0.1093 0.1664 0.2317 0.3016 0.3756 0.4292 2.5550 0.3248 0.1100 0.0863 0.0782 0.0687 0.0606 0.0543 0.0491 0.0449 0.0426 0.0705  
26305 30 1.2789 1.0873 0.0041 0.0239 36671971.0686 3299598.2590 226037766.0985 55525.6120 2830793.0849 52163397.5381 107148842.5762 69097603.4832 36011384.9652 25446984.3282 24369292.0391 24320731.3500 24319722.2678 24319722.2678 13.1950 0.0143 0.1244 0.3456 0.3079 0.0590 0.0090 0.0070 0.0069 0.0069 0.0069 0.3791 0.0092 0.1152 0.3963 0.8329 1.2515 1.4225 1.4449 1.4461 1.4461 1.4461 1.4461 0.1906 0.1261 0.0946 0.0749 0.0619 0.0568 0.0563 0.0563 0.0563 0.0563 0.0886  
26305 35 0.8342 0.9099 0.2424 0.2904 9801622.2876 5048.1836 77474762.3522 9898.9138 1072056.9108 14707584.3027 29829999.8827 46887133.9126 35981531.7000 19137824.8840 12448162.3573 11253349.2078 11002829.2473 10795164.5083 0.0359 0.0353 1.0122 0.6531 0.1975 0.1891 0.1211 0.0375 0.0128 0.0103 0.0101 0.0113 0.0143 0.1168 0.2527 0.3549 0.4242 0.4826 0.5057 0.5111 0.5149 0.5194 1.4702 0.1340 0.1113 0.0810 0.0745 0.0725 0.0699 0.0669 0.0660 0.0658 0.0658 0.0598  
26305 36 0.8858 0.8711 0.0600 0.1037 134907832.5884 1112480.4588 195435748.1157 245544.0761 18046190039.9623 30649886075.8643 18703974084.9482 6811753332.4219 639540870.6125 164000456.9041 151079412.9870 151079412.9870 151060524.7294 151041636.4718 3846.1836 0.1021 0.1029 0.1362 0.1371 0.1378 0.1398 0.1400 0.1400 0.1400 0.1400 0.1371 0.0007 0.0052 0.0090 0.0171 0.0213 0.0216 0.0216 0.0216 0.0216 0.0216 1.4359 0.1945 0.1720 0.1341 0.1333 0.1257 0.1024 0.0999 0.0999 0.0999 0.0999 0.1338  
35065 4 1.3326 1.2174 0.0295 0.0301 31989804.3905 12323748.9414 1271302072.7142 180164.0711 2021028.5091 78494339.8673 132083449.6359 99734374.9185 96726812.0514 96674918.1716 96674918.1716 96674918.1716 96674918.1716 96674918.1716 77.4102 0.1754 0.0408 0.0318 0.0274 0.0268 0.0268 0.0268 0.0268 0.0268 0.0268 0.0275 0.0416 0.5143 1.3000 1.5275 1.5374 1.5376 1.5376 1.5376 1.5376 1.5376 1.5376 0.1132 0.0789 0.0627 0.0567 0.0563 0.0563 0.0563 0.0563 0.0563 0.0563 0.0585  
35065 12 0.9581 0.9531 0.0032 0.0033 11353875.9788 88385.3270 3650271858.3988 978694.2802 20248182.9215 1072398120.5454 5332874818.7977 3681372689.4979 899610896.6791 432032405.7388 244822898.1233 104136075.7176 37513521.9389 17096376.6650 19.3017 0.1373 0.0028 0.0027 0.0032 0.0034 0.0037 0.0037 0.0038 0.0041 0.0046 0.0077 0.0186 0.1372 0.2786 0.3810 0.4352 0.4703 0.5138 0.5480 0.5643 0.5693 1.1640 0.1722 0.0852 0.0761 0.0731 0.0695 0.0661 0.0658 0.0655 0.0648 0.0636 0.0957  
35065 15 1.5362 1.0853 0.0132 0.0616 86438305.6481 2124131.0150 2200377433.3872 715883.1516 1310170058.7843 21680061928.1714 22637462441.2076 8157022440.3022 2362678549.3459 162377727.8706 2056947.3621 271121.7541 647639.2021 1185736.8714 801.3342 0.0836 0.0013 0.0012 0.0024 0.0121 0.1834 2.9915 5.1902 4.1547 3.4226 0.0064 0.0038 0.0342 0.0808 0.1147 0.1548 0.1707 0.1721 0.1731 0.1761 0.1804 1.6453 0.2764 0.1886 0.1550 0.1347 0.1333 0.1328 0.1237 0.1110 0.1083 0.1065 0.2026  
35065 29 0.9454 0.9269 0.0115 0.0234 23531678.3667 1192311.4790 141878561.2337 114311.4280 181859.8483 11938687.2375 235790789.0921 520807787.7094 517273479.8290 359706690.7172 212761183.0672 121560879.5706 77398124.3647 60605716.8388 77.1831 5.2957 1.1122 0.0503 0.0130 0.0083 0.0145 0.0428 0.1077 0.2008 0.2702 0.0273 0.0008 0.0082 0.0282 0.0621 0.1093 0.1664 0.2317 0.3016 0.3756 0.4292 2.5550 0.3397 0.1136 0.0836 0.0770 0.0680 0.0606 0.0547 0.0496 0.0454 0.0430 0.0674  
35065 30 0.9945 1.0737 0.0031 0.0281 55500088.9649 1324804.1793 285448566.5565 71009.3516 3022461.4036 60057834.6819 100198850.2768 62053941.7761 42057244.8669 33685775.1061 32693645.7948 32646012.4381 32645045.7498 32645045.7498 13.4577 0.0195 0.2413 0.6259 0.3324 0.0605 0.0141 0.0106 0.0105 0.0105 0.0105 0.5574 0.0092 0.1152 0.3963 0.8329 1.2515 1.4225 1.4449 1.4461 1.4461 1.4461 1.4461 0.1891 0.1280 0.0960 0.0722 0.0616 0.0570 0.0563 0.0563 0.0563 0.0563 0.0856  
35065 35 0.9130 0.8698 0.2580 0.3102 8754122.0385 4886.8519 66188445.5993 8257.5609 624380.8407 9469274.8304 22633052.9502 37333130.2293 29429102.2974 16532800.3698 11401151.2384 10474463.5998 10257236.9093 10065211.8307 0.0334 0.0424 1.1415 0.6977 0.2162 0.2045 0.1258 0.0381 0.0137 0.0113 0.0110 0.0123 0.0143 0.1168 0.2527 0.3549 0.4242 0.4826 0.5057 0.5111 0.5149 0.5194 1.4702 0.1327 0.1108 0.0806 0.0743 0.0724 0.0697 0.0668 0.0660 0.0658 0.0658 0.0598  
35065 36 0.8405 0.8773 0.0599 0.1033 120877452.4334 1104054.8303 172785339.7731 217508.6700 13571115784.6530 24950851398.6023 16890735466.5786 6143813230.6518 560681492.4398 130527022.3894 118839169.8451 118839169.8451 118824312.3287 118809454.8124 3475.8097 0.1023 0.1032 0.1363 0.1372 0.1378 0.1399 0.1402 0.1402 0.1402 0.1402 0.1372 0.0007 0.0052 0.0090 0.0171 0.0213 0.0216 0.0216 0.0216 0.0216 0.0216 1.4359 0.1945 0.1694 0.1340 0.1334 0.1265 0.1028 0.0999 0.0999 0.0999 0.0999 0.1338  
43825 4 1.1571 1.1148 0.0227 0.0222 24977010.2140 21335414.3264 1455498601.8426 240081.2044 1601125.4396 66667295.1028 135002836.3505 121449301.3356 119633276.6304 119600975.0464 119600975.0464 119600975.0464 119600975.0464 119600975.0464 94.2572 0.1455 0.0301 0.0225 0.0200 0.0198 0.0198 0.0198 0.0198 0.0198 0.0198 0.0201 0.0416 0.5143 1.3000 1.5275 1.5374 1.5376 1.5376 1.5376 1.5376 1.5376 1.5376 0.1119 0.0782 0.0616 0.0566 0.0563 0.0563 0.0563 0.0563 0.0563 0.0563 0.0578  
43825 12 0.9625 0.9554 0.0028 0.0028 11031035.6833 85171.5663 3630369250.0996 937666.2781 18702569.2352 540627249.8161 4465836941.2066 3665815874.4002 1151358141.9142 649785652.5027 369950509.1782 155502694.3910 53950753.6598 22829324.5282 9.6569 0.1521 0.0042 0.0026 0.0028 0.0031 0.0032 0.0032 0.0033 0.0035 0.0038 0.0185 0.0186 0.1372 0.2786 0.3810 0.4352 0.4703 0.5138 0.5480 0.5643 0.5693 1.1640 0.1855 0.0833 0.0744 0.0726 0.0685 0.0660 0.0658 0.0657 0.0653 0.0644 0.0975  
43825 15 1.2464 1.1194 0.0028 0.0068 26539066.2496 2072278.4842 2646011884.7948 1099767.2198 1185580842.2593 23329385044.4381 28655098593.3728 9927825876.4539 2865739231.0024 196896507.2990 2418097.6437 148975.8851 305048.4387 528098.6167 542.8867 0.3239 0.0029 0.0008 0.0011 0.0018 0.0143 0.9697 6.3687 4.0558 2.8374 0.0021 0.0038 0.0342 0.0808 0.1147 0.1548 0.1707 0.1721 0.1731 0.1761 0.1804 1.6453 0.2813 0.1837 0.1550 0.1349 0.1333 0.1333 0.1325 0.1057 0.1020 0.1008 0.2028  
43825 29 0.9368 0.9256 0.0122 0.0185 26128713.4633 1188800.2239 117596786.7712 108070.7311 186379.5185 9263037.4781 189320178.2011 454183123.0121 492784528.1314 352050622.0684 200863895.6725 102707282.5618 55927969.7001 39140988.8505 75.4733 5.3752 1.3465 0.0332 0.0113 0.0096 0.0192 0.0589 0.1529 0.2935 0.4017 0.0118 0.0008 0.0082 0.0282 0.0621 0.1093 0.1664 0.2317 0.3016 0.3756 0.4292 2.5550 0.3393 0.1211 0.0831 0.0761 0.0674 0.0606 0.0550 0.0503 0.0460 0.0435 0.0671  
43825 30 1.1350 1.0568 0.0074 0.0340 70977685.3423 476826.6283 325484082.8973 70619.8150 3329119.7420 68374183.1486 100203199.2935 54882045.6083 41309657.7573 39706115.4424 39832238.3815 39848492.3317 39849568.9482 39849568.9482 12.4215 0.0281 0.3305 0.7956 0.4751 0.0706 0.0178 0.0147 0.0146 0.0146 0.0146 0.7666 0.0092 0.1152 0.3963 0.8329 1.2515 1.4225 1.4449 1.4461 1.4461 1.4461 1.4461 0.1863 0.1280 0.0975 0.0735 0.0606 0.0567 0.0563 0.0563 0.0563 0.0563 0.0885  
43825 35 1.1265 0.8660 0.1675 0.3591 8256494.9676 23816.6230 56421751.5236 7539.2389 430255.0368 6766164.7507 18436593.7652 28019835.6747 22400158.6705 13786778.7663 10359356.5451 9725455.3884 9543276.9598 9366564.6008 0.0310 0.0539 1.3250 0.8072 0.2579 0.2411 0.1385 0.0405 0.0157 0.0133 0.0131 0.0144 0.0143 0.1168 0.2527 0.3549 0.4242 0.4826 0.5057 0.5111 0.5149 0.5194 1.4702 0.1334 0.1106 0.0809 0.0744 0.0722 0.0693 0.0666 0.0659 0.0658 0.0658 0.0598  
43825 36 0.8351 0.8688 0.0604 0.1034 99466234.1132 909651.7685 152067247.3790 182826.5598 9702387247.6226 19930636419.1501 15184755901.6686 5518084192.7981 491261388.1968 103967947.2265 93444681.9062 93444681.9062 93432999.2608 93421316.6153 3126.9736 0.1023 0.1034 0.1370 0.1377 0.1382 0.1403 0.1405 0.1405 0.1405 0.1405 0.1376 0.0007 0.0052 0.0090 0.0171 0.0213 0.0216 0.0216 0.0216 0.0216 0.0216 1.4359 0.1944 0.1659 0.1340 0.1334 0.1273 0.1032 0.0999 0.0999 0.0999 0.0999 0.1338  
52609 4 0.9859 0.9854 0.0198 0.0184 22974051.0874 16611839.5982 1469995503.1602 277795.5714 432381.4900 23212918.9386 98746066.9444 127159511.6377 128505425.2840 128526495.8933 128526495.8933 128526495.8933 128526495.8933 128526495.8933 98.7728 0.1471 0.0245 0.0184 0.0174 0.0174 0.0174 0.0174 0.0174 0.0174 0.0174 0.0174 0.0416 0.5143 1.3000 1.5275 1.5374 1.5376 1.5376 1.5376 1.5376 1.5376 1.5376 0.1109 0.0736 0.0589 0.0564 0.0563 0.0563 0.0563 0.0563 0.0563 0.0563 0.0567  
52609 12 0.9521 0.9543 0.0029 0.0028 11076523.2567 75612.5045 3519136392.7529 902539.0908 12560967.4038 344953046.8859 3792539282.8287 3410177738.1462 1288750817.7364 793969741.3489 453206501.3675 189624685.6158 64805434.5597 26553627.9033 7.6493 0.1468 0.0055 0.0027 0.0029 0.0031 0.0032 0.0032 0.0033 0.0034 0.0037 0.0221 0.0186 0.1372 0.2786 0.3810 0.4352 0.4703 0.5138 0.5480 0.5643 0.5693 1.1640 0.1840 0.0824 0.0737 0.0722 0.0679 0.0660 0.0659 0.0658 0.0654 0.0647 0.0961  
52609 15 1.1601 0.9992 0.0019 0.0043 12483470.5523 1948025.5972 3036067509.0137 1370705.9296 699032104.3512 19401500536.8148 29190473881.5590 12783695982.3098 3750934741.0561 257690419.7997 3129359.3035 110895.2901 173894.5036 263929.4853 246.2297 0.0946 0.0009 0.0007 0.0010 0.0016 0.0136 0.9385 7.8190 6.0079 4.6179 0.0040 0.0038 0.0342 0.0808 0.1147 0.1548 0.1707 0.1721 0.1731 0.1761 0.1804 1.6453 0.2806 0.1744 0.1541 0.1347 0.1333 0.1333 0.1326 0.1094 0.1050 0.1027 0.2028  
52609 29 0.9185 0.9193 0.0170 0.0250 25596218.7472 1098668.3675 94741065.9223 101242.0441 145103.7481 7103177.8663 149052467.7468 393371698.2019 465833828.2902 340518245.7032 185729931.0629 82279104.3249 36120534.4639 21551766.2064 73.0005 5.4953 1.4362 0.0448 0.0185 0.0129 0.0248 0.0776 0.2095 0.4100 0.5642 0.0116 0.0008 0.0082 0.0282 0.0621 0.1093 0.1664 0.2317 0.3016 0.3756 0.4292 2.5550 0.3393 0.1225 0.0828 0.0750 0.0669 0.0606 0.0555 0.0511 0.0469 0.0442 0.0671  
52609 30 1.0846 0.9460 0.0057 0.0333 70593697.0921 463122.3251 347183129.0026 80153.2618 2750309.2459 49559789.3688 73969745.2849 44542760.9896 40295471.1661 43354028.2136 44234845.9176 44295284.3873 44297950.0369 44297950.0369 9.6262 0.0322 0.4139 0.9561 0.5436 0.0683 0.0169 0.0146 0.0145 0.0145 0.0145 0.9100 0.0092 0.1152 0.3963 0.8329 1.2515 1.4225 1.4449 1.4461 1.4461 1.4461 1.4461 0.1882 0.1274 0.0971 0.0728 0.0599 0.0566 0.0563 0.0563 0.0563 0.0563 0.0881  
52609 35 0.9350 0.8725 0.1204 0.4257 7538340.7480 88187.0882 48977299.0318 8492.7434 436615.1229 6303924.5047 14527181.2954 20484674.2248 16828766.5136 11519247.2285 9403861.1792 8996241.2909 8843233.3256 8681169.0251 0.0288 0.0522 1.3815 0.9788 0.3056 0.2822 0.1473 0.0413 0.0173 0.0151 0.0149 0.0160 0.0143 0.1168 0.2527 0.3549 0.4242 0.4826 0.5057 0.5111 0.5149 0.5194 1.4702 0.1344 0.1114 0.0817 0.0746 0.0719 0.0687 0.0664 0.0659 0.0658 0.0658 0.0598  
52609 36 0.8816 0.9232 0.0611 0.1034 88791389.3388 898747.7073 137586549.0050 152674.2890 8410904843.9756 17716717251.6198 13814873175.5329 5013451540.6900 435753490.1911 83063033.2715 73479973.9590 73479973.9590 73470787.3422 73461600.7253 2845.4469 0.1024 0.1034 0.1357 0.1369 0.1375 0.1401 0.1405 0.1405 0.1405 0.1405 0.1369 0.0007 0.0052 0.0090 0.0171 0.0213 0.0216 0.0216 0.0216 0.0216 0.0216 1.4359 0.1944 0.1655 0.1340 0.1335 0.1280 0.1036 0.0999 0.0999 0.0999 0.0999 0.1338  
61369 4 0.9986 0.9932 0.0172 0.0160 20129811.8882 14798094.4417 1451289624.7543 273888.4397 539167.9176 22535518.8664 94533992.9913 126149312.9175 127817696.5768 127844335.1627 127844335.1627 127844335.1627 127844335.1627 127844335.1627 98.3627 0.1302 0.0233 0.0161 0.0153 0.0152 0.0152 0.0152 0.0152 0.0152 0.0152 0.0153 0.0416 0.5143 1.3000 1.5275 1.5374 1.5376 1.5376 1.5376 1.5376 1.5376 1.5376 0.1111 0.0765 0.0584 0.0564 0.0563 0.0563 0.0563 0.0563 0.0563 0.0563 0.0567  
61369 12 0.9553 0.9584 0.0029 0.0028 10943473.0404 84261.2074 3399835456.6315 859295.8397 19296664.8631 304044683.0460 3197568693.4999 3075374005.2440 1396801855.7775 921373702.9125 526968154.9090 219845578.9013 74407687.2697 29837201.3934 8.9328 0.1366 0.0071 0.0027 0.0029 0.0032 0.0032 0.0033 0.0033 0.0034 0.0036 0.0220 0.0186 0.1372 0.2786 0.3810 0.4352 0.4703 0.5138 0.5480 0.5643 0.5693 1.1640 0.1882 0.0849 0.0734 0.0718 0.0675 0.0660 0.0659 0.0658 0.0655 0.0649 0.1008  
61369 15 1.1969 1.0831 0.0015 0.0029 11252511.4596 1949364.4230 3514474525.5892 1590103.5977 1530981694.9793 20267876177.4119 30700037691.7136 16371574115.3275 4857423828.2529 333686088.9381 4027037.1109 98481.6808 122703.2762 157319.4632 376.1927 0.1326 0.0010 0.0005 0.0008 0.0012 0.0089 0.6341 8.4205 7.1798 5.9941 0.0025 0.0038 0.0342 0.0808 0.1147 0.1548 0.1707 0.1721 0.1731 0.1761 0.1804 1.6453 0.2887 0.1823 0.1517 0.1342 0.1333 0.1333 0.1329 0.1112 0.1076 0.1050 0.2028  
61369 29 0.8848 0.9163 0.0215 0.0286 23528498.1883 838408.7217 75249783.5526 92988.1428 161473.4742 5452626.3670 117475784.0517 342640950.9257 437480840.8588 323610612.4778 166791784.3664 61496672.0571 19766890.6500 9383033.7410 69.9469 5.4356 1.4979 0.0484 0.0189 0.0156 0.0321 0.0985 0.2808 0.5851 0.8074 0.0137 0.0008 0.0082 0.0282 0.0621 0.1093 0.1664 0.2317 0.3016 0.3756 0.4292 2.5550 0.3444 0.1256 0.0824 0.0740 0.0665 0.0606 0.0561 0.0524 0.0482 0.0454 0.0671  
61369 30 1.0784 1.2354 0.0087 0.0323 80117465.7023 456066.7862 366883739.4627 86933.4292 7449156.2758 107784421.9966 136986659.8112 57455008.0081 41724100.8132 45511716.7017 46651876.0397 46728383.0053 46731572.4184 46731572.4184 16.1050 0.0264 0.2892 0.7802 0.5626 0.0648 0.0169 0.0149 0.0148 0.0148 0.0148 0.8396 0.0092 0.1152 0.3963 0.8329 1.2515 1.4225 1.4449 1.4461 1.4461 1.4461 1.4461 0.1913 0.1313 0.1004 0.0755 0.0598 0.0565 0.0563 0.0563 0.0563 0.0563 0.0909  
61369 35 0.6039 0.8412 0.3190 0.6211 8491504.3407 25356.8810 43777967.6487 7940.3366 504189.4056 5578458.7932 9601052.5766 13210199.8314 11711011.7802 9391275.1725 8457901.1771 8254601.7238 8129071.2604 7981770.4211 0.0265 0.0528 1.5531 1.4018 0.4981 0.4207 0.1962 0.0537 0.0246 0.0220 0.0217 0.0229 0.0143 0.1168 0.2527 0.3549 0.4242 0.4826 0.5057 0.5111 0.5149 0.5194 1.4702 0.1359 0.1127 0.0826 0.0747 0.0715 0.0683 0.0663 0.0659 0.0658 0.0658 0.0598  
61369 36 0.8936 0.9275 0.0618 0.1038 81349997.6539 900889.0869 124105034.0803 134600.3354 7164193750.5542 15794045374.5241 12811457417.1269 4643520091.7460 394055686.7228 66654113.2977 57758184.1334 57758184.1334 57750963.0869 57743742.0405 2639.4901 0.1029 0.1040 0.1361 0.1374 0.1379 0.1404 0.1409 0.1409 0.1409 0.1409 0.1374 0.0007 0.0052 0.0090 0.0171 0.0213 0.0216 0.0216 0.0216 0.0216 0.0216 1.4359 0.1944 0.1647 0.1340 0.1335 0.1287 0.1042 0.0999 0.0999 0.0999 0.0999 0.1338  
70129 4 0.9713 0.9811 0.0170 0.0160 20119697.0307 15150604.6760 1423520899.5848 273513.5662 287111.6479 17135201.3503 89048937.2489 123659402.5032 125550194.8027 125580552.8326 125580552.8326 125580552.8326 125580552.8326 125580552.8326 96.4153 0.1503 0.0232 0.0163 0.0157 0.0157 0.0157 0.0157 0.0157 0.0157 0.0157 0.0157 0.0416 0.5143 1.3000 1.5275 1.5374 1.5376 1.5376 1.5376 1.5376 1.5376 1.5376 0.1108 0.0748 0.0580 0.0563 0.0563 0.0563 0.0563 0.0563 0.0563 0.0563 0.0566  
70129 12 0.9534 0.9584 0.0030 0.0029 11004717.7180 83211.9853 3273816665.4153 820863.9063 18129055.2244 266855520.4256 2684329194.6147 2761114785.4566 1482952995.1306 1027814787.9952 588642284.6705 245095660.3748 82409235.8225 32552857.7302 9.0332 0.1435 0.0074 0.0028 0.0030 0.0033 0.0034 0.0034 0.0034 0.0035 0.0037 0.0199 0.0186 0.1372 0.2786 0.3810 0.4352 0.4703 0.5138 0.5480 0.5643 0.5693 1.1640 0.1879 0.0862 0.0734 0.0713 0.0671 0.0659 0.0659 0.0658 0.0656 0.0651 0.1001  
70129 15 1.0953 0.9584 0.0023 0.0036 13854829.0829 2118708.5069 3718160165.5813 1903135.7889 491571278.9085 14405210383.8938 29032629449.5729 19517239376.8492 5850760979.8425 401987637.2027 4916900.7849 176982.6079 182715.1369 190907.8279 115.7841 0.0928 0.0005 0.0004 0.0006 0.0012 0.0125 0.8932 8.9293 8.5152 7.9787 0.0121 0.0038 0.0342 0.0808 0.1147 0.1548 0.1707 0.1721 0.1731 0.1761 0.1804 1.6453 0.2816 0.1717 0.1498 0.1340 0.1333 0.1333 0.1326 0.1132 0.1118 0.1102 0.2027  
70129 29 0.7688 0.9168 0.0276 0.0336 18736175.5310 627267.0716 61316336.0753 82275.5127 145383.7428 4248914.6295 94685626.9756 299751452.7475 403936716.9030 301694252.9595 148597633.8074 45630278.7939 9423539.0796 2973662.7023 65.2922 5.4549 1.5156 0.0508 0.0232 0.0214 0.0397 0.1020 0.2957 0.7478 1.1548 0.0159 0.0008 0.0082 0.0282 0.0621 0.1093 0.1664 0.2317 0.3016 0.3756 0.4292 2.5550 0.3462 0.1267 0.0819 0.0732 0.0662 0.0606 0.0567 0.0540 0.0505 0.0473 0.0671  
70129 30 1.0914 0.9231 0.0151 0.0398 86895486.3550 245347.1512 398097025.7362 93751.3991 3405641.1611 58822004.1862 97382418.2774 66038529.3766 48600133.1849 48683826.1885 49388654.7989 49444597.7784 49447261.3879 49447261.3879 11.3369 0.0350 0.3412 0.8293 0.5642 0.0841 0.0195 0.0171 0.0170 0.0170 0.0170 0.7788 0.0092 0.1152 0.3963 0.8329 1.2515 1.4225 1.4449 1.4461 1.4461 1.4461 1.4461 0.1898 0.1266 0.0948 0.0745 0.0603 0.0566 0.0563 0.0563 0.0563 0.0563 0.0885  
70129 35 0.5236 0.8969 0.5972 0.7318 6359345.7125 2994.3070 35277298.0483 4795.4150 649610.2682 6280811.5622 8308581.6815 9242308.9619 8498509.2779 7898750.8929 7652807.8313 7569771.1601 7463708.4778 7329546.8638 0.0244 0.0494 1.7241 1.8429 0.5386 0.3984 0.1657 0.0464 0.0243 0.0223 0.0221 0.0235 0.0143 0.1168 0.2527 0.3549 0.4242 0.4826 0.5057 0.5111 0.5149 0.5194 1.4702 0.1385 0.1135 0.0842 0.0751 0.0710 0.0678 0.0662 0.0659 0.0658 0.0658 0.0598  
70129 36 0.8624 0.8858 0.0579 0.0995 74256496.4798 809662.7093 108592024.5779 120281.6082 5257023588.9687 13020746420.8361 11527159828.3275 4175643942.4624 348605830.2677 53750248.2390 45738635.1848 45738635.1848 45732916.8470 45727198.5092 2375.9470 0.0967 0.0980 0.1299 0.1306 0.1309 0.1331 0.1335 0.1335 0.1335 0.1335 0.1306 0.0007 0.0052 0.0090 0.0171 0.0213 0.0216 0.0216 0.0216 0.0216 0.0216 1.4359 0.1943 0.1612 0.1339 0.1335 0.1293 0.1048 0.0998 0.0998 0.0998 0.0998 0.1338  
78889 4 0.9980 0.9972 0.0178 0.0163 20381983.1945 14633603.7974 1413111214.5773 265658.3631 455632.7963 21057486.3915 91736740.6543 122394372.8386 123978604.3640 124003717.5226 124003717.5226 124003717.5226 124003717.5226 124003717.5226 95.4951 0.1324 0.0238 0.0167 0.0160 0.0159 0.0159 0.0159 0.0159 0.0159 0.0159 0.0160 0.0416 0.5143 1.3000 1.5275 1.5374 1.5376 1.5376 1.5376 1.5376 1.5376 1.5376 0.1119 0.0766 0.0584 0.0564 0.0563 0.0563 0.0563 0.0563 0.0563 0.0563 0.0567  
78889 12 0.9568 0.9578 0.0031 0.0030 10957698.3873 75219.3079 3152205353.5673 782618.1263 15952941.2886 229811642.9555 2250412163.9287 2481909448.8085 1539136328.8437 1104592009.3737 633192327.5324 263298330.3827 88135167.3951 34455238.7988 7.6706 0.1596 0.0080 0.0028 0.0032 0.0034 0.0035 0.0035 0.0035 0.0036 0.0038 0.0219 0.0186 0.1372 0.2786 0.3810 0.4352 0.4703 0.5138 0.5480 0.5643 0.5693 1.1640 0.1887 0.0865 0.0734 0.0709 0.0669 0.0659 0.0659 0.0658 0.0656 0.0652 0.0989  
78889 15 1.0477 0.9749 0.0033 0.0051 20459724.7754 1893060.0303 3825216704.7658 2084492.9830 676654291.9648 11955733674.2999 26624086327.7224 21140287060.4189 6376093936.5855 438122465.4702 5401651.4245 233132.6249 230495.3098 226726.3172 149.2019 0.0975 0.0006 0.0004 0.0006 0.0014 0.0182 1.2472 9.0007 8.8912 8.7297 0.0174 0.0038 0.0342 0.0808 0.1147 0.1548 0.1707 0.1721 0.1731 0.1761 0.1804 1.6453 0.2841 0.1750 0.1472 0.1338 0.1333 0.1333 0.1319 0.1138 0.1134 0.1130 0.2027  
78889 29 0.7054 0.9229 0.0272 0.0389 12133730.9274 398119.4695 53671709.0261 63250.3907 94578.7161 3225995.2135 74830529.9803 260097862.2072 370228008.7029 280659636.7283 135841474.8845 37747833.9989 5384953.1423 938480.3137 60.3754 5.5797 1.4822 0.0598 0.0305 0.0258 0.0405 0.0786 0.1998 0.6206 1.2760 0.0189 0.0008 0.0082 0.0282 0.0621 0.1093 0.1664 0.2317 0.3016 0.3756 0.4292 2.5550 0.3468 0.1255 0.0814 0.0724 0.0659 0.0606 0.0571 0.0554 0.0538 0.0516 0.0671  
78889 30 1.0864 1.1724 0.0174 0.0370 93714921.3241 185182.7799 435501575.8887 102324.2510 8272084.8335 111783679.5186 140049092.7318 69317754.1401 51609251.6680 53777627.1269 54631046.5829 54690004.8027 54692529.7523 54692529.7523 15.3254 0.0296 0.2826 0.7779 0.5404 0.0742 0.0195 0.0169 0.0167 0.0167 0.0167 0.7965 0.0092 0.1152 0.3963 0.8329 1.2515 1.4225 1.4449 1.4461 1.4461 1.4461 1.4461 0.1931 0.1314 0.0988 0.0745 0.0602 0.0566 0.0563 0.0563 0.0563 0.0563 0.0895  
78889 35 1.0903 0.8816 0.3549 0.7077 4794400.8824 30062.8977 33284907.9135 2510.7805 543125.5853 5627580.6817 6114071.7173 6335768.6102 6380967.6620 6789270.0644 6941683.4044 6929659.4088 6838195.6389 6715984.0292 0.0224 0.0435 1.4837 1.7464 0.5558 0.3820 0.1424 0.0430 0.0259 0.0244 0.0243 0.0256 0.0143 0.1168 0.2527 0.3549 0.4242 0.4826 0.5057 0.5111 0.5149 0.5194 1.4702 0.1380 0.1133 0.0846 0.0752 0.0704 0.0673 0.0661 0.0659 0.0658 0.0658 0.0598  
78889 36 0.8420 0.8920 0.0576 0.0984 64255851.1153 716819.6387 91448138.2580 103735.7641 4458064147.9957 11063030898.1991 9806449415.9079 3550639048.6996 293973101.6407 43062056.2023 36244473.4149 36244473.4149 36239942.0567 36235410.6984 2021.3474 0.0967 0.0980 0.1293 0.1300 0.1304 0.1324 0.1328 0.1328 0.1328 0.1328 0.1300 0.0007 0.0052 0.0090 0.0171 0.0213 0.0216 0.0216 0.0216 0.0216 0.0216 1.4359 0.1943 0.1604 0.1339 0.1336 0.1296 0.1051 0.0998 0.0998 0.0998 0.0998 0.1338  
87673 4 0.9948 0.9936 0.0177 0.0165 18007108.7672 20193720.8747 1404638665.2596 265137.7405 397825.2859 19984674.9665 89665941.4570 121470346.7720 123177719.0701 123205022.7565 123205022.7565 123205022.7565 123205022.7565 123205022.7565 94.7882 0.1439 0.0232 0.0168 0.0164 0.0163 0.0163 0.0163 0.0163 0.0163 0.0163 0.0164 0.0416 0.5143 1.3000 1.5275 1.5374 1.5376 1.5376 1.5376 1.5376 1.5376 1.5376 0.1112 0.0762 0.0584 0.0564 0.0563 0.0563 0.0563 0.0563 0.0563 0.0563 0.0567  
87673 12 0.9556 0.9746 0.0032 0.0031 11047870.0223 119200.8558 3063286169.3521 748817.8742 48057049.1963 329056283.4984 1844488666.0020 2211662876.7736 1606867921.6060 1190696928.9249 683104130.4160 283720524.1305 94592619.4587 36633132.6909 15.1222 0.1453 0.0095 0.0028 0.0033 0.0035 0.0036 0.0036 0.0036 0.0037 0.0038 0.0153 0.0186 0.1372 0.2786 0.3810 0.4352 0.4703 0.5138 0.5480 0.5643 0.5693 1.1640 0.1904 0.0965 0.0734 0.0704 0.0667 0.0659 0.0659 0.0658 0.0657 0.0653 0.1093  
87673 15 1.0247 0.9639 0.0033 0.0051 21471047.5637 1577424.8369 3791795838.9760 2183999.0596 396993279.6916 9480240242.1394 24717159868.5330 22042670859.4063 6672598216.1231 458500537.3286 5657251.2204 247331.5607 241491.1925 233144.5833 116.1969 0.0749 0.0005 0.0004 0.0006 0.0014 0.0178 1.2251 9.0453 9.0012 8.9342 0.0214 0.0038 0.0342 0.0808 0.1147 0.1548 0.1707 0.1721 0.1731 0.1761 0.1804 1.6453 0.2820 0.1751 0.1450 0.1337 0.1333 0.1333 0.1319 0.1138 0.1137 0.1135 0.2027  
87673 29 0.4675 0.9269 0.0322 0.0477 7539693.3378 334372.0050 49469669.4654 44616.9984 67923.9123 2368399.7314 57850430.7882 224370849.4008 337426146.0106 260133663.5093 126407534.8100 34833020.3735 4748705.4614 743294.0615 55.4815 5.5542 1.5618 0.0843 0.0395 0.0288 0.0397 0.0569 0.0928 0.2313 0.5424 0.0194 0.0008 0.0082 0.0282 0.0621 0.1093 0.1664 0.2317 0.3016 0.3756 0.4292 2.5550 0.3445 0.1257 0.0807 0.0716 0.0656 0.0606 0.0572 0.0558 0.0555 0.0550 0.0671  
87673 30 1.0627 0.9445 0.0289 0.0415 102284061.0101 66853.7795 470894140.1286 111167.9122 4530685.9970 72231863.1580 104423953.0896 71328383.2288 57058459.5254 57903622.6541 58667202.1676 58725242.7219 58727899.6423 58727899.6423 11.9003 0.0331 0.3715 0.8881 0.5815 0.0858 0.0211 0.0184 0.0183 0.0183 0.0183 0.8376 0.0092 0.1152 0.3963 0.8329 1.2515 1.4225 1.4449 1.4461 1.4461 1.4461 1.4461 0.1884 0.1279 0.0957 0.0741 0.0602 0.0566 0.0563 0.0563 0.0563 0.0563 0.0887  
87673 35 1.2399 0.9900 0.2414 0.6418 2509964.8519 226724.0795 25850411.8432 2737.5457 819346.8859 6655844.6830 6354295.3736 6544858.7737 6315569.7943 6393741.2933 6417286.0032 6386427.3389 6300481.1345 6187781.2199 0.0206 0.0398 1.5718 2.0198 0.2863 0.1809 0.0692 0.0270 0.0201 0.0195 0.0195 0.0205 0.0143 0.1168 0.2527 0.3549 0.4242 0.4826 0.5057 0.5111 0.5149 0.5194 1.4702 0.1412 0.1142 0.0862 0.0756 0.0701 0.0671 0.0661 0.0659 0.0658 0.0658 0.0598  
87673 36 0.8316 0.8745 0.0578 0.0984 54811026.3661 678777.8957 78182849.5008 87347.3498 3405514197.8369 9041518387.7490 8368315156.1329 3029036276.1070 248720646.6037 34510189.3900 28689809.4254 28689809.4254 28686222.5667 28682635.7080 1725.2702 0.0971 0.0985 0.1307 0.1312 0.1315 0.1335 0.1339 0.1339 0.1339 0.1339 0.1312 0.0007 0.0052 0.0090 0.0171 0.0213 0.0216 0.0216 0.0216 0.0216 0.0216 1.4359 0.1943 0.1590 0.1339 0.1336 0.1299 0.1055 0.0998 0.0998 0.0998 0.0998 0.1338  
96433 4 1.0005 1.0038 0.0174 0.0162 15928184.8924 22456463.6273 1412170499.8418 263754.0277 469741.2749 23672232.2816 93234216.9103 121427198.2635 122853598.1895 122876145.1352 122876145.1352 122876145.1352 122876145.1352 122876145.1352 94.7104 0.1385 0.0245 0.0168 0.0156 0.0155 0.0155 0.0155 0.0155 0.0155 0.0155 0.0156 0.0416 0.5143 1.3000 1.5275 1.5374 1.5376 1.5376 1.5376 1.5376 1.5376 1.5376 0.1111 0.0770 0.0587 0.0564 0.0563 0.0563 0.0563 0.0563 0.0563 0.0563 0.0568  
96433 12 0.9688 0.9729 0.0033 0.0031 11039131.4339 115409.2147 2977625864.0902 715559.4228 43502451.1614 346601670.7526 1615759736.1786 2027512277.7366 1623221341.2233 1223443961.1669 702169233.1320 291438656.4465 96937430.7618 37331273.0619 15.9758 0.1353 0.0082 0.0029 0.0034 0.0036 0.0037 0.0037 0.0037 0.0038 0.0039 0.0128 0.0186 0.1372 0.2786 0.3810 0.4352 0.4703 0.5138 0.5480 0.5643 0.5693 1.1640 0.1853 0.0968 0.0737 0.0700 0.0665 0.0659 0.0659 0.0658 0.0657 0.0653 0.1064  
96433 15 0.9981 1.0031 0.0028 0.0049 21138934.7975 1529010.2762 3775175753.3510 2237965.2064 583188097.3161 9784769476.5545 24539296814.1939 22017348725.2901 6666189049.6631 458019890.4444 5608649.2873 203963.1099 198338.9905 190301.4116 155.0395 0.0655 0.0005 0.0004 0.0005 0.0014 0.0175 1.2040 9.0374 9.0189 8.9906 0.0146 0.0038 0.0342 0.0808 0.1147 0.1548 0.1707 0.1721 0.1731 0.1761 0.1804 1.6453 0.2827 0.1814 0.1442 0.1336 0.1333 0.1333 0.1319 0.1139 0.1138 0.1137 0.2027  
96433 29 0.7192 0.9306 0.0355 0.0508 5458587.0519 266300.4731 46389265.8795 20857.2373 84835.1134 1691047.5753 43939735.7418 192738778.4805 306933469.3289 242956645.0128 119745087.7988 33166759.5604 4527527.3519 709809.4667 50.5108 5.5504 1.9188 0.1064 0.0415 0.0245 0.0314 0.0438 0.0685 0.1637 0.3833 0.0152 0.0008 0.0082 0.0282 0.0621 0.1093 0.1664 0.2317 0.3016 0.3756 0.4292 2.5550 0.3475 0.1359 0.0800 0.0708 0.0654 0.0605 0.0571 0.0558 0.0555 0.0552 0.0671  
96433 30 1.0849 0.9219 0.0249 0.0378 90963870.6218 57960.8037 504759067.3981 118136.5401 4246862.3924 50462155.9163 53641597.7274 47265727.9699 56371628.2037 63727789.1353 65078645.9700 65160989.5778 65164034.2810 65164034.2810 6.3533 0.0368 0.5397 1.2450 0.5903 0.0725 0.0214 0.0189 0.0188 0.0188 0.0188 1.1772 0.0092 0.1152 0.3963 0.8329 1.2515 1.4225 1.4449 1.4461 1.4461 1.4461 1.4461 0.1886 0.1308 0.0967 0.0713 0.0596 0.0566 0.0563 0.0563 0.0563 0.0563 0.0871  
96433 35 1.0972 0.8363 0.1599 0.5404 2736948.3834 234117.6713 26552895.4567 3394.3690 214221.5942 1943761.4598 3578844.0839 5048530.6317 5472717.2589 5770021.8702 5873945.6456 5859568.9667 5781961.7383 5678721.4303 0.0190 0.0497 1.6637 1.4603 0.3444 0.2475 0.0924 0.0343 0.0247 0.0238 0.0237 0.0249 0.0143 0.1168 0.2527 0.3549 0.4242 0.4826 0.5057 0.5111 0.5149 0.5194 1.4702 0.1397 0.1127 0.0832 0.0745 0.0700 0.0671 0.0661 0.0659 0.0658 0.0658 0.0598  
96433 36 0.8710 0.9181 0.0569 0.0978 46491697.5095 503670.1869 67486625.3713 72640.4287 3279788076.4212 8100836766.3984 7157419696.7928 2589098673.3905 210960682.1177 27736151.3482 22757699.4722 22757699.4722 22754854.2580 22752009.0438 1475.3776 0.0966 0.0976 0.1280 0.1290 0.1293 0.1313 0.1318 0.1318 0.1318 0.1318 0.1289 0.0007 0.0052 0.0090 0.0171 0.0213 0.0216 0.0216 0.0216 0.0216 0.0216 1.4359 0.1943 0.1606 0.1339 0.1336 0.1301 0.1058 0.0998 0.0998 0.0998 0.0998 0.1338  
