8761 4 0.7974 0.7899 0.1626 0.2072 24166510.5655 22958821.1946 252877121.3565 28149.8579 591657.0268 29833512.5266 34106327.9150 12277583.0900 10659742.0195 10632599.5076 10632599.5076 10632599.5076 10632599.5076 10632599.5076 9.5215 0.5208 0.2727 0.2435 0.2227 0.2152 0.2150 0.2150 0.2150 0.2150 0.2150 0.2254 0.0416 0.5143 1.3000 1.5275 1.5374 1.5376 1.5376 1.5376 1.5376 1.5376 1.5376 0.1116 0.0801 0.0661 0.0578 0.0563 0.0563 0.0563 0.0563 0.0563 0.0563 0.0644  
8761 12 1.5862 0.6931 0.0172 0.0300 16590437.9471 4574051.6811 1279167127.7104 41883.9176 770031759.5587 4030581235.8413 1620163961.5672 357010932.4236 96965820.7706 56748614.4128 35060008.4248 18464104.3495 10604520.4051 8195540.3900 297.0379 0.5657 0.0189 0.0264 0.0411 0.0460 0.0472 0.0481 0.0500 0.0529 0.0548 0.0129 0.0186 0.1372 0.2786 0.3810 0.4352 0.4703 0.5138 0.5480 0.5643 0.5693 1.1640 0.1879 0.1136 0.0851 0.0730 0.0674 0.0657 0.0651 0.0639 0.0620 0.0608 0.1157  
8761 15 0.7737 0.6264 0.1999 0.1802 587258313.7755 2699783.4139 1692406963.1133 464679.7553 1084064497.3932 11934516666.8716 8479015718.0839 3319377006.0655 1585100487.6228 934048916.2225 885174723.3528 876516892.6563 852904040.5396 819158293.8257 1224.6024 1.1247 0.0098 0.0044 0.0395 0.2503 0.4568 0.4795 0.4800 0.4809 0.4823 0.2193 0.0038 0.0342 0.0808 0.1147 0.1548 0.1707 0.1721 0.1731 0.1761 0.1804 1.6453 0.2770 0.2005 0.1547 0.1329 0.1232 0.1148 0.1139 0.1139 0.1138 0.1137 0.1623  
8761 29 0.7020 0.6427 0.0555 0.1163 72344685.4803 205863894.6902 213744969.0001 89844.3522 2310524.9235 311008923.6818 794674320.5672 733166144.5475 515383693.1374 344940035.0428 232955882.5039 169481541.5497 142087318.0779 133044125.2836 149.1872 4.9467 1.3497 0.2768 0.0700 0.0443 0.0934 0.2845 0.5209 0.6523 0.6975 0.1557 0.0008 0.0082 0.0282 0.0621 0.1093 0.1664 0.2317 0.3016 0.3756 0.4292 2.5550 0.1776 0.1186 0.1034 0.0842 0.0694 0.0598 0.0529 0.0479 0.0442 0.0422 0.0965  
8761 30 0.1325 0.8868 0.0182 0.0376 21570822.0383 31353.2208 166983150.6097 4145.3696 12.7424 3518.4471 1140926.6859 10330978.1629 19715291.5831 21331817.4266 21336270.1467 21331398.7613 21331070.3993 21331070.3993 0.6104 1.3876 3.7241 0.8950 0.2118 0.0646 0.0307 0.0251 0.0247 0.0247 0.0247 0.2886 0.0092 0.1152 0.3963 0.8329 1.2515 1.4225 1.4449 1.4461 1.4461 1.4461 1.4461 0.1301 0.0872 0.0687 0.0639 0.0596 0.0568 0.0563 0.0563 0.0563 0.0563 0.0663  
8761 35 1.0544 0.4798 0.2858 0.5725 12224107.5153 2071391.2769 105985979.5363 13238.5612 6586971.6934 58476358.1378 63584172.9308 65259124.3717 44332063.1659 22796996.0890 14347203.7513 12846238.3751 12549228.3755 12312259.9741 0.0414 0.0614 1.5744 1.8115 0.2512 0.1896 0.1332 0.0664 0.0469 0.0451 0.0449 0.0512 0.0143 0.1168 0.2527 0.3549 0.4242 0.4826 0.5057 0.5111 0.5149 0.5194 1.4702 0.1365 0.1141 0.0842 0.0758 0.0726 0.0699 0.0669 0.0660 0.0658 0.0658 0.0598  
8761 36 0.4351 0.5398 0.0469 0.1076 167868011.1738 3060018.2770 262644312.2689 76750.1067 32023384723.6717 47985488138.1152 23676583319.9999 8643575052.5081 859242759.8944 259495973.7875 243200092.0981 243200092.0981 243169686.7246 243139281.3510 4860.4931 1.3418 0.1435 0.1455 0.1457 0.1471 0.1505 0.1508 0.1508 0.1508 0.1508 0.1456 0.0007 0.0052 0.0090 0.0171 0.0213 0.0216 0.0216 0.0216 0.0216 0.0216 1.4359 0.1898 0.1724 0.1293 0.1282 0.1192 0.0979 0.0960 0.0960 0.0960 0.0960 0.1289  
17545 4 6.1371 2.1334 0.0507 0.0578 16597682.5708 5361340.2011 607105319.2505 16360.6939 1739991.0128 80665877.8011 95476628.4214 37616812.0685 33332836.2719 33261015.5834 33261015.5834 33261015.5834 33261015.5834 33261015.5834 29.0887 0.1783 0.0476 0.0407 0.0376 0.0367 0.0367 0.0367 0.0367 0.0367 0.0367 0.0380 0.0416 0.5143 1.3000 1.5275 1.5374 1.5376 1.5376 1.5376 1.5376 1.5376 1.5376 0.1127 0.0800 0.0656 0.0576 0.0563 0.0563 0.0563 0.0563 0.0563 0.0563 0.0632  
17545 12 1.4389 1.5687 0.0085 0.0124 17734088.4231 197452.4603 2916401431.2078 679692.5256 1003500830.0797 5531235887.8816 4220737193.1253 1811366886.7584 397156334.3955 180973567.7885 103942759.6627 46551308.0713 19373091.1874 11043835.8922 373.9141 0.1035 0.0040 0.0077 0.0126 0.0143 0.0152 0.0154 0.0158 0.0167 0.0175 0.0024 0.0186 0.1372 0.2786 0.3810 0.4352 0.4703 0.5138 0.5480 0.5643 0.5693 1.1640 0.1870 0.1065 0.0811 0.0737 0.0694 0.0660 0.0655 0.0647 0.0632 0.0617 0.1107  
17545 15 1.1131 1.1047 0.2232 0.1984 431631569.4316 1019482.7783 1726695899.9710 661969.2236 961662135.8662 12484971070.7117 12488999847.4997 5607506023.9737 1920594469.1619 495416408.5095 390939264.3814 386193462.8159 375963229.6962 361342938.0684 778.7835 0.1841 0.0011 0.0008 0.0176 0.1755 0.6028 0.7068 0.7081 0.7077 0.7071 0.2102 0.0038 0.0342 0.0808 0.1147 0.1548 0.1707 0.1721 0.1731 0.1761 0.1804 1.6453 0.2804 0.1928 0.1542 0.1340 0.1283 0.1167 0.1139 0.1139 0.1138 0.1137 0.1738  
17545 29 1.1106 0.8738 0.0514 0.0890 19793888.7889 972853.6914 195155155.4820 117820.0645 1019206.5266 115496866.6058 459281711.9485 656896983.3557 562159241.9804 372027276.4357 231153095.5704 155574339.3451 122467829.5633 110585161.2349 109.2816 3.9212 0.6272 0.2833 0.0507 0.0080 0.0094 0.0263 0.0626 0.1110 0.1453 0.2416 0.0008 0.0082 0.0282 0.0621 0.1093 0.1664 0.2317 0.3016 0.3756 0.4292 2.5550 0.2778 0.1144 0.0966 0.0807 0.0690 0.0606 0.0540 0.0487 0.0446 0.0423 0.0849  
17545 30 1.2665 1.5757 0.0031 0.0078 4131944.6419 1460586.2968 170495211.7520 37001.7950 1628949.8031 43057094.3285 66804995.9373 23884818.6823 16412540.7065 21531858.7238 22605663.9522 22670849.7554 22673149.7479 22673149.7479 6.9814 0.0100 0.0452 0.1492 0.0885 0.0085 0.0048 0.0040 0.0040 0.0040 0.0040 0.2122 0.0092 0.1152 0.3963 0.8329 1.2515 1.4225 1.4449 1.4461 1.4461 1.4461 1.4461 0.1872 0.1292 0.1031 0.0760 0.0582 0.0564 0.0563 0.0563 0.0563 0.0563 0.0937  
17545 35 0.9231 0.7895 0.2267 0.3097 10887096.6496 3757.2530 89250805.4942 10760.6282 1273390.5806 13474651.5380 41069976.8635 56092896.4532 41133616.4036 21326505.4945 13492609.2206 12099494.6532 11820857.9299 11596908.0739 0.0386 0.0325 1.2770 0.7093 0.1867 0.1813 0.1176 0.0361 0.0113 0.0088 0.0086 0.0096 0.0143 0.1168 0.2527 0.3549 0.4242 0.4826 0.5057 0.5111 0.5149 0.5194 1.4702 0.1342 0.1097 0.0813 0.0749 0.0726 0.0700 0.0669 0.0660 0.0659 0.0658 0.0598  
17545 36 0.8120 0.8617 0.0625 0.1070 76725637.3028 1072010.3716 237084573.8313 310159.2466 23029631804.9494 37810260228.5451 21932664767.9532 7994346349.1807 763848983.1887 206772614.4228 191636136.3483 191636136.3483 191612177.6061 191588218.8639 4508.3545 0.1013 0.1067 0.1348 0.1357 0.1363 0.1382 0.1384 0.1384 0.1384 0.1384 0.1356 0.0007 0.0052 0.0090 0.0171 0.0213 0.0216 0.0216 0.0216 0.0216 0.0216 1.4359 0.1945 0.1731 0.1340 0.1332 0.1251 0.1022 0.0999 0.0999 0.0999 0.0999 0.1337  
26305 4 1.8475 1.4320 0.0276 0.0350 16108795.3349 47517866.0643 958538217.2141 100407.4761 2145639.1971 94052193.6596 127956944.4252 70883257.4131 66450666.7932 66375870.6228 66375870.6228 66375870.6228 66375870.6228 66375870.6228 54.9449 0.1716 0.0384 0.0330 0.0313 0.0309 0.0309 0.0309 0.0309 0.0309 0.0309 0.0313 0.0416 0.5143 1.3000 1.5275 1.5374 1.5376 1.5376 1.5376 1.5376 1.5376 1.5376 0.1136 0.0791 0.0641 0.0571 0.0563 0.0563 0.0563 0.0563 0.0563 0.0563 0.0602  
26305 12 1.0556 0.9913 0.0046 0.0054 16892590.6865 265531.2015 4008144341.3155 978029.9620 156481927.1728 2172448518.2068 5076507043.0320 3407348134.0229 1107405426.3651 642261402.6319 366469982.8346 154503535.5495 54126575.9084 23365186.1517 119.8909 0.1093 0.0038 0.0038 0.0052 0.0057 0.0059 0.0060 0.0061 0.0065 0.0071 0.0036 0.0186 0.1372 0.2786 0.3810 0.4352 0.4703 0.5138 0.5480 0.5643 0.5693 1.1640 0.1700 0.0949 0.0777 0.0729 0.0685 0.0660 0.0658 0.0656 0.0649 0.0638 0.1002  
26305 15 1.2812 1.0461 0.1130 0.2955 458236203.8459 1579959.4254 1920343978.5032 736812.1180 732461908.1214 11007259379.2492 14309370185.9597 8836168923.9693 2655628035.9593 202911508.8908 24185807.7975 22120832.0102 22323753.9850 22613769.0543 442.6471 0.1837 0.0014 0.0011 0.0104 0.1180 1.0687 2.7042 2.7736 2.7375 2.6846 0.2620 0.0038 0.0342 0.0808 0.1147 0.1548 0.1707 0.1721 0.1731 0.1761 0.1804 1.6453 0.2805 0.1878 0.1515 0.1341 0.1324 0.1254 0.1145 0.1138 0.1135 0.1132 0.1918  
26305 29 0.8904 0.8835 0.0301 0.0977 29700053.5159 1032781.5721 170461018.8263 130852.7296 404638.1328 20586674.2656 224740532.3075 536473213.5148 597079500.4894 406359437.0595 232567398.1769 138575540.9369 96699646.1572 81239642.0421 99.3710 4.9889 1.3922 0.3284 0.0409 0.0087 0.0142 0.0426 0.1081 0.2015 0.2691 0.1923 0.0008 0.0082 0.0282 0.0621 0.1093 0.1664 0.2317 0.3016 0.3756 0.4292 2.5550 0.3293 0.1175 0.0875 0.0766 0.0678 0.0609 0.0546 0.0492 0.0449 0.0426 0.0710  
26305 30 1.2084 1.1511 0.0045 0.0276 36975252.3906 2406914.9870 189565238.4513 46863.1961 1905461.4271 54091612.8975 87803394.7468 40849218.7991 25078234.0286 22709941.8422 22573580.8426 22570074.8814 22570149.0931 22570149.0931 10.6035 0.0214 0.1977 0.5485 0.4162 0.0625 0.0129 0.0114 0.0113 0.0113 0.0113 0.6383 0.0092 0.1152 0.3963 0.8329 1.2515 1.4225 1.4449 1.4461 1.4461 1.4461 1.4461 0.1854 0.1273 0.0986 0.0756 0.0604 0.0566 0.0563 0.0563 0.0563 0.0563 0.0917  
26305 35 0.8839 0.8892 0.2329 0.2787 9633254.8965 4448.5529 77252909.3176 9932.8072 914228.8089 10923773.5235 29540566.6462 46692388.8201 35837754.3514 19147834.3456 12519580.5183 11334592.9072 11083538.4423 10874077.2234 0.0360 0.0307 1.1333 0.6083 0.1946 0.1874 0.1192 0.0368 0.0127 0.0103 0.0101 0.0113 0.0143 0.1168 0.2527 0.3549 0.4242 0.4826 0.5057 0.5111 0.5149 0.5194 1.4702 0.1346 0.1110 0.0807 0.0745 0.0725 0.0699 0.0669 0.0660 0.0659 0.0658 0.0598  
26305 36 0.9225 0.9160 0.0607 0.1037 145532433.6128 1429085.1758 214894132.6463 251857.0037 19146237184.7008 32989735685.5553 20543515197.1389 7472985218.3894 687880488.3694 165119560.4669 150915471.9508 150915471.9508 150896604.1894 150877736.4281 4225.3036 0.1019 0.1026 0.1338 0.1353 0.1361 0.1387 0.1390 0.1390 0.1390 0.1390 0.1352 0.0007 0.0052 0.0090 0.0171 0.0213 0.0216 0.0216 0.0216 0.0216 0.0216 1.4359 0.1945 0.1717 0.1341 0.1333 0.1262 0.1026 0.0999 0.0999 0.0999 0.0999 0.1338  
35065 4 1.2177 1.1251 0.0329 0.0338 34839960.5228 13794969.9941 1164178104.1877 185500.8064 1136019.3715 59729581.5537 111761688.4617 94067544.8351 92336684.0182 92306857.3026 92306857.3026 92306857.3026 92306857.3026 92306857.3026 72.9066 0.1925 0.0430 0.0351 0.0321 0.0317 0.0317 0.0317 0.0317 0.0317 0.0317 0.0321 0.0416 0.5143 1.3000 1.5275 1.5374 1.5376 1.5376 1.5376 1.5376 1.5376 1.5376 0.1118 0.0773 0.0621 0.0567 0.0563 0.0563 0.0563 0.0563 0.0563 0.0563 0.0580  
35065 12 0.9709 0.9497 0.0028 0.0029 12114513.0997 67776.1016 4266186076.0009 1032426.7933 7961867.9703 523891830.4944 4018303132.8840 3721478038.4726 1733436438.3563 1153977168.1927 660186437.1499 275340068.4801 93096088.7865 37246120.7025 17.2746 0.0873 0.0028 0.0025 0.0027 0.0030 0.0031 0.0031 0.0031 0.0032 0.0035 0.0053 0.0186 0.1372 0.2786 0.3810 0.4352 0.4703 0.5138 0.5480 0.5643 0.5693 1.1640 0.1356 0.0868 0.0746 0.0719 0.0676 0.0660 0.0659 0.0658 0.0655 0.0648 0.0938  
35065 15 1.5034 1.2604 0.0108 0.0424 86798652.3716 1919343.0401 2657872834.9683 944031.8691 1890759612.2398 15307257776.7951 18218998103.3344 13043950902.2772 3921328543.3047 269551517.8944 3456603.1385 407550.9460 783904.6317 1321768.3253 749.3854 0.3315 0.0044 0.0008 0.0015 0.0075 0.1176 2.8252 5.5353 4.5894 3.8005 0.0083 0.0038 0.0342 0.0808 0.1147 0.1548 0.1707 0.1721 0.1731 0.1761 0.1804 1.6453 0.2847 0.1995 0.1483 0.1338 0.1333 0.1330 0.1248 0.1119 0.1092 0.1070 0.2025  
35065 29 1.0159 0.9241 0.0170 0.0404 24960934.7965 1097686.3349 149523311.4024 116508.8649 198865.8220 6123897.4174 129539531.0065 437380262.7448 594289854.1934 424973913.2878 234629386.8406 124487954.7947 75593042.2568 58385984.8116 101.0525 5.3396 1.7012 0.1102 0.0193 0.0087 0.0138 0.0421 0.1118 0.2156 0.2923 0.0299 0.0008 0.0082 0.0282 0.0621 0.1093 0.1664 0.2317 0.3016 0.3756 0.4292 2.5550 0.3389 0.1238 0.0827 0.0733 0.0666 0.0609 0.0551 0.0499 0.0455 0.0430 0.0675  
35065 30 1.1721 1.3160 0.0032 0.0267 46838475.4827 2016827.9688 232266454.0358 56630.7297 3073775.5896 90656752.7444 151465423.4234 68149684.4718 35307389.1275 26731781.4317 25631584.7376 25571726.1354 25569774.0588 25569774.0588 18.0090 0.0178 0.1586 0.4614 0.3273 0.0559 0.0134 0.0107 0.0106 0.0106 0.0106 0.5253 0.0092 0.1152 0.3963 0.8329 1.2515 1.4225 1.4449 1.4461 1.4461 1.4461 1.4461 0.1840 0.1271 0.0987 0.0756 0.0614 0.0568 0.0563 0.0563 0.0563 0.0563 0.0919  
35065 35 0.8478 0.8767 0.2729 0.3214 9248665.4596 4725.9978 72280859.6047 8779.2443 612400.5881 8538190.0157 21067505.6278 37242638.2990 29751401.6012 16704823.6421 11506122.1051 10567363.8950 10347458.8467 10153136.6626 0.0335 0.0379 1.1826 0.7156 0.2283 0.2161 0.1328 0.0400 0.0142 0.0117 0.0115 0.0127 0.0143 0.1168 0.2527 0.3549 0.4242 0.4826 0.5057 0.5111 0.5149 0.5194 1.4702 0.1339 0.1111 0.0803 0.0742 0.0724 0.0697 0.0668 0.0660 0.0658 0.0658 0.0598  
35065 36 0.8644 0.8988 0.0610 0.1034 134051396.3381 1241267.0208 193752361.9951 232348.7196 15119439075.8225 27890221441.0285 18954118827.3938 6885125135.4159 614938509.9712 131849638.9892 118723487.9039 118723487.9039 118708644.8503 118693801.7967 3900.8175 0.1025 0.1034 0.1356 0.1368 0.1374 0.1398 0.1401 0.1401 0.1401 0.1401 0.1368 0.0007 0.0052 0.0090 0.0171 0.0213 0.0216 0.0216 0.0216 0.0216 0.0216 1.4359 0.1945 0.1695 0.1340 0.1334 0.1271 0.1031 0.0999 0.0999 0.0999 0.0999 0.1338  
43825 4 1.0727 1.0615 0.0232 0.0231 23306748.2670 18621056.6094 1291365012.3319 225889.5676 701717.4374 43791653.2175 104898259.8868 106617210.7759 106266592.2772 106259824.4073 106259824.4073 106259824.4073 106259824.4073 106259824.4073 82.8041 0.1976 0.0295 0.0224 0.0212 0.0211 0.0210 0.0210 0.0210 0.0210 0.0210 0.0211 0.0416 0.5143 1.3000 1.5275 1.5374 1.5376 1.5376 1.5376 1.5376 1.5376 1.5376 0.1120 0.0769 0.0609 0.0565 0.0563 0.0563 0.0563 0.0563 0.0563 0.0563 0.0573  
43825 12 0.9870 0.9515 0.0024 0.0024 11101802.7148 37596.9976 4207930175.0598 1002371.9427 2691044.1704 196129718.4856 2912028566.7365 3303765129.9613 2085045168.7566 1501790797.1291 860906000.7614 357863501.6683 119647935.0427 46645185.0705 3.6475 0.1921 0.0037 0.0023 0.0024 0.0026 0.0026 0.0027 0.0027 0.0027 0.0029 0.0168 0.0186 0.1372 0.2786 0.3810 0.4352 0.4703 0.5138 0.5480 0.5643 0.5693 1.1640 0.1788 0.0787 0.0733 0.0710 0.0670 0.0659 0.0659 0.0658 0.0656 0.0652 0.0829  
43825 15 1.3512 1.1356 0.0048 0.0093 40085899.5115 2342256.5107 3457004179.9156 1419239.7891 2027793700.4321 15318815084.0997 21235172376.8124 18554812490.5747 5614964507.4254 385916251.5988 4866497.6475 367880.0396 519762.3320 736824.1275 801.3281 0.3150 0.0035 0.0007 0.0010 0.0023 0.0275 1.7185 8.0304 6.4233 5.0924 0.0051 0.0038 0.0342 0.0808 0.1147 0.1548 0.1707 0.1721 0.1731 0.1761 0.1804 1.6453 0.2836 0.1974 0.1462 0.1337 0.1333 0.1333 0.1314 0.1109 0.1072 0.1047 0.2028  
43825 29 0.9572 0.9238 0.0166 0.0269 27699499.2304 1057533.4641 125716695.9461 118359.2967 71577.5222 3083676.0365 81287793.6402 363258740.5414 564092578.3404 424232066.9465 229788780.8475 107002211.7316 53404414.0552 36171282.9281 96.8911 5.6181 1.4396 0.0583 0.0180 0.0104 0.0185 0.0572 0.1580 0.3189 0.4413 0.0095 0.0008 0.0082 0.0282 0.0621 0.1093 0.1664 0.2317 0.3016 0.3756 0.4292 2.5550 0.3439 0.1209 0.0802 0.0711 0.0658 0.0607 0.0555 0.0507 0.0462 0.0436 0.0671  
43825 30 1.1786 1.1439 0.0028 0.0269 56603033.1669 1669826.3061 309122044.2573 66374.6696 2875239.4786 91730171.6978 169186211.9794 98631542.8247 52133165.6230 34739535.6603 32494627.4412 32376463.9223 32372975.3088 32372975.3088 20.7576 0.0193 0.1670 0.4165 0.2698 0.0564 0.0137 0.0104 0.0102 0.0102 0.0102 0.4199 0.0092 0.1152 0.3963 0.8329 1.2515 1.4225 1.4449 1.4461 1.4461 1.4461 1.4461 0.1830 0.1250 0.0958 0.0745 0.0621 0.0570 0.0563 0.0563 0.0563 0.0563 0.0902  
43825 35 0.8700 0.9186 0.3382 0.4516 8776844.6441 5501.8861 64185451.2361 7442.8723 1070374.3310 11733856.8429 19072684.8286 29494560.1468 23594504.9626 14233803.6116 10507304.1516 9822017.2157 9633693.1077 9454300.7140 0.0311 0.0359 1.3662 1.1665 0.2745 0.2443 0.1427 0.0418 0.0159 0.0134 0.0131 0.0144 0.0143 0.1168 0.2527 0.3549 0.4242 0.4826 0.5057 0.5111 0.5149 0.5194 1.4702 0.1350 0.1132 0.0821 0.0744 0.0723 0.0694 0.0667 0.0660 0.0658 0.0658 0.0598  
43825 36 0.8717 0.9064 0.0602 0.1031 115741646.1022 944914.2991 171308190.2302 200852.3617 12432967220.6577 24013936259.5384 17189067476.3581 6236571829.0887 543928319.4571 105336473.0735 93419361.4154 93419361.4154 93407681.9356 93396002.4557 3538.8620 0.1021 0.1030 0.1353 0.1365 0.1370 0.1395 0.1398 0.1398 0.1398 0.1398 0.1364 0.0007 0.0052 0.0090 0.0171 0.0213 0.0216 0.0216 0.0216 0.0216 0.0216 1.4359 0.1945 0.1679 0.1340 0.1335 0.1279 0.1036 0.0999 0.0999 0.0999 0.0999 0.1338  
52609 4 1.0659 1.0676 0.0199 0.0190 21608699.6875 17785473.0697 1398785529.3728 242310.0991 765524.9580 44657010.6466 111753653.4733 117816106.9067 117698391.4441 117695491.1056 117695491.1056 117695491.1056 117695491.1056 117695491.1056 91.2540 0.2200 0.0290 0.0191 0.0177 0.0177 0.0176 0.0176 0.0176 0.0176 0.0176 0.0178 0.0416 0.5143 1.3000 1.5275 1.5374 1.5376 1.5376 1.5376 1.5376 1.5376 1.5376 0.1129 0.0775 0.0606 0.0565 0.0563 0.0563 0.0563 0.0563 0.0563 0.0563 0.0572  
52609 12 0.9499 0.9523 0.0025 0.0024 11301756.5713 41768.8718 4031285764.2940 989358.7533 2591241.5637 142615732.6736 2288774400.2803 2918249471.9573 2167553748.8040 1611987748.9963 924846065.9880 384025666.6041 127920455.6327 49435343.3306 2.8688 0.2078 0.0052 0.0024 0.0025 0.0027 0.0027 0.0027 0.0028 0.0028 0.0030 0.0274 0.0186 0.1372 0.2786 0.3810 0.4352 0.4703 0.5138 0.5480 0.5643 0.5693 1.1640 0.1862 0.0770 0.0730 0.0703 0.0666 0.0659 0.0659 0.0658 0.0657 0.0653 0.0773  
52609 15 1.1688 0.9801 0.0035 0.0062 25388393.2569 2209378.5522 3778066838.4272 1917698.5817 1236485041.0049 8923061410.2002 21420108945.0672 22465401262.4300 6831322518.4867 469422185.0009 5811903.9477 295420.1794 353966.7521 437638.3571 336.8659 0.0927 0.0008 0.0006 0.0008 0.0018 0.0211 1.3963 8.6203 7.6626 6.6402 0.0099 0.0038 0.0342 0.0808 0.1147 0.1548 0.1707 0.1721 0.1731 0.1761 0.1804 1.6453 0.2810 0.1891 0.1429 0.1336 0.1333 0.1333 0.1318 0.1125 0.1101 0.1079 0.2027  
52609 29 0.8537 0.9195 0.0292 0.0469 25749798.9816 1013382.8088 103797190.8666 113291.8774 153484.5088 1818510.8724 53796795.9657 305115329.8524 519685876.2758 410705146.1016 219313087.0006 88248169.4769 34003272.2317 19103147.5439 88.4979 5.5436 2.5324 0.1272 0.0275 0.0134 0.0230 0.0701 0.2014 0.4276 0.6033 0.0115 0.0008 0.0082 0.0282 0.0621 0.1093 0.1664 0.2317 0.3016 0.3756 0.4292 2.5550 0.3440 0.1449 0.0787 0.0695 0.0653 0.0605 0.0559 0.0518 0.0473 0.0444 0.0671  
52609 30 1.2742 1.0248 0.0033 0.0295 66349453.2694 1647245.5091 408501680.4280 78230.8162 2158886.9068 72651708.2013 136688117.0727 97857718.6563 66235268.4201 47367200.9198 44277185.0164 44097564.3614 44091445.1825 44091445.1825 16.8576 0.0239 0.2047 0.4963 0.2751 0.0596 0.0171 0.0124 0.0121 0.0121 0.0121 0.4450 0.0092 0.1152 0.3963 0.8329 1.2515 1.4225 1.4449 1.4461 1.4461 1.4461 1.4461 0.1825 0.1243 0.0943 0.0722 0.0617 0.0571 0.0563 0.0563 0.0563 0.0563 0.0875  
52609 35 1.0699 0.9203 0.2169 0.4876 7441869.6680 59520.8117 58815483.5323 6474.9552 968463.5050 12756666.8356 16195711.2261 24298389.1227 19764620.8517 12546981.2859 9670572.7510 9133013.6110 8966364.6770 8800088.8888 0.0288 0.0386 1.3005 1.2933 0.2814 0.2458 0.1361 0.0394 0.0163 0.0141 0.0139 0.0153 0.0143 0.1168 0.2527 0.3549 0.4242 0.4826 0.5057 0.5111 0.5149 0.5194 1.4702 0.1329 0.1133 0.0829 0.0746 0.0721 0.0690 0.0665 0.0659 0.0658 0.0658 0.0598  
52609 36 0.8618 0.8956 0.0600 0.1033 102512664.5497 905126.6252 150923774.1734 175081.6210 9776453812.8055 20234540544.2120 15523937042.2037 5627417555.7330 480780859.4530 84256311.6356 73482221.4057 73482221.4057 73473034.5079 73463847.6101 3197.4068 0.1024 0.1033 0.1360 0.1370 0.1375 0.1398 0.1402 0.1402 0.1402 0.1402 0.1369 0.0007 0.0052 0.0090 0.0171 0.0213 0.0216 0.0216 0.0216 0.0216 0.0216 1.4359 0.1944 0.1659 0.1340 0.1335 0.1286 0.1041 0.0999 0.0999 0.0999 0.0999 0.1338  
61369 4 1.0328 1.0112 0.0184 0.0174 21452615.1967 16547625.0029 1434486848.0804 258285.6995 425827.1266 29571472.0431 100207091.7798 122875696.9201 123952359.4664 123969397.0046 123969397.0046 123969397.0046 123969397.0046 123969397.0046 95.4441 0.2314 0.0253 0.0177 0.0168 0.0167 0.0167 0.0167 0.0167 0.0167 0.0167 0.0168 0.0416 0.5143 1.3000 1.5275 1.5374 1.5376 1.5376 1.5376 1.5376 1.5376 1.5376 0.1121 0.0759 0.0594 0.0564 0.0563 0.0563 0.0563 0.0563 0.0563 0.0563 0.0568  
61369 12 0.9522 0.9549 0.0026 0.0024 10931160.9835 58548.9463 3876183675.1143 939823.0621 6675940.6133 127143447.9504 1697260786.7424 2541714881.9344 2253388365.4117 1724344013.8800 990024409.6020 410710027.8780 136376071.0451 52304675.7998 4.3161 0.2089 0.0093 0.0023 0.0026 0.0027 0.0027 0.0027 0.0028 0.0028 0.0029 0.0353 0.0186 0.1372 0.2786 0.3810 0.4352 0.4703 0.5138 0.5480 0.5643 0.5693 1.1640 0.1897 0.0821 0.0728 0.0696 0.0664 0.0659 0.0659 0.0658 0.0657 0.0654 0.0887  
61369 15 1.0390 0.9584 0.0043 0.0063 29757221.9801 1737018.7833 3796864259.5588 2241393.9469 805332243.5176 5667896955.4577 19844536236.0594 23687219299.0655 7224872958.0415 496926077.3365 6637345.6543 783266.1448 786255.1335 790527.1964 212.0144 0.0782 0.0007 0.0005 0.0007 0.0018 0.0225 1.4460 7.8373 7.5004 7.0620 0.0210 0.0038 0.0342 0.0808 0.1147 0.1548 0.1707 0.1721 0.1731 0.1761 0.1804 1.6453 0.2813 0.1883 0.1397 0.1335 0.1333 0.1333 0.1312 0.1135 0.1126 0.1114 0.2026  
61369 29 0.8412 0.9164 0.0370 0.0590 22156778.5591 845054.0329 85275607.6579 96713.7679 54475.4784 849144.9880 35516655.6136 258271807.3564 473516130.9681 389516775.3977 203847252.9471 69698960.9794 18951684.0490 8134305.2747 79.6309 5.7693 2.5264 0.1578 0.0351 0.0169 0.0281 0.0804 0.2408 0.5662 0.8232 0.0104 0.0008 0.0082 0.0282 0.0621 0.1093 0.1664 0.2317 0.3016 0.3756 0.4292 2.5550 0.3425 0.1409 0.0759 0.0683 0.0648 0.0602 0.0563 0.0531 0.0490 0.0458 0.0671  
61369 30 1.1650 0.9555 0.0043 0.0314 78204560.8804 924461.2420 480025415.6916 99680.7634 1735103.5132 54128212.0770 85241448.9327 67486777.4647 65558326.3668 58720223.8479 57285661.0491 57197034.6307 57193942.3565 57193942.3565 11.5118 0.0314 0.3693 0.8321 0.3811 0.0620 0.0182 0.0145 0.0143 0.0143 0.0143 0.7294 0.0092 0.1152 0.3963 0.8329 1.2515 1.4225 1.4449 1.4461 1.4461 1.4461 1.4461 0.1831 0.1258 0.0954 0.0706 0.0605 0.0568 0.0563 0.0563 0.0563 0.0563 0.0861  
61369 35 0.9695 0.9175 0.1808 0.5423 6474097.9279 117782.2329 50692719.0515 6927.3541 823682.3694 11088354.8490 13762293.7271 20782587.2742 17176045.6878 11283716.1202 8932241.0088 8487116.6098 8336863.9435 8182622.6727 0.0267 0.0447 1.4382 1.5163 0.2847 0.2462 0.1310 0.0374 0.0162 0.0142 0.0140 0.0152 0.0143 0.1168 0.2527 0.3549 0.4242 0.4826 0.5057 0.5111 0.5149 0.5194 1.4702 0.1328 0.1131 0.0835 0.0746 0.0719 0.0688 0.0665 0.0659 0.0658 0.0658 0.0598  
61369 36 0.8511 0.8953 0.0609 0.1036 88197911.2438 835132.2900 133581599.7579 150882.0900 7972363762.9768 17158402160.0088 13636126275.4300 4939565880.0552 415756382.0969 67217788.3085 57747538.0090 57747538.0090 57740318.2936 57733098.5781 2809.2048 0.1026 0.1037 0.1369 0.1378 0.1383 0.1407 0.1411 0.1411 0.1411 0.1411 0.1378 0.0007 0.0052 0.0090 0.0171 0.0213 0.0216 0.0216 0.0216 0.0216 0.0216 1.4359 0.1944 0.1647 0.1340 0.1336 0.1291 0.1045 0.0999 0.0999 0.0999 0.0999 0.1338  
70129 4 1.0154 1.0060 0.0172 0.0165 20975089.1129 15343528.5938 1438644036.5565 266747.0701 426050.8054 26638230.6982 97235521.1069 124610119.0333 126077390.4851 126101132.7041 126101132.7041 126101132.7041 126101132.7041 126101132.7041 96.8590 0.2223 0.0248 0.0167 0.0160 0.0160 0.0160 0.0160 0.0160 0.0160 0.0160 0.0160 0.0416 0.5143 1.3000 1.5275 1.5374 1.5376 1.5376 1.5376 1.5376 1.5376 1.5376 0.1127 0.0765 0.0590 0.0564 0.0563 0.0563 0.0563 0.0563 0.0563 0.0563 0.0567  
70129 12 0.9406 0.9542 0.0027 0.0025 10924314.7548 49741.0704 3722520386.4369 894939.4422 4808444.1118 91421828.7771 1198554031.8454 2216025457.8989 2311760364.3334 1807633519.5802 1038395139.5150 430478013.9522 142599292.2407 54377044.7782 3.7293 0.2033 0.0085 0.0024 0.0027 0.0028 0.0028 0.0028 0.0028 0.0029 0.0030 0.0244 0.0186 0.1372 0.2786 0.3810 0.4352 0.4703 0.5138 0.5480 0.5643 0.5693 1.1640 0.1880 0.0833 0.0725 0.0688 0.0662 0.0659 0.0659 0.0658 0.0657 0.0654 0.0859  
70129 15 0.9986 1.0093 0.0049 0.0091 47618207.9158 1699979.0654 3742474089.5069 2328729.9709 866187572.3469 7215859141.1921 19261103924.1517 23484674337.8926 7167394460.9975 493632585.5721 7290215.2999 1470340.5282 1435535.8474 1385795.6485 430.0408 0.1052 0.0008 0.0004 0.0006 0.0022 0.0335 1.7945 5.2533 5.2235 5.1783 0.0169 0.0038 0.0342 0.0808 0.1147 0.1548 0.1707 0.1721 0.1731 0.1761 0.1804 1.6453 0.2817 0.1998 0.1382 0.1334 0.1333 0.1333 0.1288 0.1138 0.1137 0.1135 0.2025  
70129 29 0.5596 0.9146 0.0655 0.1032 17336904.3918 512744.9487 71828434.8054 81352.9615 43280.3963 222479.2671 22080607.5029 218782907.8801 427199381.4798 361334494.7659 185993228.2605 55573642.7721 9956384.9797 2647378.0724 71.3059 5.9942 3.5154 0.3042 0.0566 0.0246 0.0347 0.0784 0.2239 0.6449 1.1222 0.0132 0.0008 0.0082 0.0282 0.0621 0.1093 0.1664 0.2317 0.3016 0.3756 0.4292 2.5550 0.3478 0.1539 0.0725 0.0673 0.0645 0.0601 0.0567 0.0546 0.0516 0.0482 0.0671  
70129 30 1.0802 0.8659 0.0172 0.0339 79328963.7420 50284.4215 503366269.1927 116130.6611 1202707.1338 20667186.7589 21440738.7244 31276101.2383 54720711.3972 64516472.5283 65812428.5505 65882076.3318 65884356.8518 65884356.8518 3.2966 0.0712 1.0271 1.8853 0.5908 0.0616 0.0218 0.0190 0.0188 0.0188 0.0188 1.6347 0.0092 0.1152 0.3963 0.8329 1.2515 1.4225 1.4449 1.4461 1.4461 1.4461 1.4461 0.1837 0.1287 0.0974 0.0682 0.0590 0.0566 0.0563 0.0563 0.0563 0.0563 0.0858  
70129 35 0.9073 0.8685 0.1986 0.5920 6926534.1370 73021.9012 40060661.5583 6715.7619 522478.1252 7662781.3820 11081360.5755 15664985.4567 13277586.8254 9591973.2521 8118492.0005 7825778.2665 7697476.4603 7556211.9569 0.0247 0.0519 1.5211 1.5230 0.3729 0.3201 0.1603 0.0452 0.0203 0.0181 0.0178 0.0191 0.0143 0.1168 0.2527 0.3549 0.4242 0.4826 0.5057 0.5111 0.5149 0.5194 1.4702 0.1324 0.1125 0.0834 0.0746 0.0717 0.0685 0.0664 0.0659 0.0658 0.0658 0.0598  
70129 36 0.9072 0.9416 0.0584 0.0990 78884181.3039 780930.1079 120578826.5196 128418.6991 7410496564.9554 15794480874.3563 12444550368.9829 4503255623.4428 372583942.5959 54334798.6291 45687551.1782 45687551.1782 45681839.2270 45676127.2758 2563.7728 0.0966 0.0975 0.1295 0.1308 0.1313 0.1339 0.1344 0.1344 0.1344 0.1344 0.1308 0.0007 0.0052 0.0090 0.0171 0.0213 0.0216 0.0216 0.0216 0.0216 0.0216 1.4359 0.1944 0.1653 0.1340 0.1336 0.1296 0.1050 0.0998 0.0998 0.0998 0.0998 0.1338  
78889 4 0.9595 0.9773 0.0181 0.0166 20674028.4297 14949193.8492 1414919944.1670 270856.5288 213007.5302 15901395.0070 85952447.6471 122547744.4187 124700529.2950 124735700.1313 124735700.1313 124735700.1313 124735700.1313 124735700.1313 95.4776 0.2339 0.0250 0.0170 0.0162 0.0162 0.0162 0.0162 0.0162 0.0162 0.0162 0.0162 0.0416 0.5143 1.3000 1.5275 1.5374 1.5376 1.5376 1.5376 1.5376 1.5376 1.5376 0.1117 0.0741 0.0580 0.0563 0.0563 0.0563 0.0563 0.0563 0.0563 0.0563 0.0565  
78889 12 0.9591 0.9584 0.0028 0.0026 10810574.5742 64922.7581 3572091860.3693 841799.6902 11487697.2680 95129047.2355 777069893.6828 1930388935.9991 2347502719.7395 1867135871.5953 1073014531.5466 444588746.9324 146998201.6865 55799727.0040 5.6620 0.1773 0.0144 0.0024 0.0028 0.0029 0.0029 0.0029 0.0029 0.0030 0.0031 0.0297 0.0186 0.1372 0.2786 0.3810 0.4352 0.4703 0.5138 0.5480 0.5643 0.5693 1.1640 0.1909 0.0929 0.0721 0.0679 0.0661 0.0659 0.0659 0.0659 0.0657 0.0655 0.0956  
78889 15 0.9748 0.9615 0.0059 0.0110 57353270.7893 1816803.6315 3639545586.0182 2325536.0890 483235502.8594 5487223654.5246 18901921392.1224 22940103233.4664 7000600610.4144 482783676.8510 7803926.0713 2110533.2806 2048788.0114 1960546.1411 254.1150 0.1344 0.0008 0.0005 0.0007 0.0026 0.0404 1.9665 4.8797 4.8705 4.8564 0.0278 0.0038 0.0342 0.0808 0.1147 0.1548 0.1707 0.1721 0.1731 0.1761 0.1804 1.6453 0.2775 0.1905 0.1386 0.1334 0.1333 0.1332 0.1277 0.1139 0.1138 0.1137 0.2024  
78889 29 0.9384 0.9312 0.0307 0.0622 9797931.6066 217740.4982 64464068.3407 45525.5272 35975.3656 50319.8284 16921678.6660 192011092.5368 386181372.2666 334751332.7503 172812695.6027 48846241.0663 6830171.6765 1130271.6352 63.6191 6.0650 4.8454 0.1610 0.0301 0.0209 0.0298 0.0525 0.1272 0.4166 0.9542 0.0150 0.0008 0.0082 0.0282 0.0621 0.1093 0.1664 0.2317 0.3016 0.3756 0.4292 2.5550 0.3488 0.1841 0.0690 0.0666 0.0643 0.0599 0.0568 0.0555 0.0545 0.0527 0.0671  
78889 30 0.9968 1.0434 0.0180 0.0278 75760006.6159 48769.4168 490081085.6048 125441.9759 2672232.5047 48708792.3115 37889174.3578 18530819.4178 44384005.2729 64074989.7987 67261216.4325 67444852.9186 67451163.0929 67451163.0929 3.7792 0.0567 0.7775 1.7716 0.7898 0.0432 0.0201 0.0188 0.0187 0.0187 0.0187 2.1136 0.0092 0.1152 0.3963 0.8329 1.2515 1.4225 1.4449 1.4461 1.4461 1.4461 1.4461 0.1835 0.1328 0.1066 0.0694 0.0576 0.0564 0.0563 0.0563 0.0563 0.0563 0.0930  
78889 35 0.8107 0.8103 0.2071 0.6554 6714836.3026 79015.8862 32139766.7199 6093.3975 229077.2718 3402509.1819 7004461.1210 9849901.0237 9124486.1645 7825784.7806 7296970.7248 7167955.7737 7062609.4392 6934443.9102 0.0227 0.0625 1.7336 1.5158 0.5097 0.4205 0.1861 0.0513 0.0249 0.0225 0.0223 0.0234 0.0143 0.1168 0.2527 0.3549 0.4242 0.4826 0.5057 0.5111 0.5149 0.5194 1.4702 0.1334 0.1116 0.0827 0.0745 0.0712 0.0680 0.0663 0.0659 0.0658 0.0658 0.0598  
78889 36 0.8959 0.9191 0.0578 0.0981 72570613.8157 837416.8963 112359705.5499 116501.0673 5992940775.4283 13810223057.5655 11604386072.6272 4196385426.5810 341311573.4796 44295966.9565 36225661.5343 36225661.5343 36221132.5279 36216603.5215 2391.5338 0.0969 0.0978 0.1283 0.1294 0.1297 0.1317 0.1322 0.1322 0.1322 0.1322 0.1294 0.0007 0.0052 0.0090 0.0171 0.0213 0.0216 0.0216 0.0216 0.0216 0.0216 1.4359 0.1944 0.1639 0.1339 0.1336 0.1301 0.1057 0.0998 0.0998 0.0998 0.0998 0.1338  
87673 4 1.0253 1.0129 0.0171 0.0157 17480465.5420 18693802.8101 1426980605.4029 259884.7200 416210.3679 27818430.3380 95426545.4231 122571613.2894 124096898.8929 124121708.9331 124121708.9331 124121708.9331 124121708.9331 124121708.9331 95.5720 0.2136 0.0250 0.0160 0.0152 0.0152 0.0152 0.0152 0.0152 0.0152 0.0152 0.0152 0.0416 0.5143 1.3000 1.5275 1.5374 1.5376 1.5376 1.5376 1.5376 1.5376 1.5376 0.1115 0.0776 0.0589 0.0564 0.0563 0.0563 0.0563 0.0563 0.0563 0.0563 0.0568  
87673 12 0.9479 0.9614 0.0029 0.0027 11026847.9989 75368.2155 3412819797.4764 807369.3756 17131370.7954 108783399.9892 523353468.8276 1721777401.3124 2319596366.3820 1863320273.3254 1071068424.3313 443638357.8450 146519356.4542 55465402.6213 7.3187 0.1571 0.0160 0.0025 0.0030 0.0031 0.0031 0.0031 0.0031 0.0031 0.0032 0.0258 0.0186 0.1372 0.2786 0.3810 0.4352 0.4703 0.5138 0.5480 0.5643 0.5693 1.1640 0.1896 0.0995 0.0717 0.0672 0.0660 0.0659 0.0659 0.0659 0.0657 0.0655 0.0991  
87673 15 0.9774 0.9694 0.0068 0.0121 62337050.5481 1727536.2714 3532277341.4711 2266982.4814 474368085.9019 4733712153.1268 17894818800.5828 22456824733.2857 6858417693.8687 473577273.1643 8286672.0386 2701580.8252 2618171.9045 2498969.8412 232.6528 0.1358 0.0008 0.0004 0.0007 0.0028 0.0446 2.0617 4.7551 4.7517 4.7465 0.0352 0.0038 0.0342 0.0808 0.1147 0.1548 0.1707 0.1721 0.1731 0.1761 0.1804 1.6453 0.2794 0.1922 0.1379 0.1334 0.1333 0.1332 0.1272 0.1139 0.1139 0.1138 0.2023  
87673 29 0.5902 0.9321 0.0282 0.0506 8558797.8892 148268.6388 58720047.5309 42722.2940 49030.4223 40206.4088 14818921.0476 170916173.3216 347037158.0429 305162004.3085 158874756.3351 44795366.8695 6101277.6552 945789.5939 56.6387 6.0059 5.2723 0.1065 0.0232 0.0284 0.0423 0.0557 0.0768 0.1557 0.3404 0.0207 0.0008 0.0082 0.0282 0.0621 0.1093 0.1664 0.2317 0.3016 0.3756 0.4292 2.5550 0.3507 0.2025 0.0685 0.0665 0.0641 0.0598 0.0569 0.0558 0.0556 0.0553 0.0671  
87673 30 0.9643 0.9550 0.0190 0.0282 70905839.4551 55866.8849 469670322.0425 125039.8505 2130784.0876 41015261.5864 31352846.3414 18117575.3053 41620510.7061 61328531.4403 64688957.9296 64886676.0481 64893643.0730 64893643.0730 3.1655 0.0538 0.7261 1.7460 0.9442 0.0464 0.0195 0.0188 0.0188 0.0188 0.0188 2.0647 0.0092 0.1152 0.3963 0.8329 1.2515 1.4225 1.4449 1.4461 1.4461 1.4461 1.4461 0.1831 0.1313 0.1045 0.0715 0.0572 0.0563 0.0563 0.0563 0.0563 0.0563 0.0940  
87673 35 0.5514 0.8086 0.3611 0.8723 6092669.1373 55788.2362 28416149.9761 4939.6369 151953.7608 2271774.9123 3685079.5979 4959531.5611 5613727.1193 6256098.3848 6495336.9679 6500156.5905 6415311.4667 6300196.5268 0.0207 0.0736 1.9085 2.0339 0.7611 0.5326 0.1977 0.0581 0.0340 0.0318 0.0316 0.0328 0.0143 0.1168 0.2527 0.3549 0.4242 0.4826 0.5057 0.5111 0.5149 0.5194 1.4702 0.1325 0.1124 0.0835 0.0745 0.0703 0.0673 0.0661 0.0659 0.0658 0.0658 0.0598  
87673 36 0.9165 0.9406 0.0593 0.0994 69771351.3328 820929.0494 107095300.6777 104378.7957 4975561841.5221 12484910322.9319 11148053805.2822 4028475932.3471 321965519.5034 36396038.5631 28636738.4071 28636738.4071 28633158.1834 28629577.9597 2298.2273 0.0981 0.0998 0.1300 0.1313 0.1317 0.1345 0.1352 0.1352 0.1352 0.1352 0.1313 0.0007 0.0052 0.0090 0.0171 0.0213 0.0216 0.0216 0.0216 0.0216 0.0216 1.4359 0.1944 0.1622 0.1339 0.1336 0.1307 0.1067 0.0998 0.0998 0.0998 0.0998 0.1338  
96433 4 1.0082 1.0053 0.0177 0.0162 16255876.8700 23872090.9838 1436614712.8761 266472.3731 345415.9321 25194706.8625 95346486.1321 123986648.5600 125573680.5631 125599444.3510 125599444.3510 125599444.3510 125599444.3510 125599444.3510 96.4975 0.2384 0.0254 0.0167 0.0158 0.0157 0.0157 0.0157 0.0157 0.0157 0.0157 0.0158 0.0416 0.5143 1.3000 1.5275 1.5374 1.5376 1.5376 1.5376 1.5376 1.5376 1.5376 0.1121 0.0765 0.0589 0.0564 0.0563 0.0563 0.0563 0.0563 0.0563 0.0563 0.0567  
96433 12 0.9457 0.9630 0.0030 0.0029 10897435.3020 86877.3062 3244690654.3688 765337.6271 18164533.9778 136180993.6598 384455621.4902 1568772261.7875 2245207136.6235 1813262512.2689 1042419379.6831 431691265.0889 142481472.0103 53851351.3759 10.1930 0.1296 0.0131 0.0026 0.0031 0.0032 0.0032 0.0032 0.0032 0.0032 0.0033 0.0194 0.0186 0.1372 0.2786 0.3810 0.4352 0.4703 0.5138 0.5480 0.5643 0.5693 1.1640 0.1863 0.1015 0.0714 0.0666 0.0660 0.0659 0.0659 0.0659 0.0658 0.0655 0.1002  
96433 15 0.9569 0.9869 0.0061 0.0121 60032641.0063 1667697.9360 3373152289.5160 2215826.2763 1110832019.1871 5050189855.3338 17255970703.6643 21482491331.7015 6559305369.1858 452310152.4734 7268499.6304 1933135.5492 1872862.6711 1786724.9759 228.8642 0.1233 0.0010 0.0005 0.0007 0.0029 0.0444 2.0635 4.8092 4.8078 4.8055 0.0315 0.0038 0.0342 0.0808 0.1147 0.1548 0.1707 0.1721 0.1731 0.1761 0.1804 1.6453 0.2860 0.1992 0.1376 0.1334 0.1333 0.1332 0.1273 0.1139 0.1139 0.1139 0.2023  
96433 29 0.7275 0.9391 0.0259 0.0581 5778311.5028 164398.6409 54517493.4058 25213.3636 273118.4837 116404.8320 13300179.0918 153345402.5154 314267507.1573 281018716.9463 147949207.0556 41871559.0866 5701142.8202 881953.1957 50.7026 4.7830 4.8496 0.1624 0.0174 0.0216 0.0322 0.0410 0.0519 0.0897 0.1802 0.0173 0.0008 0.0082 0.0282 0.0621 0.1093 0.1664 0.2317 0.3016 0.3756 0.4292 2.5550 0.3525 0.2212 0.0699 0.0665 0.0640 0.0597 0.0568 0.0558 0.0556 0.0554 0.0671  
96433 30 0.9740 1.0656 0.0222 0.0292 78553039.7478 58294.7898 455049964.0673 120579.7370 3344222.2977 64710823.3411 55509074.0017 25242268.5057 42057483.0667 59002549.4484 61944636.3145 62118499.4296 62124651.8314 62124651.8314 5.5852 0.0446 0.5442 1.3845 0.8868 0.0495 0.0196 0.0188 0.0187 0.0187 0.0187 1.7186 0.0092 0.1152 0.3963 0.8329 1.2515 1.4225 1.4449 1.4461 1.4461 1.4461 1.4461 0.1883 0.1313 0.1049 0.0735 0.0575 0.0564 0.0563 0.0563 0.0563 0.0563 0.0939  
96433 35 0.4493 0.8762 0.7616 1.1126 4749457.2001 3143.7194 24221300.1121 2723.7509 218359.4747 2761839.3903 2579697.0160 2659703.8417 3749469.2159 5217804.6172 5786706.0805 5851003.8252 5779972.3479 5677008.3915 0.0188 0.0699 2.0731 2.8948 0.9537 0.4850 0.1568 0.0563 0.0405 0.0392 0.0390 0.0402 0.0143 0.1168 0.2527 0.3549 0.4242 0.4826 0.5057 0.5111 0.5149 0.5194 1.4702 0.1336 0.1135 0.0863 0.0751 0.0692 0.0667 0.0660 0.0659 0.0658 0.0658 0.0598  
96433 36 0.9448 0.9446 0.0579 0.0991 69027355.4610 782137.1431 102327570.4517 95659.5171 3747112733.9900 11224326395.7741 11101936960.4301 4009699511.6439 315060237.1918 30405372.3364 22670922.5129 22670922.5129 22668088.1478 22665253.7826 2289.7818 0.0977 0.0990 0.1291 0.1303 0.1305 0.1330 0.1338 0.1338 0.1338 0.1338 0.1303 0.0007 0.0052 0.0090 0.0171 0.0213 0.0216 0.0216 0.0216 0.0216 0.0216 1.4359 0.1943 0.1589 0.1339 0.1337 0.1312 0.1080 0.0998 0.0998 0.0998 0.0998 0.1338  
