8761 4 0.8036 0.7883 0.1685 0.2112 24221542.6489 25118704.8046 257004737.4685 28368.6411 622495.9011 29002528.7564 34254295.0676 12415813.1964 10679194.8226 10649670.2828 10649670.2828 10649670.2828 10649670.2828 10649670.2828 9.6404 0.5145 0.2727 0.2460 0.2292 0.2247 0.2246 0.2246 0.2246 0.2246 0.2246 0.2384 0.0416 0.5143 1.3000 1.5275 1.5374 1.5376 1.5376 1.5376 1.5376 1.5376 1.5376 0.1123 0.0801 0.0660 0.0578 0.0563 0.0563 0.0563 0.0563 0.0563 0.0563 0.0643  
8761 12 1.6119 0.6933 0.0175 0.0302 16483342.6531 4507721.3835 1257478139.6930 42563.1786 787845666.9450 4070086746.3664 1596090267.6564 325313731.0650 94663728.5601 58055311.9862 35871057.2438 18800481.4391 10716117.0128 8238251.5900 287.3557 0.5653 0.0186 0.0265 0.0414 0.0465 0.0476 0.0484 0.0501 0.0527 0.0544 0.0131 0.0186 0.1372 0.2786 0.3810 0.4352 0.4703 0.5138 0.5480 0.5643 0.5693 1.1640 0.1878 0.1137 0.0852 0.0730 0.0673 0.0657 0.0651 0.0639 0.0620 0.0608 0.1157  
8761 15 0.7791 0.6271 0.2021 0.1808 585408657.2284 2948757.7092 1676668622.7538 467921.0534 947411922.5541 11839198959.7635 8920745015.9777 3197038068.1835 1544326186.1439 932609503.5550 886600044.0915 877966615.9273 854325078.5421 820538337.1392 1173.6186 1.1108 0.0100 0.0048 0.0403 0.2524 0.4558 0.4777 0.4783 0.4791 0.4805 0.2237 0.0038 0.0342 0.0808 0.1147 0.1548 0.1707 0.1721 0.1731 0.1761 0.1804 1.6453 0.2765 0.1999 0.1549 0.1330 0.1231 0.1148 0.1139 0.1139 0.1138 0.1137 0.1614  
8761 29 0.7224 0.6431 0.0621 0.1190 72385743.0665 209375416.8067 218304800.3400 92459.3517 2285557.0534 304459451.8392 798157977.6637 741542933.9501 503585782.0962 338094612.6037 234377689.3113 174183959.5210 147346122.1853 138186784.7410 143.2897 5.0177 1.3620 0.2775 0.0730 0.0489 0.0963 0.2756 0.4943 0.6165 0.6599 0.1587 0.0008 0.0082 0.0282 0.0621 0.1093 0.1664 0.2317 0.3016 0.3756 0.4292 2.5550 0.1781 0.1186 0.1032 0.0843 0.0695 0.0597 0.0529 0.0479 0.0442 0.0422 0.0967  
8761 30 0.1294 0.8876 0.0187 0.0377 21453444.7062 38276.4931 166519832.3003 4048.6107 37.9122 3764.9931 1154450.2920 11339399.6572 21028096.4728 21205974.0650 20843307.8094 20814115.2569 20812811.9890 20812811.9890 0.5824 1.0625 3.6425 0.8611 0.2066 0.0653 0.0308 0.0246 0.0242 0.0242 0.0242 0.2867 0.0092 0.1152 0.3963 0.8329 1.2515 1.4225 1.4449 1.4461 1.4461 1.4461 1.4461 0.1306 0.0912 0.0685 0.0637 0.0597 0.0569 0.0563 0.0563 0.0563 0.0563 0.0663  
8761 35 1.0945 0.4892 0.2909 0.5599 12232405.1203 2095430.3000 108073397.0230 13742.0209 5690609.9694 67759381.9968 67389853.9277 64166981.2271 42733176.7582 22263053.4324 14252142.6084 12825750.3397 12535579.5013 12299691.7473 0.0414 0.0621 1.4609 1.7578 0.2511 0.1907 0.1333 0.0662 0.0469 0.0450 0.0448 0.0508 0.0143 0.1168 0.2527 0.3549 0.4242 0.4826 0.5057 0.5111 0.5149 0.5194 1.4702 0.1346 0.1135 0.0846 0.0759 0.0726 0.0698 0.0668 0.0660 0.0658 0.0658 0.0598  
8761 36 0.4410 0.5404 0.0471 0.1067 169567458.5673 2748343.3715 272881018.1058 77795.1064 31309007534.8929 47799273898.7720 24462496342.6544 8928320945.8653 880994004.0577 260984696.8078 244138255.4583 244138255.4583 244107732.7937 244077210.1290 5023.3613 1.3408 0.1422 0.1433 0.1434 0.1444 0.1467 0.1469 0.1469 0.1469 0.1469 0.1433 0.0007 0.0052 0.0090 0.0171 0.0213 0.0216 0.0216 0.0216 0.0216 0.0216 1.4359 0.1897 0.1721 0.1293 0.1282 0.1192 0.0980 0.0960 0.0960 0.0960 0.0960 0.1289  
17545 4 6.9805 2.1812 0.0490 0.0579 16681090.1041 5614980.0262 621678595.5571 15831.0098 1865140.1850 84390473.0325 100882970.2430 38658383.0876 33644110.8362 33558871.9383 33558871.9383 33558871.9383 33558871.9383 33558871.9383 29.6279 0.1716 0.0464 0.0406 0.0370 0.0358 0.0358 0.0358 0.0358 0.0358 0.0358 0.0379 0.0416 0.5143 1.3000 1.5275 1.5374 1.5376 1.5376 1.5376 1.5376 1.5376 1.5376 0.1126 0.0801 0.0655 0.0576 0.0563 0.0563 0.0563 0.0563 0.0563 0.0563 0.0632  
17545 12 1.5948 1.6910 0.0087 0.0127 18023253.4075 202690.9326 3036595270.2399 682985.8377 1155219066.7177 6715072349.4036 4713816927.4201 1669250031.4756 319142535.7633 130425283.9577 75158235.5216 34686310.7032 15520313.1440 9646446.6494 438.1588 0.1082 0.0039 0.0078 0.0132 0.0154 0.0164 0.0166 0.0170 0.0179 0.0187 0.0022 0.0186 0.1372 0.2786 0.3810 0.4352 0.4703 0.5138 0.5480 0.5643 0.5693 1.1640 0.1859 0.1072 0.0819 0.0740 0.0694 0.0660 0.0654 0.0646 0.0630 0.0615 0.1125  
17545 15 1.0559 1.1879 0.2438 0.2112 434170346.5091 1050259.9178 1664353948.8190 674223.9292 1295392178.2321 16004190255.5822 14269572079.2759 4358540134.0050 1516064151.8291 465944595.9512 388803009.3040 384404764.1081 374236269.7507 359704210.8454 918.4557 0.3851 0.0037 0.0008 0.0207 0.2031 0.6252 0.7119 0.7129 0.7125 0.7119 0.1902 0.0038 0.0342 0.0808 0.1147 0.1548 0.1707 0.1721 0.1731 0.1761 0.1804 1.6453 0.2842 0.1942 0.1561 0.1344 0.1276 0.1162 0.1139 0.1139 0.1138 0.1137 0.1761  
17545 29 1.1631 0.8696 0.0473 0.0917 20300039.1488 962554.6554 196834529.5490 119983.5972 672034.8605 98179728.3597 470854343.6964 683797930.7106 534167603.6103 352135776.8137 228670307.9937 159414360.1226 127282892.4887 115174251.7585 94.5170 3.3918 0.6979 0.2922 0.0518 0.0084 0.0098 0.0269 0.0626 0.1099 0.1437 0.2798 0.0008 0.0082 0.0282 0.0621 0.1093 0.1664 0.2317 0.3016 0.3756 0.4292 2.5550 0.2436 0.1120 0.0953 0.0811 0.0695 0.0604 0.0538 0.0486 0.0445 0.0423 0.0847  
17545 30 1.7162 2.0762 0.0033 0.0075 4036573.2100 1773182.1232 178670393.1491 36365.3880 2204853.9643 82561428.9872 132538430.8809 43149233.6780 19061652.8670 21749986.7810 22611906.8084 22667232.0475 22669264.1287 22669264.1287 14.4327 0.0058 0.0217 0.0775 0.0661 0.0088 0.0043 0.0035 0.0034 0.0034 0.0034 0.1250 0.0092 0.1152 0.3963 0.8329 1.2515 1.4225 1.4449 1.4461 1.4461 1.4461 1.4461 0.1812 0.1285 0.1026 0.0793 0.0592 0.0565 0.0563 0.0563 0.0563 0.0563 0.0937  
17545 35 0.9012 0.7867 0.2386 0.3194 11295857.6126 3178.3261 92428463.8817 10598.8522 1272076.1871 18625017.7240 45135314.5289 54979538.6671 39294519.4086 20658874.0431 13310388.3134 12000351.8574 11730740.6435 11509894.0187 0.0386 0.0358 1.1209 0.7274 0.1967 0.1912 0.1221 0.0369 0.0117 0.0092 0.0090 0.0100 0.0143 0.1168 0.2527 0.3549 0.4242 0.4826 0.5057 0.5111 0.5149 0.5194 1.4702 0.1320 0.1093 0.0819 0.0752 0.0726 0.0699 0.0669 0.0660 0.0658 0.0658 0.0598  
17545 36 0.8638 0.8633 0.0574 0.1050 77798552.1818 1377319.4730 256158696.2360 313721.5444 20388708799.4353 37021067353.5233 24688038489.8085 8991163583.8818 837577742.2743 209381676.4495 192312781.1330 192312781.1330 192288737.7952 192264694.4575 5079.5248 0.1014 0.1044 0.1287 0.1296 0.1316 0.1380 0.1388 0.1388 0.1388 0.1388 0.1294 0.0007 0.0052 0.0090 0.0171 0.0213 0.0216 0.0216 0.0216 0.0216 0.0216 1.4359 0.1945 0.1707 0.1339 0.1332 0.1256 0.1024 0.0999 0.0999 0.0999 0.0999 0.1337  
26305 4 1.7997 1.4260 0.0265 0.0330 15581455.4240 46712501.5752 980285792.0316 110508.5552 2372949.2418 97182834.1852 130140456.2614 72707529.9601 67887805.6615 67805775.7263 67805775.7263 67805775.7263 67805775.7263 67805775.7263 55.7538 0.1416 0.0365 0.0314 0.0283 0.0276 0.0276 0.0276 0.0276 0.0276 0.0276 0.0285 0.0416 0.5143 1.3000 1.5275 1.5374 1.5376 1.5376 1.5376 1.5376 1.5376 1.5376 0.1131 0.0793 0.0640 0.0571 0.0563 0.0563 0.0563 0.0563 0.0563 0.0563 0.0600  
26305 12 0.9932 0.9535 0.0050 0.0059 18606413.4009 207361.5729 4074390020.4441 1089196.5639 48860201.4151 2168739322.0563 6442627405.1820 3662887131.2481 819415697.4337 370587292.5717 209775924.9210 89917053.2238 33157512.6434 15762921.2499 62.4849 0.0880 0.0034 0.0043 0.0057 0.0063 0.0067 0.0068 0.0070 0.0076 0.0085 0.0042 0.0186 0.1372 0.2786 0.3810 0.4352 0.4703 0.5138 0.5480 0.5643 0.5693 1.1640 0.1461 0.0903 0.0784 0.0735 0.0696 0.0661 0.0657 0.0654 0.0645 0.0631 0.0977  
26305 15 1.0661 1.1921 0.1563 0.3510 458116731.5444 1778755.2594 1859316003.8239 711881.7214 1315578934.0572 21010490386.4248 20188796893.7952 6141349624.7569 1770034463.0900 142962952.1841 24403122.8364 23046745.8745 23220683.1070 23469275.2496 841.9343 0.2277 0.0017 0.0010 0.0134 0.1590 1.2539 2.6637 2.7053 2.6711 2.6211 0.1720 0.0038 0.0342 0.0808 0.1147 0.1548 0.1707 0.1721 0.1731 0.1761 0.1804 1.6453 0.2864 0.1905 0.1562 0.1350 0.1320 0.1239 0.1143 0.1138 0.1135 0.1132 0.1946  
26305 29 0.8109 0.8939 0.0205 0.0677 30875582.8895 1008140.8526 166132726.1817 139552.0324 212002.7000 21712910.8066 307470466.8809 603423426.6800 531540625.4710 353813121.8923 217675724.6684 139173407.3795 100393831.4695 84742045.2865 77.9087 4.9746 1.1808 0.2109 0.0311 0.0092 0.0156 0.0457 0.1107 0.2019 0.2690 0.1701 0.0008 0.0082 0.0282 0.0621 0.1093 0.1664 0.2317 0.3016 0.3756 0.4292 2.5550 0.3170 0.1098 0.0862 0.0785 0.0688 0.0606 0.0542 0.0490 0.0449 0.0426 0.0705  
26305 30 1.1944 1.0435 0.0044 0.0213 36347995.9227 3929473.6745 230780442.4041 62408.6991 1059052.6763 46922238.4731 124226567.5689 83416166.0799 38973192.4262 25604722.5137 24123167.7652 24050093.0548 24047994.1731 24047994.1731 14.2063 0.0154 0.1144 0.2867 0.2773 0.0516 0.0084 0.0068 0.0067 0.0067 0.0067 0.3280 0.0092 0.1152 0.3963 0.8329 1.2515 1.4225 1.4449 1.4461 1.4461 1.4461 1.4461 0.1820 0.1216 0.0929 0.0759 0.0622 0.0569 0.0563 0.0563 0.0563 0.0563 0.0884  
26305 35 0.8720 0.9257 0.2329 0.2804 9412936.6807 5080.4908 78889342.1894 9551.7603 1792661.2253 21959689.6936 35997622.6013 46712564.7629 34437606.3781 18580524.5128 12310540.5044 11187503.8141 10944564.4208 10739287.4952 0.0360 0.0250 0.8621 0.6276 0.1906 0.1819 0.1152 0.0355 0.0125 0.0102 0.0100 0.0112 0.0143 0.1168 0.2527 0.3549 0.4242 0.4826 0.5057 0.5111 0.5149 0.5194 1.4702 0.1336 0.1118 0.0818 0.0749 0.0725 0.0698 0.0668 0.0660 0.0658 0.0658 0.0598  
26305 36 0.8665 0.8877 0.0593 0.1031 161623138.0490 1314748.3802 234785445.8157 271005.1386 15187828852.7942 30551442295.4339 22808701905.5439 8294866224.5598 748646793.3085 167245498.4103 151448072.7281 151448072.7281 151429138.3799 151410204.0317 4696.2463 0.1016 0.1025 0.1351 0.1360 0.1366 0.1388 0.1390 0.1390 0.1390 0.1390 0.1360 0.0007 0.0052 0.0090 0.0171 0.0213 0.0216 0.0216 0.0216 0.0216 0.0216 1.4359 0.1945 0.1670 0.1340 0.1334 0.1268 0.1029 0.0999 0.0999 0.0999 0.0999 0.1338  
35065 4 1.1586 1.1268 0.0329 0.0323 33971172.0639 13288906.5468 1178051379.8443 198881.1634 1627665.6427 64479429.3099 113343550.1437 96135282.0839 94292695.3235 94260676.2126 94260676.2126 94260676.2126 94260676.2126 94260676.2126 74.4376 0.1677 0.0413 0.0338 0.0306 0.0302 0.0302 0.0302 0.0302 0.0302 0.0302 0.0306 0.0416 0.5143 1.3000 1.5275 1.5374 1.5376 1.5376 1.5376 1.5376 1.5376 1.5376 0.1131 0.0782 0.0621 0.0567 0.0563 0.0563 0.0563 0.0563 0.0563 0.0563 0.0579  
35065 12 0.9784 0.9500 0.0027 0.0028 11392551.3003 58876.8484 4327464682.8767 1081737.1112 5160250.3055 527862677.8368 4978523031.2709 4217634815.7994 1469932337.9059 874550804.7588 498525043.4308 208707483.9599 71464269.3838 29405033.5595 6.5191 0.1701 0.0028 0.0023 0.0026 0.0028 0.0029 0.0029 0.0030 0.0031 0.0034 0.0164 0.0186 0.1372 0.2786 0.3810 0.4352 0.4703 0.5138 0.5480 0.5643 0.5693 1.1640 0.1632 0.0818 0.0747 0.0726 0.0685 0.0660 0.0658 0.0657 0.0653 0.0645 0.0910  
35065 15 1.5907 1.0865 0.0092 0.0531 70453197.3879 2106537.0443 2366544424.6004 758905.9003 855331984.3345 20305634536.5045 23668157656.2034 9305135220.8934 2711876111.2318 186305468.2314 2281617.7800 215405.3266 599756.7017 1149050.1524 644.9375 0.0881 0.0010 0.0010 0.0020 0.0098 0.1501 2.6669 5.1605 3.9163 3.1529 0.0064 0.0038 0.0342 0.0808 0.1147 0.1548 0.1707 0.1721 0.1731 0.1761 0.1804 1.6453 0.2768 0.1836 0.1551 0.1349 0.1333 0.1329 0.1249 0.1097 0.1071 0.1054 0.2026  
35065 29 0.9392 0.9276 0.0106 0.0226 23227710.1335 1177826.0526 143231117.6485 113162.9152 222137.2933 12354879.3862 244104755.3881 528237819.4221 510014423.9093 349429711.7804 208656571.7239 123206763.2047 80353894.7744 63242451.1432 75.6473 5.2048 1.3899 0.0479 0.0126 0.0081 0.0143 0.0429 0.1055 0.1926 0.2579 0.0252 0.0008 0.0082 0.0282 0.0621 0.1093 0.1664 0.2317 0.3016 0.3756 0.4292 2.5550 0.3296 0.1186 0.0837 0.0773 0.0682 0.0607 0.0545 0.0495 0.0453 0.0430 0.0673  
35065 30 1.0315 1.0325 0.0042 0.0331 62381416.3642 1042572.9674 300145577.5891 74541.8006 1395941.6426 50722322.8898 92359162.8731 77924842.0879 55405802.3471 34442031.0132 31061668.8714 30871000.0034 30865045.4540 30865045.4540 14.0576 0.0272 0.2534 0.6757 0.3146 0.0675 0.0197 0.0143 0.0141 0.0140 0.0140 0.5954 0.0092 0.1152 0.3963 0.8329 1.2515 1.4225 1.4449 1.4461 1.4461 1.4461 1.4461 0.1821 0.1265 0.0939 0.0711 0.0622 0.0572 0.0563 0.0563 0.0563 0.0563 0.0827  
35065 35 0.8431 0.8767 0.2598 0.2966 9137839.6723 4785.6176 67747990.0790 8329.3532 1382996.5050 17088299.8288 27522108.7653 37150313.9786 28220097.7543 16125605.4734 11333656.5074 10464714.4567 10252761.9911 10061544.4418 0.0335 0.0250 0.8200 0.6213 0.2239 0.2140 0.1297 0.0388 0.0141 0.0117 0.0115 0.0127 0.0143 0.1168 0.2527 0.3549 0.4242 0.4826 0.5057 0.5111 0.5149 0.5194 1.4702 0.1324 0.1115 0.0816 0.0747 0.0724 0.0696 0.0667 0.0660 0.0658 0.0658 0.0598  
35065 36 0.9201 0.9654 0.0595 0.1032 148734469.1617 1159967.5412 209186884.0156 234833.7053 15109560610.1887 29338990396.9575 21120809607.0974 7666133549.8028 672638554.2290 133822119.1781 119181775.6682 119181775.6682 119166875.3185 119151974.9688 4348.3585 0.1024 0.1032 0.1340 0.1358 0.1365 0.1393 0.1397 0.1397 0.1397 0.1397 0.1358 0.0007 0.0052 0.0090 0.0171 0.0213 0.0216 0.0216 0.0216 0.0216 0.0216 1.4359 0.1945 0.1680 0.1340 0.1335 0.1277 0.1034 0.0999 0.0999 0.0999 0.0999 0.1338  
43825 4 1.0385 1.0298 0.0229 0.0224 22497209.9053 17898637.4276 1262487593.5065 230425.3937 730721.7353 34417363.1174 91998869.8250 106651568.1581 107233089.1863 107241960.1383 107241960.1383 107241960.1383 107241960.1383 107241960.1383 83.0051 0.1796 0.0291 0.0218 0.0205 0.0204 0.0204 0.0204 0.0204 0.0204 0.0204 0.0206 0.0416 0.5143 1.3000 1.5275 1.5374 1.5376 1.5376 1.5376 1.5376 1.5376 1.5376 0.1118 0.0770 0.0602 0.0565 0.0563 0.0563 0.0563 0.0563 0.0563 0.0563 0.0570  
43825 12 0.9715 0.9513 0.0024 0.0024 11223515.6822 48260.9966 4282544193.2100 1058354.8937 3509644.7067 266466875.1428 3720407359.1937 3724424958.2604 1856694463.6423 1260381784.0804 721249639.0793 300300398.9366 100959985.0250 39870739.7001 3.6033 0.2197 0.0040 0.0023 0.0024 0.0026 0.0027 0.0027 0.0027 0.0028 0.0030 0.0319 0.0186 0.1372 0.2786 0.3810 0.4352 0.4703 0.5138 0.5480 0.5643 0.5693 1.1640 0.1839 0.0777 0.0735 0.0717 0.0675 0.0660 0.0659 0.0658 0.0656 0.0650 0.0824  
43825 15 1.3217 1.0214 0.0015 0.0040 7175961.8671 1984717.6976 2857378177.0299 1207227.7222 469246521.2525 16350204927.4303 24462025627.8523 13282995959.7389 3944770663.2114 270949496.1266 3235348.6846 94685.4162 259679.4982 495479.7968 384.3529 0.1255 0.0011 0.0008 0.0010 0.0012 0.0050 0.3266 4.5347 2.4524 1.6806 0.0014 0.0038 0.0342 0.0808 0.1147 0.1548 0.1707 0.1721 0.1731 0.1761 0.1804 1.6453 0.2731 0.1783 0.1526 0.1343 0.1333 0.1333 0.1329 0.1026 0.1005 0.0999 0.2028  
43825 29 0.9374 0.9258 0.0118 0.0176 25829798.5910 1240055.4021 118768359.8481 106281.5286 158327.8389 9734061.4628 198111517.3108 463380169.5621 486465455.5315 339241666.2209 195085760.2049 104866226.7150 59628037.1289 42125451.6770 74.5702 5.3188 1.3843 0.0300 0.0109 0.0094 0.0191 0.0588 0.1479 0.2765 0.3776 0.0092 0.0008 0.0082 0.0282 0.0621 0.1093 0.1664 0.2317 0.3016 0.3756 0.4292 2.5550 0.3298 0.1200 0.0832 0.0763 0.0677 0.0607 0.0549 0.0500 0.0459 0.0434 0.0671  
43825 30 1.0592 1.0784 0.0082 0.0337 74508162.4336 519161.7814 348771603.5453 76889.1961 2148435.6095 67605102.1272 94634383.6823 64563803.2734 53451797.0024 42333227.6438 40298877.9539 40177663.8501 40173536.7109 40173536.7109 12.0032 0.0321 0.3353 0.8649 0.4049 0.0656 0.0205 0.0150 0.0147 0.0146 0.0146 0.8291 0.0092 0.1152 0.3963 0.8329 1.2515 1.4225 1.4449 1.4461 1.4461 1.4461 1.4461 0.1815 0.1282 0.0975 0.0711 0.0609 0.0570 0.0563 0.0563 0.0563 0.0563 0.0854  
43825 35 0.9403 0.8878 0.2254 0.3302 8327878.7400 4521.8738 62654905.3635 7022.4491 1195224.8560 16309182.7789 21488992.3638 28559142.4152 22326735.1564 13826076.3799 10452863.1095 9827423.4770 9644164.3439 9465067.0179 0.0311 0.0249 0.7754 0.6916 0.2570 0.2408 0.1369 0.0397 0.0156 0.0133 0.0130 0.0143 0.0143 0.1168 0.2527 0.3549 0.4242 0.4826 0.5057 0.5111 0.5149 0.5194 1.4702 0.1310 0.1118 0.0821 0.0747 0.0722 0.0692 0.0666 0.0659 0.0658 0.0658 0.0598  
43825 36 0.8317 0.8725 0.0599 0.1033 126289324.5924 1187143.0808 177496169.6801 216062.7708 11439063950.3494 23809700712.6248 18363856195.7352 6661425394.7462 575390417.2432 106489577.9968 93748930.4925 93748930.4925 93737209.8092 93725489.1259 3782.2846 0.1024 0.1033 0.1367 0.1374 0.1379 0.1398 0.1402 0.1402 0.1402 0.1402 0.1374 0.0007 0.0052 0.0090 0.0171 0.0213 0.0216 0.0216 0.0216 0.0216 0.0216 1.4359 0.1944 0.1652 0.1340 0.1335 0.1283 0.1038 0.0999 0.0999 0.0999 0.0999 0.1338  
52609 4 1.0324 1.0304 0.0201 0.0188 20916688.5975 16264269.6525 1312438622.3436 239302.6553 795319.1903 33872459.2076 93009433.4889 111741820.6738 112675468.7786 112690426.3287 112690426.3287 112690426.3287 112690426.3287 112690426.3287 87.0559 0.1830 0.0270 0.0187 0.0181 0.0180 0.0180 0.0180 0.0180 0.0180 0.0180 0.0181 0.0416 0.5143 1.3000 1.5275 1.5374 1.5376 1.5376 1.5376 1.5376 1.5376 1.5376 0.1127 0.0782 0.0597 0.0564 0.0563 0.0563 0.0563 0.0563 0.0563 0.0563 0.0569  
52609 12 0.9577 0.9525 0.0024 0.0024 11128827.3143 45598.1339 4165548262.7821 1028239.7934 3779468.3547 181418227.6925 2738572146.1278 3202077763.0090 2112316722.1813 1535597588.6022 880394961.5247 365702035.8749 121969455.3575 47276003.9747 3.6517 0.2093 0.0056 0.0023 0.0024 0.0026 0.0027 0.0027 0.0027 0.0027 0.0029 0.0339 0.0186 0.1372 0.2786 0.3810 0.4352 0.4703 0.5138 0.5480 0.5643 0.5693 1.1640 0.1859 0.0777 0.0731 0.0709 0.0669 0.0659 0.0659 0.0658 0.0656 0.0652 0.0835  
52609 15 1.1295 1.0364 0.0010 0.0019 7363321.8750 1816952.6404 3143487175.7040 1595557.9871 879366322.0119 15552345353.8298 23612745374.2546 16515174917.6281 4959399830.4236 340644100.6231 4063220.1296 65911.6639 130807.6027 223553.2563 548.1037 0.0731 0.0008 0.0006 0.0008 0.0010 0.0048 0.3319 6.7782 4.5005 3.2027 0.0013 0.0038 0.0342 0.0808 0.1147 0.1548 0.1707 0.1721 0.1731 0.1761 0.1804 1.6453 0.2771 0.1833 0.1492 0.1339 0.1333 0.1333 0.1331 0.1065 0.1025 0.1011 0.2028  
52609 29 0.9044 0.9195 0.0173 0.0259 25708801.4843 1179855.7114 95051653.6343 99629.3758 187140.4012 8073217.7390 164945153.9662 408783813.4726 454833276.1728 321881687.6686 177340071.3200 84144683.6051 39857708.3525 24338056.2081 70.8673 5.2507 1.6665 0.0501 0.0173 0.0126 0.0250 0.0796 0.2053 0.3823 0.5220 0.0118 0.0008 0.0082 0.0282 0.0621 0.1093 0.1664 0.2317 0.3016 0.3756 0.4292 2.5550 0.3291 0.1263 0.0830 0.0756 0.0673 0.0607 0.0553 0.0507 0.0467 0.0442 0.0671  
52609 30 1.1176 1.0823 0.0069 0.0310 76851064.4945 569474.8790 381739088.9313 81437.1965 2269917.3074 77570114.8270 114048372.3972 65830809.0355 53466896.7364 47006521.3312 45907113.3021 45842995.8691 45840924.0349 45840924.0349 14.1018 0.0354 0.3318 0.8097 0.4287 0.0593 0.0185 0.0147 0.0145 0.0145 0.0145 0.8518 0.0092 0.1152 0.3963 0.8329 1.2515 1.4225 1.4449 1.4461 1.4461 1.4461 1.4461 0.1808 0.1269 0.0985 0.0724 0.0604 0.0568 0.0563 0.0563 0.0563 0.0563 0.0877  
52609 35 0.9450 0.9724 0.1548 0.3934 7021519.6961 78560.3627 55087934.0239 6603.0088 1904677.0432 25890780.2064 19541953.2396 23020635.6472 18181869.8787 12095114.3041 9681129.3453 9221269.0733 9059691.0552 8891765.9586 0.0288 0.0237 0.7171 0.9477 0.2676 0.2406 0.1282 0.0366 0.0157 0.0138 0.0136 0.0146 0.0143 0.1168 0.2527 0.3549 0.4242 0.4826 0.5057 0.5111 0.5149 0.5194 1.4702 0.1307 0.1130 0.0842 0.0749 0.0719 0.0688 0.0665 0.0659 0.0658 0.0658 0.0598  
52609 36 0.8320 0.8904 0.0604 0.1038 103526953.9441 1121169.8553 146955723.7668 179701.1957 10190342144.5297 20357580801.7024 15091185938.6029 5471040249.2521 469473161.9554 84125556.4628 73655158.7444 73655158.7444 73645950.2257 73636741.7069 3107.6951 0.1029 0.1039 0.1373 0.1382 0.1387 0.1410 0.1414 0.1414 0.1414 0.1414 0.1382 0.0007 0.0052 0.0090 0.0171 0.0213 0.0216 0.0216 0.0216 0.0216 0.0216 1.4359 0.1944 0.1658 0.1340 0.1335 0.1286 0.1041 0.0999 0.0999 0.0999 0.0999 0.1338  
61369 4 1.0122 1.0137 0.0198 0.0184 21247470.5435 15903902.1669 1350859596.3449 247056.0703 582966.9183 28768778.2273 92436168.3716 114956342.1753 116104850.9161 116123194.5100 116123194.5100 116123194.5100 116123194.5100 116123194.5100 89.5364 0.1901 0.0279 0.0190 0.0177 0.0176 0.0176 0.0176 0.0176 0.0176 0.0176 0.0177 0.0416 0.5143 1.3000 1.5275 1.5374 1.5376 1.5376 1.5376 1.5376 1.5376 1.5376 0.1129 0.0772 0.0593 0.0564 0.0563 0.0563 0.0563 0.0563 0.0563 0.0563 0.0568  
61369 12 0.9549 0.9532 0.0025 0.0024 10994675.3260 44955.7441 4040991970.4076 984765.6025 3672456.1217 132313338.4844 1943915917.0328 2739470359.7895 2290743727.4798 1737554559.2718 997288545.7541 413701357.7396 137344019.6448 52652548.3240 3.7461 0.2214 0.0069 0.0023 0.0025 0.0026 0.0027 0.0027 0.0027 0.0027 0.0029 0.0322 0.0186 0.1372 0.2786 0.3810 0.4352 0.4703 0.5138 0.5480 0.5643 0.5693 1.1640 0.1861 0.0790 0.0729 0.0700 0.0665 0.0659 0.0659 0.0658 0.0657 0.0653 0.0851  
61369 15 1.0238 0.9866 0.0009 0.0017 7200643.4487 1853103.0426 3242785455.6649 1802107.9957 752688564.6720 13774384184.8877 22893909828.7725 17593437623.7069 5301111870.5380 364109928.1645 4334965.4599 47271.7544 72986.1858 109735.8258 485.2494 0.0735 0.0007 0.0005 0.0008 0.0010 0.0043 0.2927 7.9080 6.1179 4.7306 0.0014 0.0038 0.0342 0.0808 0.1147 0.1548 0.1707 0.1721 0.1731 0.1761 0.1804 1.6453 0.2752 0.1821 0.1476 0.1338 0.1333 0.1333 0.1331 0.1095 0.1051 0.1028 0.2028  
61369 29 0.8767 0.9149 0.0211 0.0288 23910289.8849 1052636.8194 74613938.9295 90108.3625 120607.9628 6557954.7343 136850743.7475 360861257.6419 423383895.4937 301255872.4512 156602362.3130 62927284.3653 23138957.1109 11602670.9904 67.0754 5.3352 1.5617 0.0479 0.0198 0.0157 0.0324 0.1034 0.2809 0.5390 0.7298 0.0131 0.0008 0.0082 0.0282 0.0621 0.1093 0.1664 0.2317 0.3016 0.3756 0.4292 2.5550 0.3283 0.1237 0.0827 0.0749 0.0670 0.0607 0.0558 0.0518 0.0478 0.0452 0.0671  
61369 30 1.1375 0.9410 0.0119 0.0352 81404744.1784 517853.2882 413185749.1795 91011.3078 1568670.7277 53996106.8151 74429685.3068 61129286.1706 59258456.4312 51057950.9162 49327922.7282 49220459.2778 49216583.9072 49216583.9072 9.1830 0.0458 0.4213 0.9836 0.4730 0.0688 0.0209 0.0167 0.0165 0.0165 0.0165 0.9738 0.0092 0.1152 0.3963 0.8329 1.2515 1.4225 1.4449 1.4461 1.4461 1.4461 1.4461 0.1793 0.1261 0.0966 0.0712 0.0602 0.0568 0.0563 0.0563 0.0563 0.0563 0.0857  
61369 35 0.9602 0.8615 0.1565 0.4648 6601950.7388 111918.1889 49718138.5971 6239.5812 1271774.7252 17421298.8849 14642921.7580 18083466.3227 14880854.8921 10612899.0079 8913654.6732 8578306.3715 8435770.1363 8279944.2075 0.0267 0.0306 0.9074 1.1435 0.3141 0.2760 0.1377 0.0387 0.0174 0.0155 0.0153 0.0164 0.0143 0.1168 0.2527 0.3549 0.4242 0.4826 0.5057 0.5111 0.5149 0.5194 1.4702 0.1305 0.1128 0.0841 0.0749 0.0717 0.0685 0.0664 0.0659 0.0658 0.0658 0.0598  
61369 36 0.8434 0.9131 0.0593 0.1026 81967430.6638 774778.2291 120144548.8915 149506.2419 10048812292.0256 18275641780.0543 12207593144.2450 4422168459.4209 378011199.3028 66427591.7035 57961457.8761 57961457.8761 57954211.4159 57946964.9558 2512.5195 0.1011 0.1022 0.1347 0.1359 0.1364 0.1393 0.1398 0.1398 0.1398 0.1398 0.1358 0.0007 0.0052 0.0090 0.0171 0.0213 0.0216 0.0216 0.0216 0.0216 0.0216 1.4359 0.1945 0.1684 0.1340 0.1335 0.1287 0.1042 0.0999 0.0999 0.0999 0.0999 0.1338  
70129 4 1.0489 1.0301 0.0181 0.0174 21024922.2327 15981335.9802 1400939736.0245 250069.6626 678703.2277 32681626.1889 99598409.4574 119299010.7732 120260030.3077 120275295.4260 120275295.4260 120275295.4260 120275295.4260 120275295.4260 92.8358 0.1901 0.0270 0.0178 0.0167 0.0167 0.0167 0.0167 0.0167 0.0167 0.0167 0.0168 0.0416 0.5143 1.3000 1.5275 1.5374 1.5376 1.5376 1.5376 1.5376 1.5376 1.5376 0.1143 0.0774 0.0596 0.0564 0.0563 0.0563 0.0563 0.0563 0.0563 0.0563 0.0568  
70129 12 0.9472 0.9534 0.0026 0.0025 10949934.9700 47013.9127 3855527647.0429 940344.3920 3212593.5022 98546942.0212 1435195177.2639 2403395854.4441 2338206398.5281 1812277477.3007 1040746425.8006 431445091.1963 142910879.4680 54487753.6702 3.5214 0.2169 0.0081 0.0024 0.0026 0.0027 0.0027 0.0027 0.0027 0.0028 0.0029 0.0321 0.0186 0.1372 0.2786 0.3810 0.4352 0.4703 0.5138 0.5480 0.5643 0.5693 1.1640 0.1855 0.0803 0.0726 0.0691 0.0663 0.0659 0.0659 0.0658 0.0657 0.0654 0.0856  
70129 15 1.0362 0.9809 0.0009 0.0016 7241819.6296 1703737.1434 3326307834.9347 1844923.9162 819190771.2792 11703441401.3231 21227896942.3249 19100910492.7792 5784370357.5816 397309063.9955 4735725.0932 50789.7572 60248.7958 73767.1451 492.5773 0.0669 0.0006 0.0005 0.0006 0.0008 0.0046 0.3270 8.6475 7.7005 6.6888 0.0016 0.0038 0.0342 0.0808 0.1147 0.1548 0.1707 0.1721 0.1731 0.1761 0.1804 1.6453 0.2758 0.1841 0.1455 0.1337 0.1333 0.1333 0.1331 0.1120 0.1089 0.1064 0.2028  
70129 29 0.8042 0.9135 0.0250 0.0301 20460346.0474 797126.6876 58791827.5268 78999.8991 47078.4089 5202727.1729 112680022.0738 319153077.5020 393428599.8279 278116457.9305 135022864.1886 44414428.6083 11238639.1924 4211276.1360 63.6813 5.5156 1.1349 0.0387 0.0211 0.0201 0.0408 0.1195 0.3453 0.7540 1.0493 0.0148 0.0008 0.0082 0.0282 0.0621 0.1093 0.1664 0.2317 0.3016 0.3756 0.4292 2.5550 0.3296 0.1128 0.0822 0.0742 0.0667 0.0609 0.0565 0.0532 0.0495 0.0467 0.0671  
70129 30 1.0108 0.9267 0.0205 0.0353 86711113.8348 58455.8135 432313442.4141 103528.8957 1522637.2629 39082900.2729 40348853.5875 38484718.5912 53649364.4470 55031138.2407 54753909.4221 54728283.1145 54727148.8408 54727148.8408 5.2839 0.0854 0.7994 1.5824 0.5597 0.0638 0.0230 0.0192 0.0190 0.0190 0.0190 1.5078 0.0092 0.1152 0.3963 0.8329 1.2515 1.4225 1.4449 1.4461 1.4461 1.4461 1.4461 0.1798 0.1285 0.1002 0.0691 0.0595 0.0567 0.0563 0.0563 0.0563 0.0563 0.0854  
70129 35 0.7712 0.9606 0.1867 0.5171 6238585.7826 93547.4502 44270673.3725 5991.4934 1746635.4371 23438605.6132 12679698.3278 14187763.0755 12017753.2186 9266570.8047 8168322.7073 7938292.8036 7813262.3588 7669560.3398 0.0247 0.0276 0.7349 1.2589 0.3648 0.3087 0.1445 0.0407 0.0197 0.0178 0.0176 0.0188 0.0143 0.1168 0.2527 0.3549 0.4242 0.4826 0.5057 0.5111 0.5149 0.5194 1.4702 0.1305 0.1135 0.0858 0.0750 0.0714 0.0682 0.0663 0.0659 0.0658 0.0658 0.0598  
70129 36 0.8482 0.8991 0.0586 0.0996 67213564.1339 725219.2792 100192103.2545 126089.6210 8976086266.0847 15827087015.6864 10164677639.9175 3679768769.5070 312355278.0388 52911646.9397 45862224.0091 45862224.0091 45856490.2199 45850756.4307 2091.6347 0.0977 0.0986 0.1298 0.1309 0.1314 0.1338 0.1343 0.1343 0.1343 0.1343 0.1309 0.0007 0.0052 0.0090 0.0171 0.0213 0.0216 0.0216 0.0216 0.0216 0.0216 1.4359 0.1945 0.1698 0.1340 0.1335 0.1289 0.1043 0.0998 0.0998 0.0998 0.0998 0.1338  
78889 4 1.0140 1.0135 0.0182 0.0171 21260274.3280 16130910.1145 1419545750.1879 262294.0106 520051.0140 28189049.3185 97538870.3365 122612916.3511 123948861.6043 123970464.0443 123970464.0443 123970464.0443 123970464.0443 123970464.0443 95.2849 0.2157 0.0264 0.0175 0.0167 0.0166 0.0166 0.0166 0.0166 0.0166 0.0166 0.0167 0.0416 0.5143 1.3000 1.5275 1.5374 1.5376 1.5376 1.5376 1.5376 1.5376 1.5376 0.1141 0.0766 0.0592 0.0564 0.0563 0.0563 0.0563 0.0563 0.0563 0.0563 0.0567  
78889 12 0.9513 0.9563 0.0027 0.0025 10882128.5961 63603.6258 3676854199.4235 890728.9000 7657771.5984 97977984.0098 1083964705.4827 2137953005.2679 2323010821.6363 1825160076.4948 1048500295.1410 434483505.4308 143716320.5647 54608902.3450 5.0913 0.1933 0.0124 0.0023 0.0027 0.0028 0.0028 0.0028 0.0028 0.0029 0.0030 0.0339 0.0186 0.1372 0.2786 0.3810 0.4352 0.4703 0.5138 0.5480 0.5643 0.5693 1.1640 0.1872 0.0873 0.0724 0.0685 0.0662 0.0659 0.0659 0.0659 0.0657 0.0655 0.0961  
78889 15 1.0059 0.9955 0.0008 0.0015 6750607.4135 1734913.6455 3362769918.6641 1911688.5108 1123671169.2220 11275255143.2795 20140530060.4164 19717124950.5348 5985320566.0808 411103034.9064 4890599.9361 40698.3295 44056.6294 48856.1416 565.0664 0.0709 0.0007 0.0005 0.0006 0.0008 0.0041 0.2917 8.8812 8.3946 7.7734 0.0012 0.0038 0.0342 0.0808 0.1147 0.1548 0.1707 0.1721 0.1731 0.1761 0.1804 1.6453 0.2777 0.1900 0.1436 0.1336 0.1333 0.1333 0.1331 0.1130 0.1112 0.1092 0.2028  
78889 29 0.7533 0.9176 0.0299 0.0364 15206691.2098 388772.7341 49449533.6068 63531.8642 46424.9555 3979960.8699 89192034.7617 278692856.6690 364478214.5071 256787257.6211 118992694.5672 33758647.3805 5635977.5966 1302992.1911 60.4587 5.5608 1.1327 0.0478 0.0279 0.0261 0.0449 0.1040 0.2928 0.8089 1.3647 0.0193 0.0008 0.0082 0.0282 0.0621 0.1093 0.1664 0.2317 0.3016 0.3756 0.4292 2.5550 0.3367 0.1143 0.0818 0.0734 0.0665 0.0611 0.0571 0.0548 0.0522 0.0495 0.0671  
78889 30 1.0225 0.9559 0.0191 0.0313 71247242.3588 50164.6303 428436805.1384 104649.2689 1484546.3609 36437337.9999 29773327.4776 22948900.2522 43911784.1883 55563355.9052 57191758.2756 57279978.1414 57282782.0337 57282782.0337 2.9621 0.0836 0.8008 1.7833 0.6784 0.0527 0.0214 0.0191 0.0189 0.0189 0.0189 1.9587 0.0092 0.1152 0.3963 0.8329 1.2515 1.4225 1.4449 1.4461 1.4461 1.4461 1.4461 0.1760 0.1308 0.1035 0.0686 0.0583 0.0565 0.0563 0.0563 0.0563 0.0563 0.0886  
78889 35 0.7143 0.9294 0.2227 0.5799 5990095.1678 89115.2758 38399687.3266 4620.3506 1797007.5488 25199871.3454 10548471.6486 10563963.7460 9346332.4645 7993921.2157 7449983.8516 7317288.3036 7208891.6361 7077009.0334 0.0228 0.0284 0.6638 1.3596 0.4541 0.3603 0.1562 0.0437 0.0222 0.0203 0.0201 0.0212 0.0143 0.1168 0.2527 0.3549 0.4242 0.4826 0.5057 0.5111 0.5149 0.5194 1.4702 0.1294 0.1133 0.0870 0.0751 0.0711 0.0679 0.0662 0.0659 0.0658 0.0658 0.0598  
78889 36 0.8238 0.8797 0.0578 0.0986 56222507.2616 697483.2749 83552730.6645 106944.6092 7472270555.9900 13182164462.9454 8471458309.0374 3065576552.0964 258449990.3762 42173875.1300 36297369.7607 36297369.7607 36292831.7892 36288293.8177 1743.2610 0.0973 0.0983 0.1299 0.1307 0.1312 0.1336 0.1341 0.1341 0.1341 0.1341 0.1307 0.0007 0.0052 0.0090 0.0171 0.0213 0.0216 0.0216 0.0216 0.0216 0.0216 1.4359 0.1945 0.1696 0.1340 0.1335 0.1291 0.1045 0.0998 0.0998 0.0998 0.0998 0.1338  
87673 4 0.9679 0.9785 0.0179 0.0167 17552279.5040 20611119.6111 1395545460.7979 265965.5082 243337.1170 16383796.0418 86243937.7202 121034817.0944 123031536.4900 123064023.8294 123064023.8294 123064023.8294 123064023.8294 123064023.8294 94.1772 0.2371 0.0272 0.0171 0.0162 0.0162 0.0162 0.0162 0.0162 0.0162 0.0162 0.0162 0.0416 0.5143 1.3000 1.5275 1.5374 1.5376 1.5376 1.5376 1.5376 1.5376 1.5376 0.1137 0.0740 0.0581 0.0563 0.0563 0.0563 0.0563 0.0563 0.0563 0.0563 0.0565  
87673 12 0.9488 0.9577 0.0028 0.0026 10927985.8369 68188.4653 3499064317.8670 847320.6382 9761519.9675 94080046.1486 818266732.0822 1920237271.0512 2284022383.2852 1812485904.9316 1041470689.5431 431438299.5855 142557944.6765 54028769.4824 5.8451 0.1800 0.0135 0.0024 0.0029 0.0030 0.0030 0.0030 0.0030 0.0030 0.0031 0.0296 0.0186 0.1372 0.2786 0.3810 0.4352 0.4703 0.5138 0.5480 0.5643 0.5693 1.1640 0.1853 0.0923 0.0722 0.0679 0.0661 0.0659 0.0659 0.0659 0.0657 0.0655 0.0993  
87673 15 1.0176 0.9862 0.0009 0.0014 6657316.2388 1618452.4208 3458575984.1505 1922958.5975 1006346743.8108 9644626700.4473 19150864638.1944 20899796726.6030 6361861248.0245 436967080.5016 5199444.7869 43380.2162 43875.7524 44583.9654 550.7269 0.0833 0.0007 0.0005 0.0006 0.0007 0.0038 0.2702 8.9950 8.7659 8.4443 0.0013 0.0038 0.0342 0.0808 0.1147 0.1548 0.1707 0.1721 0.1731 0.1761 0.1804 1.6453 0.2762 0.1925 0.1418 0.1335 0.1333 0.1333 0.1332 0.1135 0.1126 0.1114 0.2028  
87673 29 0.6756 0.9225 0.0305 0.0438 10153425.6271 337794.4015 43869738.3295 47860.2237 62204.5232 3123962.3257 71231835.5049 243939147.9655 334265587.6006 234677487.2838 106512072.6375 28830424.7853 4085675.6018 703566.9623 56.5891 5.5751 1.7291 0.0698 0.0326 0.0287 0.0453 0.0836 0.1963 0.6030 1.2862 0.0223 0.0008 0.0082 0.0282 0.0621 0.1093 0.1664 0.2317 0.3016 0.3756 0.4292 2.5550 0.3336 0.1266 0.0815 0.0725 0.0663 0.0612 0.0574 0.0557 0.0546 0.0531 0.0671  
87673 30 0.9758 0.9515 0.0169 0.0286 63514548.1990 50701.1051 411402392.0668 107005.2939 1526966.2114 32652651.6836 22106028.6359 16358598.2939 38325389.8100 53799373.7638 56299502.4914 56443832.3520 56448812.8674 56448812.8674 2.0794 0.0877 0.8503 1.9942 0.8132 0.0461 0.0202 0.0190 0.0189 0.0189 0.0189 2.3759 0.0092 0.1152 0.3963 0.8329 1.2515 1.4225 1.4449 1.4461 1.4461 1.4461 1.4461 0.1761 0.1323 0.1058 0.0689 0.0575 0.0564 0.0563 0.0563 0.0563 0.0563 0.0903  
87673 35 0.8342 0.9173 0.2109 0.5854 4618891.7991 120166.3748 32187107.4297 3300.4508 1871046.8449 23652978.7783 8864749.5425 8035066.1237 7412854.4808 6985365.6045 6808755.4690 6741460.0917 6646307.4466 6525158.8332 0.0210 0.0296 0.6397 1.4233 0.4491 0.3356 0.1346 0.0401 0.0232 0.0217 0.0215 0.0227 0.0143 0.1168 0.2527 0.3549 0.4242 0.4826 0.5057 0.5111 0.5149 0.5194 1.4702 0.1304 0.1135 0.0880 0.0752 0.0707 0.0675 0.0662 0.0659 0.0658 0.0658 0.0598  
87673 36 0.8497 0.9015 0.0583 0.0991 46988138.9640 646883.2130 71730319.3491 88104.7675 6572316355.9142 11417067457.2165 7187251385.7325 2599198328.7980 217200616.4566 33678712.2470 28692181.3419 28692181.3419 28688594.1867 28685007.0314 1478.8613 0.0981 0.0993 0.1305 0.1316 0.1321 0.1347 0.1353 0.1353 0.1353 0.1353 0.1316 0.0007 0.0052 0.0090 0.0171 0.0213 0.0216 0.0216 0.0216 0.0216 0.0216 1.4359 0.1945 0.1706 0.1340 0.1336 0.1293 0.1048 0.0998 0.0998 0.0998 0.0998 0.1338  
96433 4 1.0074 1.0053 0.0168 0.0157 15483809.7606 21988679.5120 1402031721.8792 257434.5922 425325.0156 24515225.2278 93572207.0169 120366891.5253 121751835.1937 121774057.9427 121774057.9427 121774057.9427 121774057.9427 121774057.9427 93.4498 0.2309 0.0260 0.0160 0.0152 0.0151 0.0151 0.0151 0.0151 0.0151 0.0151 0.0152 0.0416 0.5143 1.3000 1.5275 1.5374 1.5376 1.5376 1.5376 1.5376 1.5376 1.5376 0.1138 0.0768 0.0587 0.0564 0.0563 0.0563 0.0563 0.0563 0.0563 0.0563 0.0566  
96433 12 0.9405 0.9623 0.0030 0.0028 10903570.1169 87420.6963 3332530184.2689 803953.2860 18317264.7275 114539223.8166 626782157.0989 1742589999.9644 2226956565.3005 1780031035.1140 1022994936.9849 423684550.0280 139881606.6278 52908444.8925 8.1159 0.1469 0.0146 0.0026 0.0030 0.0031 0.0031 0.0031 0.0031 0.0032 0.0033 0.0242 0.0186 0.1372 0.2786 0.3810 0.4352 0.4703 0.5138 0.5480 0.5643 0.5693 1.1640 0.1860 0.0996 0.0719 0.0674 0.0660 0.0659 0.0659 0.0659 0.0658 0.0655 0.1056  
96433 15 1.0115 1.0214 0.0007 0.0012 5745921.7715 1618947.2939 3496086046.4707 1956785.8379 1267392688.3984 10707844306.0903 19131579045.2872 21244953968.0611 6469879366.0651 444375005.2769 5275510.5288 31639.5049 31408.9426 31079.4507 680.8421 0.1026 0.0008 0.0004 0.0005 0.0006 0.0032 0.2253 9.0734 8.9618 8.7969 0.0009 0.0038 0.0342 0.0808 0.1147 0.1548 0.1707 0.1721 0.1731 0.1761 0.1804 1.6453 0.2774 0.1983 0.1406 0.1335 0.1333 0.1333 0.1332 0.1137 0.1132 0.1126 0.2028  
96433 29 0.6212 0.9226 0.0349 0.0507 7705033.3540 313328.9773 39475218.5850 32335.9449 22997.8395 2269548.2376 55587339.6695 212668173.7835 305650556.5348 213954704.7495 95831006.1753 25610499.2356 3515767.2650 565299.3791 52.7593 5.7198 1.1264 0.0857 0.0419 0.0315 0.0449 0.0716 0.1364 0.3831 0.8912 0.0223 0.0008 0.0082 0.0282 0.0621 0.1093 0.1664 0.2317 0.3016 0.3756 0.4292 2.5550 0.3399 0.1133 0.0807 0.0718 0.0661 0.0613 0.0575 0.0559 0.0553 0.0546 0.0671  
96433 30 0.9578 0.9489 0.0156 0.0267 55205157.8896 52627.8859 390979899.8190 104420.5545 1393230.0802 28684576.9717 16388337.8591 13174208.3309 35531747.2018 51281607.7908 53826855.4769 53973726.3588 53978784.9607 53978784.9607 1.4313 0.0886 0.8771 2.1525 0.8128 0.0410 0.0198 0.0189 0.0189 0.0189 0.0189 2.6352 0.0092 0.1152 0.3963 0.8329 1.2515 1.4225 1.4449 1.4461 1.4461 1.4461 1.4461 0.1745 0.1335 0.1075 0.0679 0.0573 0.0564 0.0563 0.0563 0.0563 0.0563 0.0903  
96433 35 0.8311 0.8563 0.1990 0.5965 3299444.0281 193092.8371 27320833.6038 2753.2114 1339553.3843 15623441.0086 5961987.9069 6537089.2642 6523997.2587 6343621.3539 6259395.6043 6210683.2035 6124203.8496 6012736.5672 0.0194 0.0338 0.7396 1.6000 0.3921 0.2872 0.1086 0.0341 0.0213 0.0202 0.0200 0.0211 0.0143 0.1168 0.2527 0.3549 0.4242 0.4826 0.5057 0.5111 0.5149 0.5194 1.4702 0.1311 0.1136 0.0879 0.0749 0.0704 0.0673 0.0661 0.0659 0.0658 0.0658 0.0598  
96433 36 0.8709 0.9101 0.0584 0.0986 21218271.3144 500718.5858 63081533.3043 74863.5426 5740516188.6102 9982866359.5929 6293356573.9068 2274401058.7627 187833410.2346 27073025.6445 22704954.6776 22704954.6776 22702116.0577 22699277.4377 1294.9953 0.0975 0.0985 0.1293 0.1305 0.1310 0.1336 0.1342 0.1342 0.1342 0.1342 0.1305 0.0007 0.0052 0.0090 0.0171 0.0213 0.0216 0.0216 0.0216 0.0216 0.0216 1.4359 0.1945 0.1707 0.1340 0.1336 0.1297 0.1052 0.0998 0.0998 0.0998 0.0998 0.1338  
