8761 4 0.8161 0.7911 0.1707 0.2086 24263775.9624 22907306.5055 254882548.3558 28807.3262 603936.3800 30474318.0870 34552798.4512 12200678.3712 10542214.9409 10514293.8685 10514293.8685 10514293.8685 10514293.8685 10514293.8685 9.6213 0.5013 0.2668 0.2439 0.2255 0.2193 0.2192 0.2192 0.2192 0.2192 0.2192 0.2274 0.0416 0.5143 1.3000 1.5275 1.5374 1.5376 1.5376 1.5376 1.5376 1.5376 1.5376 0.1119 0.0801 0.0662 0.0578 0.0563 0.0563 0.0563 0.0563 0.0563 0.0563 0.0643  
8761 12 1.6205 0.6925 0.0175 0.0303 16527620.6611 4262835.1218 1252615686.7539 42788.6365 713264456.0426 4141719224.4371 1590614756.4281 329372911.6081 92639026.5264 55612984.0981 34453838.3298 18216482.1741 10526687.7755 8169740.4985 289.4010 0.5725 0.0184 0.0266 0.0416 0.0466 0.0478 0.0485 0.0503 0.0528 0.0544 0.0132 0.0186 0.1372 0.2786 0.3810 0.4352 0.4703 0.5138 0.5480 0.5643 0.5693 1.1640 0.1871 0.1134 0.0853 0.0730 0.0673 0.0657 0.0651 0.0639 0.0620 0.0608 0.1150  
8761 15 0.7515 0.6272 0.1997 0.1808 589139177.2987 2827269.0675 1678644067.1695 451312.5843 1176737690.5709 12566895274.5361 7782773721.3182 3341074885.9802 1596840515.1321 933640813.0072 883881828.3545 875216169.6094 851611326.1694 817877024.3933 1358.2122 1.0903 0.0101 0.0050 0.0400 0.2503 0.4579 0.4808 0.4814 0.4823 0.4837 0.2110 0.0038 0.0342 0.0808 0.1147 0.1548 0.1707 0.1721 0.1731 0.1761 0.1804 1.6453 0.2758 0.2020 0.1544 0.1329 0.1232 0.1148 0.1139 0.1139 0.1138 0.1137 0.1637  
8761 29 0.7075 0.6459 0.0555 0.1139 72098972.3183 205187338.2424 218337291.5591 90548.3077 2135268.4392 289132015.1231 799293775.7406 770810610.2485 509730711.4773 337161937.2407 234097412.1877 174351491.7931 147614842.7708 138480234.0434 137.8666 5.0339 1.3568 0.2722 0.0679 0.0435 0.0909 0.2718 0.4922 0.6147 0.6578 0.1557 0.0008 0.0082 0.0282 0.0621 0.1093 0.1664 0.2317 0.3016 0.3756 0.4292 2.5550 0.1780 0.1184 0.1028 0.0842 0.0697 0.0597 0.0529 0.0479 0.0442 0.0422 0.0965  
8761 30 0.1291 0.8864 0.0184 0.0384 21660232.7208 30863.3484 166334142.3590 4038.0780 21.5568 4600.7548 1261924.6474 11429452.3416 20922878.2444 21126399.9859 20775883.4906 20747526.1822 20746250.1117 20746250.1117 0.5643 1.1852 3.4970 0.8735 0.2112 0.0662 0.0314 0.0253 0.0249 0.0249 0.0249 0.2893 0.0092 0.1152 0.3963 0.8329 1.2515 1.4225 1.4449 1.4461 1.4461 1.4461 1.4461 0.1304 0.0875 0.0688 0.0639 0.0596 0.0568 0.0563 0.0563 0.0563 0.0563 0.0663  
8761 35 1.0537 0.4793 0.3014 0.5775 12265957.4435 2190470.0169 104614028.3509 13229.2697 5516773.6902 58544898.0970 61976497.1061 66115236.4697 45468364.9033 23131638.2363 14353060.7723 12796730.1738 12495823.5728 12259647.8474 0.0414 0.0677 1.5727 1.8321 0.2510 0.1893 0.1337 0.0672 0.0477 0.0458 0.0457 0.0520 0.0143 0.1168 0.2527 0.3549 0.4242 0.4826 0.5057 0.5111 0.5149 0.5194 1.4702 0.1360 0.1137 0.0843 0.0757 0.0726 0.0699 0.0669 0.0660 0.0658 0.0658 0.0598  
8761 36 0.4487 0.5397 0.0475 0.1078 169367333.6105 2807650.2054 271732303.3475 79156.1175 31906967192.7639 47939692292.0278 23781657890.3269 8681369094.7605 861690594.6371 259220546.7311 242850670.3147 242850670.3147 242820308.6266 242789946.9384 4882.2946 1.3417 0.1437 0.1462 0.1464 0.1480 0.1519 0.1522 0.1522 0.1522 0.1522 0.1463 0.0007 0.0052 0.0090 0.0171 0.0213 0.0216 0.0216 0.0216 0.0216 0.0216 1.4359 0.1898 0.1723 0.1293 0.1282 0.1192 0.0980 0.0960 0.0960 0.0960 0.0960 0.1289  
17545 4 6.3306 2.1621 0.0519 0.0582 16922023.3040 4938670.9368 615087066.6816 16024.9565 1770840.8699 90017565.3357 101069463.8221 37293695.1340 32388942.1742 32306111.8215 32306111.8215 32306111.8215 32306111.8215 32306111.8215 29.0569 0.1824 0.0487 0.0413 0.0375 0.0366 0.0366 0.0366 0.0366 0.0366 0.0366 0.0378 0.0416 0.5143 1.3000 1.5275 1.5374 1.5376 1.5376 1.5376 1.5376 1.5376 1.5376 0.1121 0.0801 0.0657 0.0576 0.0563 0.0563 0.0563 0.0563 0.0563 0.0563 0.0636  
17545 12 1.5555 1.6481 0.0090 0.0130 18095392.4493 205248.2609 2904357916.4999 677609.9878 1079429441.2166 6511953288.9448 4580778593.9502 1574125559.4473 293756924.6010 117214902.7597 67709261.3233 31613729.8413 14520167.8319 9281410.8356 438.9537 0.1088 0.0041 0.0080 0.0137 0.0159 0.0170 0.0172 0.0177 0.0186 0.0194 0.0024 0.0186 0.1372 0.2786 0.3810 0.4352 0.4703 0.5138 0.5480 0.5643 0.5693 1.1640 0.1878 0.1061 0.0821 0.0741 0.0695 0.0660 0.0654 0.0645 0.0628 0.0614 0.1104  
17545 15 1.1383 1.2704 0.2188 0.1933 421697896.1497 1042784.2899 1757407781.1359 634508.5876 2286428048.7279 19612472816.0149 12249626527.0926 5347804574.8276 1849286359.9868 498619854.3137 399555598.7211 394778282.1083 384266840.8574 369244666.4368 1532.3442 0.1523 0.0015 0.0011 0.0177 0.1718 0.5849 0.6827 0.6840 0.6837 0.6833 0.1388 0.0038 0.0342 0.0808 0.1147 0.1548 0.1707 0.1721 0.1731 0.1761 0.1804 1.6453 0.2858 0.2023 0.1544 0.1339 0.1283 0.1166 0.1139 0.1139 0.1138 0.1137 0.1818  
17545 29 1.2532 0.8717 0.0450 0.0874 19895035.7191 940552.2786 195635877.6519 120371.9837 522388.7357 69425816.6743 499101588.1237 751693753.0575 511895833.2531 333661818.9246 226767898.6637 160043007.0413 127815593.3355 115745459.7048 73.5964 4.1892 0.8453 0.2785 0.0483 0.0087 0.0099 0.0265 0.0611 0.1073 0.1403 0.3249 0.0008 0.0082 0.0282 0.0621 0.1093 0.1664 0.2317 0.3016 0.3756 0.4292 2.5550 0.2827 0.1111 0.0925 0.0815 0.0703 0.0602 0.0536 0.0486 0.0445 0.0423 0.0828  
17545 30 2.2356 2.4536 0.0032 0.0075 4023711.3807 1932606.4507 187331936.3005 36251.2793 3225487.0325 111602884.2232 178930543.2316 68567442.7571 22121139.0397 21813433.2672 22540370.0032 22591883.5602 22593787.4522 22593787.4522 16.0144 0.0047 0.0154 0.0557 0.0576 0.0089 0.0041 0.0034 0.0033 0.0033 0.0033 0.0921 0.0092 0.1152 0.3963 0.8329 1.2515 1.4225 1.4449 1.4461 1.4461 1.4461 1.4461 0.1795 0.1294 0.1018 0.0803 0.0601 0.0565 0.0563 0.0563 0.0563 0.0563 0.0937  
17545 35 0.9430 0.7810 0.2197 0.3075 10878513.5919 3505.4912 95469505.6671 10417.0680 863764.0712 11402344.9349 37314649.5815 57026589.1283 42750864.5530 21759016.9564 13435543.5414 11960504.9250 11677380.8858 11456330.6189 0.0386 0.0426 1.2461 0.7036 0.1834 0.1799 0.1182 0.0368 0.0113 0.0087 0.0085 0.0095 0.0143 0.1168 0.2527 0.3549 0.4242 0.4826 0.5057 0.5111 0.5149 0.5194 1.4702 0.1351 0.1083 0.0808 0.0747 0.0726 0.0701 0.0670 0.0660 0.0659 0.0658 0.0598  
17545 36 0.8763 0.9127 0.0630 0.1068 79146887.2121 1409682.4622 249191264.2997 303856.8896 25485293679.5247 41247110243.3473 23385585074.4154 8514337011.5848 801682342.7675 207457984.1392 191312145.4059 191312145.4059 191288227.1697 191264308.9335 4806.5691 0.1015 0.1065 0.1332 0.1348 0.1357 0.1384 0.1387 0.1387 0.1387 0.1387 0.1347 0.0007 0.0052 0.0090 0.0171 0.0213 0.0216 0.0216 0.0216 0.0216 0.0216 1.4359 0.1945 0.1739 0.1340 0.1332 0.1254 0.1024 0.0999 0.0999 0.0999 0.0999 0.1337  
26305 4 1.9444 1.4684 0.0269 0.0337 15762846.1835 47353162.8244 996452686.0662 101447.6412 2245998.6302 111666075.2714 144102893.0376 72962875.1240 67274172.7630 67177681.2296 67177681.2296 67177681.2296 67177681.2296 67177681.2296 56.6798 0.1564 0.0362 0.0320 0.0292 0.0285 0.0285 0.0285 0.0285 0.0285 0.0285 0.0290 0.0416 0.5143 1.3000 1.5275 1.5374 1.5376 1.5376 1.5376 1.5376 1.5376 1.5376 0.1129 0.0789 0.0643 0.0571 0.0563 0.0563 0.0563 0.0563 0.0563 0.0563 0.0608  
26305 12 0.9966 0.9571 0.0052 0.0060 18132055.2183 194823.7753 3805755933.4982 1053999.8327 55650530.5852 2560332759.9950 6185714333.6024 3157817706.2993 750000737.5229 362148182.6046 205821943.4391 88283713.1984 32623109.8240 15565294.1209 79.1495 0.1123 0.0035 0.0044 0.0059 0.0065 0.0070 0.0071 0.0073 0.0080 0.0089 0.0035 0.0186 0.1372 0.2786 0.3810 0.4352 0.4703 0.5138 0.5480 0.5643 0.5693 1.1640 0.1523 0.0906 0.0788 0.0735 0.0695 0.0661 0.0657 0.0654 0.0644 0.0630 0.0969  
26305 15 1.1430 1.0955 0.1341 0.3269 476846219.1038 1803943.9975 1887521545.9989 722263.1648 1054930053.9015 20392262326.2200 18601352831.3491 7058924222.6928 2068394240.9621 162499650.9276 23622070.4889 22029027.4165 22220428.5763 22493978.7022 992.7845 0.1480 0.0012 0.0010 0.0117 0.1370 1.1799 2.7313 2.7850 2.7495 2.6974 0.1312 0.0038 0.0342 0.0808 0.1147 0.1548 0.1707 0.1721 0.1731 0.1761 0.1804 1.6453 0.2736 0.1915 0.1548 0.1345 0.1323 0.1247 0.1144 0.1138 0.1135 0.1132 0.1973  
26305 29 0.7209 0.9079 0.0154 0.0401 32816043.2642 931039.7385 163318320.3499 150850.4703 177145.1172 23092869.3767 388726299.6836 672413378.4164 482915358.6067 327479383.3210 217716010.9063 140237321.0508 99742981.4625 83688762.1257 58.0264 5.2286 0.7291 0.1045 0.0207 0.0098 0.0176 0.0489 0.1167 0.2146 0.2868 0.1238 0.0008 0.0082 0.0282 0.0621 0.1093 0.1664 0.2317 0.3016 0.3756 0.4292 2.5550 0.3357 0.1042 0.0852 0.0802 0.0701 0.0601 0.0539 0.0490 0.0449 0.0426 0.0695  
26305 30 1.2431 1.0810 0.0039 0.0229 36233787.5613 5593977.5793 275210690.7206 81044.5292 1588656.2559 64076543.3015 164544039.8266 141304128.0130 60323251.2461 27834817.8029 23993254.8097 23800701.5141 23794989.5375 23794989.5375 17.6896 0.0128 0.0660 0.1543 0.1928 0.0559 0.0089 0.0069 0.0068 0.0068 0.0068 0.1719 0.0092 0.1152 0.3963 0.8329 1.2515 1.4225 1.4449 1.4461 1.4461 1.4461 1.4461 0.1789 0.1227 0.0911 0.0749 0.0640 0.0572 0.0563 0.0563 0.0563 0.0563 0.0872  
26305 35 0.8311 0.9446 0.2648 0.3349 9828529.0652 5357.5028 76718224.7553 9822.8578 1973127.9510 18978627.1111 31006555.6294 48685853.9013 37216790.6575 19459786.3030 12408369.0316 11153125.3342 10899410.6662 10694040.5274 0.0360 0.0333 1.1053 0.8472 0.1959 0.1821 0.1189 0.0373 0.0125 0.0101 0.0098 0.0110 0.0143 0.1168 0.2527 0.3549 0.4242 0.4826 0.5057 0.5111 0.5149 0.5194 1.4702 0.1370 0.1132 0.0815 0.0745 0.0726 0.0700 0.0669 0.0660 0.0658 0.0658 0.0598  
26305 36 0.8991 0.8834 0.0608 0.1040 152802602.2045 1253283.7630 217924767.2132 266263.1468 19611951470.6753 33967731609.9407 21303551455.9506 7745954919.8106 707526486.0727 165248138.5925 150513735.5960 150513735.5960 150494918.0606 150476100.5252 4381.9417 0.1023 0.1030 0.1359 0.1369 0.1376 0.1397 0.1400 0.1400 0.1400 0.1400 0.1369 0.0007 0.0052 0.0090 0.0171 0.0213 0.0216 0.0216 0.0216 0.0216 0.0216 1.4359 0.1945 0.1713 0.1341 0.1334 0.1265 0.1028 0.0999 0.0999 0.0999 0.0999 0.1338  
35065 4 1.1794 1.1158 0.0345 0.0335 36673406.7367 13663868.0869 1204158624.1708 197256.8504 1219520.8012 67275326.0372 120745880.3158 97612394.7904 95317593.0575 95277885.8561 95277885.8561 95277885.8561 95277885.8561 95277885.8561 75.5804 0.1787 0.0420 0.0351 0.0319 0.0317 0.0317 0.0317 0.0317 0.0317 0.0317 0.0320 0.0416 0.5143 1.3000 1.5275 1.5374 1.5376 1.5376 1.5376 1.5376 1.5376 1.5376 0.1121 0.0770 0.0622 0.0567 0.0563 0.0563 0.0563 0.0563 0.0563 0.0563 0.0581  
35065 12 0.9704 0.9518 0.0029 0.0030 11432737.9009 70304.6894 4143286728.6309 1050460.1429 9978373.8924 750433106.0219 4940249447.5508 3914022077.0307 1347048788.1918 798785306.8418 455467503.4811 190956499.8985 65697171.5009 27310463.9325 10.4198 0.1897 0.0028 0.0024 0.0028 0.0030 0.0032 0.0032 0.0032 0.0034 0.0038 0.0131 0.0186 0.1372 0.2786 0.3810 0.4352 0.4703 0.5138 0.5480 0.5643 0.5693 1.1640 0.1733 0.0834 0.0756 0.0726 0.0684 0.0660 0.0658 0.0657 0.0652 0.0644 0.0931  
35065 15 1.3917 1.1028 0.0087 0.0479 68387163.3736 1986520.3215 2175323221.1566 825541.0151 1121206028.7838 22746270982.1377 21465142795.2945 8766016450.4329 2562497598.8429 176055887.6981 2170524.8286 223569.1055 602602.0777 1144294.7703 1084.7897 0.1578 0.0011 0.0009 0.0017 0.0087 0.1341 2.6955 5.3379 4.0422 3.2370 0.0050 0.0038 0.0342 0.0808 0.1147 0.1548 0.1707 0.1721 0.1731 0.1761 0.1804 1.6453 0.2741 0.1880 0.1544 0.1346 0.1333 0.1330 0.1252 0.1098 0.1071 0.1054 0.2026  
35065 29 0.9384 0.9302 0.0094 0.0168 21396920.2319 1086905.7048 141400809.8440 108740.7232 323107.2285 17035003.2095 328611789.2077 593604579.8603 457203692.5394 321837485.0646 208889495.7135 124866525.2984 80835172.0172 63681381.1400 55.8636 5.2375 1.1228 0.0290 0.0117 0.0084 0.0143 0.0402 0.0971 0.1773 0.2369 0.0227 0.0008 0.0082 0.0282 0.0621 0.1093 0.1664 0.2317 0.3016 0.3756 0.4292 2.5550 0.3417 0.1169 0.0840 0.0796 0.0695 0.0599 0.0542 0.0495 0.0453 0.0430 0.0672  
35065 30 1.0618 1.1691 0.0045 0.0326 81008979.4227 1231061.3360 400293153.6985 100743.5729 3565554.4631 112565186.7662 168355613.5666 130250765.5002 86079590.3372 44794014.6963 37399742.3447 36958606.6227 36942978.0009 36942978.0009 21.0039 0.0216 0.2033 0.5398 0.2396 0.0618 0.0230 0.0149 0.0144 0.0144 0.0144 0.5037 0.0092 0.1152 0.3963 0.8329 1.2515 1.4225 1.4449 1.4461 1.4461 1.4461 1.4461 0.1783 0.1286 0.0953 0.0710 0.0626 0.0577 0.0564 0.0563 0.0563 0.0563 0.0841  
35065 35 0.9963 0.8356 0.2469 0.2829 8728438.2867 4541.7565 66673529.3013 8163.6765 567934.7875 6524193.7963 21123237.3303 38738846.6042 30868493.8765 16933637.4810 11380884.6460 10383596.5169 10162106.0509 9972044.0192 0.0335 0.0437 1.1720 0.5912 0.2072 0.1995 0.1250 0.0386 0.0137 0.0113 0.0111 0.0124 0.0143 0.1168 0.2527 0.3549 0.4242 0.4826 0.5057 0.5111 0.5149 0.5194 1.4702 0.1350 0.1102 0.0798 0.0742 0.0725 0.0698 0.0668 0.0660 0.0658 0.0658 0.0598  
35065 36 0.8304 0.8725 0.0603 0.1029 134180820.6555 1072480.4214 187760988.7710 239400.6208 15054440961.7828 27587532061.6562 18601156442.1210 6757897082.4181 605410611.5176 131389992.9858 118510238.4205 118510238.4205 118495422.0278 118480605.6351 3827.9659 0.1018 0.1026 0.1356 0.1365 0.1370 0.1389 0.1392 0.1392 0.1392 0.1392 0.1364 0.0007 0.0052 0.0090 0.0171 0.0213 0.0216 0.0216 0.0216 0.0216 0.0216 1.4359 0.1945 0.1691 0.1340 0.1334 0.1272 0.1031 0.0999 0.0999 0.0999 0.0999 0.1338  
43825 4 1.0580 1.0389 0.0230 0.0225 22727188.6942 18046721.3419 1300029328.5705 232634.9820 618039.5649 39956497.6258 104115128.4937 109162688.6086 108817610.1613 108810379.2313 108810379.2313 108810379.2313 108810379.2313 108810379.2313 84.4991 0.1766 0.0285 0.0220 0.0202 0.0200 0.0200 0.0200 0.0200 0.0200 0.0200 0.0201 0.0416 0.5143 1.3000 1.5275 1.5374 1.5376 1.5376 1.5376 1.5376 1.5376 1.5376 0.1116 0.0762 0.0605 0.0565 0.0563 0.0563 0.0563 0.0563 0.0563 0.0563 0.0572  
43825 12 0.9703 0.9518 0.0025 0.0025 11136333.4634 46584.8285 4179723275.2797 1019376.1373 4023395.1999 278025867.0573 3593189374.5788 3596018851.9877 1809075300.5383 1231417212.2156 704796455.9145 293514471.0612 98751973.5958 39065656.3742 4.4643 0.2213 0.0037 0.0023 0.0025 0.0027 0.0028 0.0028 0.0028 0.0029 0.0031 0.0226 0.0186 0.1372 0.2786 0.3810 0.4352 0.4703 0.5138 0.5480 0.5643 0.5693 1.1640 0.1813 0.0796 0.0737 0.0717 0.0674 0.0660 0.0659 0.0658 0.0655 0.0650 0.0857  
43825 15 1.1838 1.0084 0.0021 0.0050 9195472.7508 1996152.7758 2352726012.8769 1148916.6458 1043977108.9922 20817149082.2127 22366510579.0907 10114620967.7707 2975114688.8549 204376618.9270 2472840.4007 115607.1109 273327.1320 498731.7623 865.4262 0.1476 0.0010 0.0008 0.0011 0.0015 0.0095 0.6569 5.6849 3.3724 2.3127 0.0013 0.0038 0.0342 0.0808 0.1147 0.1548 0.1707 0.1721 0.1731 0.1761 0.1804 1.6453 0.2718 0.1838 0.1537 0.1345 0.1333 0.1333 0.1327 0.1044 0.1013 0.1003 0.2028  
43825 29 0.9281 0.9249 0.0116 0.0165 26106756.7697 1275507.3965 116284716.4705 102045.2605 233742.2022 14371303.2161 280106994.8489 524364779.0404 431827362.2602 312194229.0809 195317907.1933 105426512.5776 59125377.7965 41934929.4971 54.4557 5.3244 1.1060 0.0240 0.0112 0.0102 0.0205 0.0593 0.1481 0.2804 0.3826 0.0106 0.0008 0.0082 0.0282 0.0621 0.1093 0.1664 0.2317 0.3016 0.3756 0.4292 2.5550 0.3408 0.1160 0.0839 0.0791 0.0689 0.0599 0.0546 0.0501 0.0459 0.0434 0.0671  
43825 30 1.1101 0.8598 0.0250 0.0399 99524493.7515 57208.7197 489263015.0571 106965.6055 1687400.5448 43252363.6820 66900963.7579 89838731.3147 84124739.2080 59028707.5654 53824819.5914 53501034.2545 53488975.9559 53488975.9559 9.3598 0.0444 0.5405 1.0445 0.3916 0.0748 0.0270 0.0195 0.0190 0.0189 0.0189 0.9117 0.0092 0.1152 0.3963 0.8329 1.2515 1.4225 1.4449 1.4461 1.4461 1.4461 1.4461 0.1770 0.1244 0.0927 0.0698 0.0612 0.0572 0.0563 0.0563 0.0563 0.0563 0.0844  
43825 35 1.0485 0.8925 0.1375 0.3522 8162694.8089 45722.5396 59495631.4846 8133.2088 797208.2808 8144554.2817 15773931.7171 30268551.1614 24907250.7027 14533658.5295 10389445.9437 9634838.1991 9444109.8786 9269052.0005 0.0311 0.0359 1.1391 0.8169 0.2403 0.2278 0.1354 0.0403 0.0152 0.0128 0.0125 0.0136 0.0143 0.1168 0.2527 0.3549 0.4242 0.4826 0.5057 0.5111 0.5149 0.5194 1.4702 0.1360 0.1131 0.0803 0.0741 0.0723 0.0695 0.0667 0.0660 0.0658 0.0658 0.0598  
43825 36 0.8453 0.8919 0.0603 0.1033 109071764.4459 1032610.2074 160724215.4803 198808.2722 12546023823.2485 23360265313.1413 16049972946.8449 5825871078.7826 513650820.2557 104368825.6264 93248101.8402 93248101.8402 93236443.7715 93224785.7029 3303.4912 0.1025 0.1034 0.1359 0.1370 0.1375 0.1396 0.1399 0.1399 0.1399 0.1399 0.1369 0.0007 0.0052 0.0090 0.0171 0.0213 0.0216 0.0216 0.0216 0.0216 0.0216 1.4359 0.1945 0.1685 0.1340 0.1335 0.1277 0.1034 0.0999 0.0999 0.0999 0.0999 0.1338  
52609 4 1.0402 1.0290 0.0196 0.0184 21291015.8194 15974614.8024 1350365697.9466 246138.0974 528012.7382 35343772.2004 101782672.6111 114973204.2284 115301543.9309 115305779.7777 115305779.7777 115305779.7777 115305779.7777 115305779.7777 89.2993 0.1683 0.0245 0.0182 0.0177 0.0176 0.0176 0.0176 0.0176 0.0176 0.0176 0.0177 0.0416 0.5143 1.3000 1.5275 1.5374 1.5376 1.5376 1.5376 1.5376 1.5376 1.5376 0.1114 0.0765 0.0598 0.0564 0.0563 0.0563 0.0563 0.0563 0.0563 0.0563 0.0570  
52609 12 0.9663 0.9516 0.0025 0.0024 11124217.2318 33609.0435 4120012630.4486 989092.5835 1448659.0647 151604244.4182 2438183326.0064 3021151986.1525 2164930186.3259 1599545926.2701 917504377.2505 380991770.3869 126926509.9950 49066552.5023 2.7596 0.2452 0.0040 0.0023 0.0025 0.0027 0.0027 0.0027 0.0027 0.0028 0.0029 0.0219 0.0186 0.1372 0.2786 0.3810 0.4352 0.4703 0.5138 0.5480 0.5643 0.5693 1.1640 0.1810 0.0765 0.0731 0.0707 0.0668 0.0659 0.0659 0.0658 0.0657 0.0652 0.0753  
52609 15 1.0402 0.9802 0.0013 0.0029 8146602.3989 1772944.9105 2441447768.1277 1360042.4992 690767377.6295 18525857422.9550 21647434990.3853 11420410226.6582 3387671487.8180 232700098.7442 2790190.4971 66260.9268 129689.1125 220337.1360 771.4117 0.1433 0.0009 0.0007 0.0010 0.0013 0.0082 0.5720 7.1623 4.9495 3.5718 0.0013 0.0038 0.0342 0.0808 0.1147 0.1548 0.1707 0.1721 0.1731 0.1761 0.1804 1.6453 0.2657 0.1818 0.1524 0.1343 0.1333 0.1333 0.1329 0.1074 0.1031 0.1014 0.2028  
52609 29 0.9161 0.9209 0.0148 0.0196 25463069.6870 1226791.5471 92926547.4089 94710.6410 227656.5013 12274747.4701 239878219.0463 464137414.8309 404966517.2599 298725825.2204 178677286.3497 84709195.9026 39172051.0611 23990223.3195 52.2858 5.3377 1.1439 0.0283 0.0122 0.0122 0.0264 0.0779 0.2002 0.3837 0.5269 0.0147 0.0008 0.0082 0.0282 0.0621 0.1093 0.1664 0.2317 0.3016 0.3756 0.4292 2.5550 0.3430 0.1180 0.0838 0.0785 0.0684 0.0599 0.0550 0.0509 0.0467 0.0441 0.0671  
52609 30 1.0870 0.8984 0.0182 0.0334 71568693.8441 51212.6882 512715619.4897 118744.6348 1396784.0796 25322841.4015 20157519.0692 43827916.0695 68411142.6676 65536341.1720 63874431.8719 63753189.1990 63748063.4393 63748063.4393 3.1722 0.0678 0.9141 1.8643 0.3516 0.0555 0.0242 0.0191 0.0188 0.0188 0.0188 1.4934 0.0092 0.1152 0.3963 0.8329 1.2515 1.4225 1.4449 1.4461 1.4461 1.4461 1.4461 0.1774 0.1324 0.0978 0.0657 0.0596 0.0569 0.0563 0.0563 0.0563 0.0563 0.0801  
52609 35 0.8027 0.8935 0.1674 0.4789 8131993.4165 71467.9247 51692146.9551 8527.3413 1101577.7055 10033183.2514 12214758.9822 22702421.7742 19277797.9861 12266033.2342 9457660.5275 8933151.3965 8771401.9435 8610315.8675 0.0288 0.0347 1.1676 1.1871 0.3099 0.2825 0.1571 0.0448 0.0175 0.0149 0.0147 0.0158 0.0143 0.1168 0.2527 0.3549 0.4242 0.4826 0.5057 0.5111 0.5149 0.5194 1.4702 0.1364 0.1143 0.0816 0.0741 0.0721 0.0691 0.0666 0.0659 0.0658 0.0658 0.0598  
52609 36 0.8437 0.8931 0.0602 0.1037 90744814.8595 1032921.4828 139441639.3983 168054.2414 10527226323.3160 19839012982.5399 13819877625.1702 5012286197.2994 435510086.7678 82890661.0519 73309531.7234 73309531.7234 73300366.4156 73291201.1078 2844.8451 0.1027 0.1038 0.1366 0.1376 0.1381 0.1404 0.1407 0.1407 0.1407 0.1407 0.1375 0.0007 0.0052 0.0090 0.0171 0.0213 0.0216 0.0216 0.0216 0.0216 0.0216 1.4359 0.1945 0.1680 0.1340 0.1335 0.1281 0.1037 0.0999 0.0999 0.0999 0.0999 0.1338  
61369 4 0.9947 1.0042 0.0196 0.0180 21261801.1989 15362499.7950 1362125975.7814 256028.2188 370391.6615 27956640.4796 95410518.8387 117211318.3020 118192786.7497 118208061.6590 118208061.6590 118208061.6590 118208061.6590 118208061.6590 91.0997 0.1864 0.0262 0.0186 0.0173 0.0172 0.0172 0.0172 0.0172 0.0172 0.0172 0.0173 0.0416 0.5143 1.3000 1.5275 1.5374 1.5376 1.5376 1.5376 1.5376 1.5376 1.5376 0.1110 0.0758 0.0592 0.0564 0.0563 0.0563 0.0563 0.0563 0.0563 0.0563 0.0568  
61369 12 0.9709 0.9554 0.0025 0.0024 11089239.6611 62835.3800 4025997929.0409 955753.1509 7377140.4266 120999678.5154 1524562385.9132 2511890331.9782 2413707409.7175 1867769929.7286 1072617116.3829 444743242.0605 147414004.0884 56295579.1769 3.9517 0.2302 0.0102 0.0023 0.0025 0.0027 0.0027 0.0027 0.0027 0.0028 0.0029 0.0397 0.0186 0.1372 0.2786 0.3810 0.4352 0.4703 0.5138 0.5480 0.5643 0.5693 1.1640 0.1865 0.0835 0.0727 0.0694 0.0664 0.0659 0.0659 0.0658 0.0657 0.0654 0.0894  
61369 15 1.0313 1.0062 0.0015 0.0026 8242236.4733 1797847.4588 2474649206.5179 1414666.1156 679916631.2314 18414734189.9928 21845376012.4933 11737654272.9850 3484936953.2405 239374915.4964 2861068.5709 45383.9532 71116.8373 107892.8479 760.3280 0.1470 0.0010 0.0008 0.0010 0.0013 0.0074 0.5119 8.0996 6.4736 5.1137 0.0013 0.0038 0.0342 0.0808 0.1147 0.1548 0.1707 0.1721 0.1731 0.1761 0.1804 1.6453 0.2679 0.1833 0.1516 0.1342 0.1333 0.1333 0.1330 0.1101 0.1058 0.1034 0.2028  
61369 29 0.8858 0.9164 0.0184 0.0209 23885424.3472 1161461.2266 72155249.5215 86760.1821 72761.3995 10430637.7950 206850716.6894 412653634.2448 377290049.1078 280625323.6357 158140562.4807 62931301.0890 21956473.1586 10917390.9798 49.6898 5.4389 0.8021 0.0207 0.0129 0.0154 0.0350 0.1026 0.2773 0.5554 0.7607 0.0128 0.0008 0.0082 0.0282 0.0621 0.1093 0.1664 0.2317 0.3016 0.3756 0.4292 2.5550 0.3344 0.1067 0.0836 0.0781 0.0680 0.0600 0.0555 0.0520 0.0479 0.0452 0.0671  
61369 30 0.9890 0.9818 0.0166 0.0283 65068591.5775 56248.0435 501268060.6703 129080.7436 1975268.3937 35211747.1453 21421230.9784 23105793.3469 51951757.5323 65354690.8359 67016113.3037 67100571.5457 67103001.4683 67103001.4683 2.0748 0.0642 0.8646 2.0806 0.4817 0.0435 0.0215 0.0189 0.0187 0.0187 0.0187 2.3435 0.0092 0.1152 0.3963 0.8329 1.2515 1.4225 1.4449 1.4461 1.4461 1.4461 1.4461 0.1763 0.1349 0.1067 0.0654 0.0582 0.0566 0.0563 0.0563 0.0563 0.0563 0.0878  
61369 35 0.4389 0.8679 0.5487 0.6216 8421944.8754 4240.4838 42012730.1822 6844.9077 1237086.4090 10409590.8965 9041386.3618 15320172.2781 13682862.1078 10020236.9222 8544674.8468 8249651.4157 8116570.9535 7969105.2090 0.0266 0.0334 1.1700 1.4837 0.4500 0.3833 0.1932 0.0529 0.0221 0.0193 0.0190 0.0202 0.0143 0.1168 0.2527 0.3549 0.4242 0.4826 0.5057 0.5111 0.5149 0.5194 1.4702 0.1362 0.1151 0.0828 0.0742 0.0718 0.0687 0.0664 0.0659 0.0658 0.0658 0.0598  
61369 36 0.8924 0.9391 0.0598 0.1025 79175293.1705 971951.4564 121946082.6950 141786.2374 10062860491.2238 18310243182.9959 12238068261.5425 4432955865.1839 378549860.0739 66176634.0712 57689045.2087 57689045.2087 57681832.8062 57674620.4036 2518.8094 0.1011 0.1021 0.1340 0.1355 0.1362 0.1392 0.1398 0.1398 0.1398 0.1398 0.1355 0.0007 0.0052 0.0090 0.0171 0.0213 0.0216 0.0216 0.0216 0.0216 0.0216 1.4359 0.1945 0.1695 0.1340 0.1335 0.1286 0.1041 0.0999 0.0999 0.0999 0.0999 0.1338  
70129 4 0.9993 0.9936 0.0184 0.0172 20095070.8457 15727301.4452 1368997320.1032 254660.8766 306427.8464 23018202.7505 89983926.6919 117081003.2826 118502033.3025 118524818.2249 118524818.2249 118524818.2249 118524818.2249 118524818.2249 91.1056 0.2038 0.0247 0.0175 0.0167 0.0167 0.0167 0.0167 0.0167 0.0167 0.0167 0.0167 0.0416 0.5143 1.3000 1.5275 1.5374 1.5376 1.5376 1.5376 1.5376 1.5376 1.5376 0.1115 0.0755 0.0587 0.0564 0.0563 0.0563 0.0563 0.0563 0.0563 0.0563 0.0567  
70129 12 0.9496 0.9551 0.0026 0.0025 11140438.4012 51751.0644 3871451028.9281 927929.8920 6113435.8637 82677374.7659 958488100.9489 2158123825.3949 2505517751.7747 1983127667.3983 1139492786.9792 472138928.8439 156114023.5258 59266223.9318 3.4508 0.2344 0.0115 0.0023 0.0026 0.0027 0.0028 0.0028 0.0028 0.0028 0.0029 0.0345 0.0186 0.1372 0.2786 0.3810 0.4352 0.4703 0.5138 0.5480 0.5643 0.5693 1.1640 0.1836 0.0874 0.0722 0.0682 0.0661 0.0659 0.0659 0.0659 0.0657 0.0655 0.0876  
70129 15 1.0045 1.0609 0.0012 0.0019 5987700.6628 1870337.6204 2534520726.4719 1458905.2703 1194157564.2775 22254332970.7593 22687303516.0726 11573969352.2428 3427877925.2371 235456375.6023 2814097.3136 39205.5805 49023.8317 63055.5422 1083.0104 0.2614 0.0012 0.0005 0.0008 0.0010 0.0051 0.3578 8.4141 7.1797 5.9996 0.0008 0.0038 0.0342 0.0808 0.1147 0.1548 0.1707 0.1721 0.1731 0.1761 0.1804 1.6453 0.2755 0.1877 0.1520 0.1342 0.1333 0.1333 0.1331 0.1113 0.1076 0.1050 0.2028  
70129 29 0.7106 0.9159 0.0311 0.0261 19465041.3194 712162.1369 56764824.5673 76849.7549 46630.4060 8936249.1628 178514454.2925 366844205.4580 349178407.4735 259983964.1404 137879192.5969 44901108.9898 10177180.7710 3542706.5636 46.9297 5.5097 0.7692 0.0236 0.0166 0.0210 0.0439 0.1128 0.3172 0.7524 1.1094 0.0155 0.0008 0.0082 0.0282 0.0621 0.1093 0.1664 0.2317 0.3016 0.3756 0.4292 2.5550 0.3302 0.1048 0.0835 0.0777 0.0678 0.0601 0.0562 0.0536 0.0499 0.0469 0.0671  
70129 30 0.9840 1.1188 0.0220 0.0282 81676276.0958 63812.1861 481094043.2442 127662.0644 3857948.7725 82466499.0391 64290695.9151 26988123.9696 44387770.0987 62701095.0887 65841868.6748 66026094.5650 66032497.7638 66032497.7638 5.9597 0.0391 0.4907 1.3492 0.8164 0.0459 0.0199 0.0188 0.0187 0.0187 0.0187 1.7746 0.0092 0.1152 0.3963 0.8329 1.2515 1.4225 1.4449 1.4461 1.4461 1.4461 1.4461 0.1758 0.1330 0.1060 0.0726 0.0576 0.0564 0.0563 0.0563 0.0563 0.0563 0.0942  
70129 35 1.0192 0.8725 0.4423 0.5628 4755435.5729 3078.7405 36507043.1380 3004.0918 723213.4158 6653938.3702 7404824.5556 11647047.4021 10744255.2991 8665012.1509 7821678.8259 7637097.7120 7521523.0222 7385620.7664 0.0246 0.0413 1.3547 1.4839 0.3526 0.2775 0.1275 0.0360 0.0178 0.0162 0.0160 0.0174 0.0143 0.1168 0.2527 0.3549 0.4242 0.4826 0.5057 0.5111 0.5149 0.5194 1.4702 0.1348 0.1143 0.0830 0.0743 0.0714 0.0682 0.0663 0.0659 0.0658 0.0658 0.0598  
70129 36 0.8673 0.8969 0.0579 0.0989 70836800.9153 812135.0581 109239529.0112 126534.0300 7957820632.5865 15453953253.7449 11124769487.9667 4026972113.6700 337654502.1975 53409647.6890 45686342.2942 45686342.2942 45680630.4941 45674918.6940 2290.7401 0.0967 0.0978 0.1290 0.1300 0.1305 0.1330 0.1334 0.1334 0.1334 0.1334 0.1300 0.0007 0.0052 0.0090 0.0171 0.0213 0.0216 0.0216 0.0216 0.0216 0.0216 1.4359 0.1944 0.1678 0.1340 0.1335 0.1291 0.1046 0.0998 0.0998 0.0998 0.0998 0.1338  
78889 4 1.0406 1.0350 0.0183 0.0167 20264155.8695 14975732.8346 1409171831.0732 254486.5487 611247.0442 39066207.7267 105976878.6445 120089664.5184 120533689.5488 120540051.3763 120540051.3763 120540051.3763 120540051.3763 120540051.3763 93.3562 0.1898 0.0266 0.0175 0.0159 0.0158 0.0158 0.0158 0.0158 0.0158 0.0158 0.0160 0.0416 0.5143 1.3000 1.5275 1.5374 1.5376 1.5376 1.5376 1.5376 1.5376 1.5376 0.1120 0.0777 0.0598 0.0564 0.0563 0.0563 0.0563 0.0563 0.0563 0.0563 0.0570  
78889 12 0.9488 0.9560 0.0027 0.0025 10906193.9745 54572.4925 3690738102.6254 881150.6948 6902785.7826 66314939.7635 619460449.0968 1905862643.4212 2492814317.7306 1996877248.3120 1147723202.7434 475374187.8426 156983856.9753 59411174.1496 3.3437 0.2243 0.0157 0.0023 0.0027 0.0028 0.0028 0.0028 0.0028 0.0029 0.0030 0.0394 0.0186 0.1372 0.2786 0.3810 0.4352 0.4703 0.5138 0.5480 0.5643 0.5693 1.1640 0.1839 0.0925 0.0716 0.0674 0.0660 0.0659 0.0659 0.0659 0.0658 0.0655 0.0900  
78889 15 0.9953 1.0017 0.0011 0.0021 6469609.1346 1632520.3264 2520700891.3241 1465534.9292 883111641.2483 22116410865.7140 23396646129.8834 11495573365.6597 3397597424.8152 233375681.6975 2788041.1125 35538.3012 39075.2671 44130.1163 1014.5779 0.3011 0.0010 0.0005 0.0007 0.0010 0.0064 0.4589 8.8778 8.3584 7.7042 0.0008 0.0038 0.0342 0.0808 0.1147 0.1548 0.1707 0.1721 0.1731 0.1761 0.1804 1.6453 0.2691 0.1843 0.1525 0.1343 0.1333 0.1333 0.1330 0.1130 0.1111 0.1090 0.2028  
78889 29 0.8441 0.9220 0.0240 0.0322 12308760.5815 463454.2262 48522118.3731 54610.1556 62719.2637 7600652.7481 152239752.7401 323263533.7592 321106951.3618 240950613.5826 123899092.6516 35642548.3153 5303709.7511 1005354.0802 43.9749 5.4925 0.9188 0.0368 0.0244 0.0253 0.0433 0.0865 0.2248 0.6809 1.3243 0.0201 0.0008 0.0082 0.0282 0.0621 0.1093 0.1664 0.2317 0.3016 0.3756 0.4292 2.5550 0.3384 0.1096 0.0834 0.0773 0.0675 0.0602 0.0567 0.0551 0.0532 0.0506 0.0671  
78889 30 0.9446 0.8963 0.0210 0.0314 75146082.1098 54272.6870 463787742.9757 125617.2669 2134196.6979 45310823.1885 35611843.2874 28951151.1687 45460588.2134 60127302.0953 62775502.6630 62934869.9410 62940604.0071 62940604.0071 3.6483 0.0482 0.6041 1.5349 0.7400 0.0560 0.0199 0.0188 0.0188 0.0188 0.0188 1.7536 0.0092 0.1152 0.3963 0.8329 1.2515 1.4225 1.4449 1.4461 1.4461 1.4461 1.4461 0.1721 0.1305 0.1009 0.0718 0.0580 0.0564 0.0563 0.0563 0.0563 0.0563 0.0904  
78889 35 1.5018 0.9266 0.1965 0.5153 3003385.8444 215250.8192 36602069.8583 3061.6815 545794.6540 6201278.9822 6730746.6234 9780167.3602 9156388.8859 7780939.5910 7219798.7737 7086023.9645 6981996.5161 6856132.7787 0.0228 0.0444 1.3286 1.5183 0.2398 0.2064 0.0889 0.0272 0.0158 0.0147 0.0146 0.0156 0.0143 0.1168 0.2527 0.3549 0.4242 0.4826 0.5057 0.5111 0.5149 0.5194 1.4702 0.1330 0.1140 0.0839 0.0745 0.0710 0.0678 0.0662 0.0659 0.0658 0.0658 0.0598  
78889 36 0.8584 0.8945 0.0568 0.0978 63623189.5952 638710.3153 94566464.1216 109741.8564 6458625015.4318 13071129334.0667 9814001251.4755 3550637831.4163 293945113.4203 43032005.4040 36214366.5685 36214366.5685 36209838.9743 36205311.3800 2021.3584 0.0965 0.0974 0.1287 0.1296 0.1299 0.1321 0.1325 0.1325 0.1325 0.1325 0.1295 0.0007 0.0052 0.0090 0.0171 0.0213 0.0216 0.0216 0.0216 0.0216 0.0216 1.4359 0.1944 0.1660 0.1340 0.1336 0.1296 0.1051 0.0998 0.0998 0.0998 0.0998 0.1338  
87673 4 1.0047 1.0009 0.0177 0.0168 18542498.2093 20053346.7265 1424110936.7760 264814.3954 380987.0215 27751358.4691 97418360.6632 122452533.2746 123679903.5572 123699343.8933 123699343.8933 123699343.8933 123699343.8933 123699343.8933 95.2568 0.2015 0.0237 0.0171 0.0164 0.0164 0.0164 0.0164 0.0164 0.0164 0.0164 0.0164 0.0416 0.5143 1.3000 1.5275 1.5374 1.5376 1.5376 1.5376 1.5376 1.5376 1.5376 0.1115 0.0756 0.0591 0.0564 0.0563 0.0563 0.0563 0.0563 0.0563 0.0563 0.0568  
87673 12 0.9429 0.9575 0.0028 0.0027 10893760.9315 59659.6774 3494475581.6673 836003.3879 8787311.1292 67313385.0867 437799346.5645 1723072157.7786 2414671128.3831 1946467806.5927 1118916743.9147 463354215.7600 152913125.8052 57776545.1245 3.8859 0.2160 0.0189 0.0025 0.0029 0.0029 0.0029 0.0029 0.0029 0.0030 0.0031 0.0400 0.0186 0.1372 0.2786 0.3810 0.4352 0.4703 0.5138 0.5480 0.5643 0.5693 1.1640 0.1860 0.0984 0.0709 0.0668 0.0660 0.0659 0.0659 0.0659 0.0658 0.0655 0.0944  
87673 15 1.0070 0.9890 0.0010 0.0018 5673254.2764 1505409.9643 2546307709.0520 1458577.3021 791062656.1151 21233113277.5124 23393684123.4028 11503651293.2154 3399921126.9817 233527561.7030 2781501.7118 26253.4584 27294.2172 28781.6235 918.8989 0.3198 0.0010 0.0005 0.0007 0.0009 0.0050 0.3509 8.9725 8.6679 8.2512 0.0007 0.0038 0.0342 0.0808 0.1147 0.1548 0.1707 0.1721 0.1731 0.1761 0.1804 1.6453 0.2679 0.1831 0.1526 0.1343 0.1333 0.1333 0.1331 0.1134 0.1122 0.1107 0.2028  
87673 29 0.4874 0.9260 0.0260 0.0358 8238087.9839 275336.0135 44016150.1900 46097.2588 32669.0909 6458461.6533 130602837.3237 284648312.0573 291942814.1078 221140104.3984 113286657.7713 31947101.0184 4361221.0680 679870.2813 40.4659 5.6534 0.7610 0.0357 0.0264 0.0313 0.0503 0.0705 0.1087 0.2557 0.5825 0.0233 0.0008 0.0082 0.0282 0.0621 0.1093 0.1664 0.2317 0.3016 0.3756 0.4292 2.5550 0.3379 0.1052 0.0833 0.0769 0.0673 0.0602 0.0568 0.0558 0.0554 0.0550 0.0671  
87673 30 0.9666 0.9315 0.0174 0.0283 60285073.7226 49598.9443 444119198.7750 118655.4067 1722293.2919 34338300.9622 22199923.7259 22894929.0874 43985714.7856 57826315.0605 60148825.9689 60285874.6491 60290794.8582 60290794.8582 2.7501 0.0545 0.7293 1.8720 0.5953 0.0454 0.0201 0.0188 0.0188 0.0188 0.0188 1.9488 0.0092 0.1152 0.3963 0.8329 1.2515 1.4225 1.4449 1.4461 1.4461 1.4461 1.4461 0.1722 0.1332 0.1035 0.0683 0.0580 0.0564 0.0563 0.0563 0.0563 0.0563 0.0866  
87673 35 0.8454 0.9819 0.2103 0.5876 3060739.8817 232947.5150 32466481.0732 4598.0482 872817.3113 8218547.0032 7473910.5642 8875225.8917 8063207.4052 7062440.6005 6656797.8151 6552304.1912 6457776.9561 6341541.3008 0.0211 0.0404 1.4054 1.8414 0.2350 0.2003 0.0854 0.0286 0.0184 0.0174 0.0174 0.0182 0.0143 0.1168 0.2527 0.3549 0.4242 0.4826 0.5057 0.5111 0.5149 0.5194 1.4702 0.1342 0.1148 0.0853 0.0750 0.0708 0.0676 0.0662 0.0659 0.0658 0.0658 0.0598  
87673 36 0.8547 0.9001 0.0579 0.0985 55542658.0894 631558.7279 81473584.3678 94205.7355 5482379052.3145 11225566945.8330 8523738063.0124 3082206546.8858 252582885.0796 34573472.0613 28649869.3762 28649869.3762 28646287.5109 28642705.6456 1755.7660 0.0976 0.0987 0.1300 0.1310 0.1313 0.1339 0.1345 0.1345 0.1345 0.1345 0.1309 0.0007 0.0052 0.0090 0.0171 0.0213 0.0216 0.0216 0.0216 0.0216 0.0216 1.4359 0.1944 0.1656 0.1340 0.1336 0.1299 0.1055 0.0998 0.0998 0.0998 0.0998 0.1338  
96433 4 0.9980 1.0045 0.0174 0.0164 15935430.0746 24345812.6988 1436187876.8736 266067.4558 429617.1634 29337785.2941 97116323.9609 123066600.1973 124403980.2302 124425391.7222 124425391.7222 124425391.7222 124425391.7222 124425391.7222 95.8438 0.1918 0.0249 0.0169 0.0158 0.0157 0.0157 0.0157 0.0157 0.0157 0.0157 0.0157 0.0416 0.5143 1.3000 1.5275 1.5374 1.5376 1.5376 1.5376 1.5376 1.5376 1.5376 0.1111 0.0767 0.0590 0.0564 0.0563 0.0563 0.0563 0.0563 0.0563 0.0563 0.0567  
96433 12 0.9478 0.9606 0.0030 0.0028 10862386.7406 74314.6241 3301811463.7994 788230.0607 13474080.1530 88875988.9659 357865041.4019 1585698807.2388 2301594966.2986 1861029336.6755 1069879619.8521 443004782.8551 146148731.7947 55175373.7472 4.6976 0.2168 0.0182 0.0026 0.0031 0.0031 0.0031 0.0031 0.0031 0.0031 0.0032 0.0346 0.0186 0.1372 0.2786 0.3810 0.4352 0.4703 0.5138 0.5480 0.5643 0.5693 1.1640 0.1876 0.1019 0.0707 0.0664 0.0659 0.0659 0.0659 0.0659 0.0658 0.0655 0.0998  
96433 15 1.0672 1.0757 0.0009 0.0015 5782679.7118 1688147.3552 2632689642.7917 1468722.4001 1625084710.3709 25800434937.2579 24663051792.9722 11498984516.3222 3389068014.5079 232774539.6634 2764458.0068 17714.2196 17922.4068 18219.9445 1276.1382 0.5719 0.0021 0.0005 0.0007 0.0009 0.0040 0.2670 9.0122 8.8416 8.5952 0.0006 0.0038 0.0342 0.0808 0.1147 0.1548 0.1707 0.1721 0.1731 0.1761 0.1804 1.6453 0.2888 0.1885 0.1529 0.1343 0.1333 0.1333 0.1332 0.1136 0.1129 0.1120 0.2028  
96433 29 0.8669 0.9317 0.0221 0.0335 5080381.9299 235461.9366 40702933.6528 22467.5790 102009.8243 5649326.7683 112943886.3681 251348356.4981 265554368.5927 204819835.4747 105730950.1956 29898410.3245 4091488.2951 641114.5699 36.9383 4.8725 1.2040 0.0440 0.0260 0.0265 0.0372 0.0490 0.0708 0.1562 0.3543 0.0251 0.0008 0.0082 0.0282 0.0621 0.1093 0.1664 0.2317 0.3016 0.3756 0.4292 2.5550 0.3413 0.1189 0.0833 0.0766 0.0671 0.0601 0.0568 0.0558 0.0555 0.0553 0.0671  
96433 30 0.9593 0.9785 0.0167 0.0271 57860399.3214 50029.9432 421997647.9617 114689.4098 2196466.1683 42153005.0387 22352066.7960 17668958.7526 39877095.0676 55239016.2456 57774981.3291 57923135.8891 57928368.5986 57928368.5986 2.3803 0.0502 0.6660 1.9307 0.6794 0.0420 0.0201 0.0189 0.0189 0.0189 0.0189 2.2079 0.0092 0.1152 0.3963 0.8329 1.2515 1.4225 1.4449 1.4461 1.4461 1.4461 1.4461 0.1718 0.1346 0.1073 0.0679 0.0577 0.0564 0.0563 0.0563 0.0563 0.0563 0.0878  
96433 35 0.7172 0.8717 0.2477 0.7578 4596979.0825 159211.4638 27139057.9949 3887.0756 625924.2696 6734166.8360 5378832.6547 6102266.4532 6051176.8163 6048131.1834 6036886.9354 6002212.4431 5920928.5273 5814942.6145 0.0194 0.0429 1.3637 1.9871 0.5387 0.3850 0.1487 0.0452 0.0271 0.0255 0.0253 0.0265 0.0143 0.1168 0.2527 0.3549 0.4242 0.4826 0.5057 0.5111 0.5149 0.5194 1.4702 0.1327 0.1143 0.0854 0.0750 0.0704 0.0673 0.0661 0.0659 0.0658 0.0658 0.0598  
96433 36 0.8470 0.8920 0.0585 0.0985 47662240.9489 601346.6969 69606499.7994 80519.3978 4566681689.3986 9507321490.6293 7332705323.2564 2650464978.7918 215383086.1268 27771291.1594 22673631.4290 22673631.4290 22670796.7251 22667962.0213 1510.5890 0.0972 0.0984 0.1301 0.1310 0.1313 0.1335 0.1341 0.1341 0.1341 0.1341 0.1310 0.0007 0.0052 0.0090 0.0171 0.0213 0.0216 0.0216 0.0216 0.0216 0.0216 1.4359 0.1944 0.1651 0.1340 0.1336 0.1302 0.1060 0.0998 0.0998 0.0998 0.0998 0.1338  
