8761 4 0.7784 0.7908 0.1662 0.2111 24062430.6430 23706303.6587 254624189.4090 27478.8253 596954.0463 30222214.5043 35211591.5214 12161137.5848 10467956.0629 10439532.0883 10439532.0883 10439532.0883 10439532.0883 10439532.0883 9.4812 0.5308 0.2709 0.2515 0.2234 0.2126 0.2124 0.2124 0.2124 0.2124 0.2124 0.2221 0.0416 0.5143 1.3000 1.5275 1.5374 1.5376 1.5376 1.5376 1.5376 1.5376 1.5376 0.1127 0.0798 0.0662 0.0578 0.0563 0.0563 0.0563 0.0563 0.0563 0.0563 0.0645  
8761 12 1.6201 0.6936 0.0179 0.0305 16477901.8636 4375290.5226 1198177975.2194 42777.4775 781551323.3807 4172576422.3251 1495732257.4945 336481671.3673 95016145.7765 56471212.9699 34927298.4727 18412807.0508 10591775.4423 8194609.6947 278.4584 0.5634 0.0186 0.0268 0.0418 0.0466 0.0478 0.0486 0.0502 0.0526 0.0542 0.0129 0.0186 0.1372 0.2786 0.3810 0.4352 0.4703 0.5138 0.5480 0.5643 0.5693 1.1640 0.1863 0.1141 0.0852 0.0730 0.0674 0.0657 0.0651 0.0639 0.0620 0.0608 0.1160  
8761 15 0.7655 0.6258 0.2039 0.1817 586732994.2365 2758822.6100 1645727973.2262 459748.6470 954717086.3202 12184864016.1929 8600817769.8933 3100404704.0028 1516990115.5487 930832889.3289 886684643.7608 878065578.3939 854401042.9754 820581434.1242 1237.3365 1.1358 0.0106 0.0055 0.0413 0.2542 0.4561 0.4777 0.4782 0.4792 0.4805 0.2183 0.0038 0.0342 0.0808 0.1147 0.1548 0.1707 0.1721 0.1731 0.1761 0.1804 1.6453 0.2761 0.2001 0.1549 0.1330 0.1230 0.1148 0.1139 0.1139 0.1138 0.1137 0.1624  
8761 29 0.7060 0.6449 0.0535 0.1149 70667080.2529 202477083.5417 219117046.8749 90360.2883 2240547.5495 300502808.1909 799270659.5812 750088777.8716 505966209.7955 339873291.4693 236065624.3317 175079756.1144 147931958.4976 138753838.5808 141.7529 4.9980 1.3621 0.2748 0.0690 0.0440 0.0909 0.2704 0.4900 0.6126 0.6559 0.1561 0.0008 0.0082 0.0282 0.0621 0.1093 0.1664 0.2317 0.3016 0.3756 0.4292 2.5550 0.1767 0.1186 0.1031 0.0843 0.0696 0.0597 0.0529 0.0479 0.0442 0.0422 0.0967  
8761 30 0.1297 0.8875 0.0184 0.0380 21321254.5359 41253.9434 165952954.6613 4057.8267 25.7076 3523.0066 1128648.5907 11060574.7994 20795672.6149 21257948.7750 20955763.8948 20930359.7106 20929196.5842 20929196.5842 0.5597 1.1862 3.6222 0.8584 0.2073 0.0655 0.0311 0.0251 0.0247 0.0247 0.0247 0.2899 0.0092 0.1152 0.3963 0.8329 1.2515 1.4225 1.4449 1.4461 1.4461 1.4461 1.4461 0.1304 0.0893 0.0686 0.0637 0.0596 0.0568 0.0563 0.0563 0.0563 0.0563 0.0663  
8761 35 1.0733 0.4841 0.2977 0.5725 12248926.5039 2087887.5821 108466015.6629 13474.7146 5242976.9048 62698026.7376 61930105.3878 66222805.1166 45689166.3121 23240003.0030 14414099.5815 12849368.7283 12546844.1230 12309401.9310 0.0414 0.0656 1.5154 1.8135 0.2500 0.1888 0.1330 0.0663 0.0466 0.0447 0.0446 0.0507 0.0143 0.1168 0.2527 0.3549 0.4242 0.4826 0.5057 0.5111 0.5149 0.5194 1.4702 0.1344 0.1134 0.0845 0.0757 0.0726 0.0699 0.0669 0.0660 0.0658 0.0658 0.0598  
8761 36 0.4459 0.5397 0.0481 0.1079 168381334.2737 3214495.0406 268830919.0336 78655.8551 31871669650.7558 47923224766.7259 23809748490.1012 8691888473.1876 862968760.0376 259786719.4350 243397497.3167 243397497.3167 243367067.2631 243336637.2096 4888.1124 1.3421 0.1438 0.1455 0.1456 0.1468 0.1497 0.1500 0.1500 0.1500 0.1500 0.1455 0.0007 0.0052 0.0090 0.0171 0.0213 0.0216 0.0216 0.0216 0.0216 0.0216 1.4359 0.1898 0.1724 0.1293 0.1282 0.1192 0.0979 0.0960 0.0960 0.0960 0.0960 0.1289  
17545 4 6.4122 2.1699 0.0497 0.0578 16238701.9066 5312045.2739 577358465.7777 15634.0718 1647649.5900 86561336.9672 108754397.2284 37673853.8360 31974319.2711 31877450.8618 31877450.8618 31877450.8618 31877450.8618 31877450.8618 28.6873 0.1931 0.0456 0.0409 0.0365 0.0347 0.0346 0.0346 0.0346 0.0346 0.0346 0.0353 0.0416 0.5143 1.3000 1.5275 1.5374 1.5376 1.5376 1.5376 1.5376 1.5376 1.5376 0.1132 0.0794 0.0655 0.0577 0.0563 0.0563 0.0563 0.0563 0.0563 0.0563 0.0636  
17545 12 1.3716 1.4884 0.0096 0.0136 18087910.0658 193136.6371 2628439387.0853 677277.2553 782035163.9617 5394078997.0569 4228875528.0486 1452067484.3051 278212754.2904 115322412.4790 66820911.3126 31245334.3480 14397996.4498 9234696.3950 325.3961 0.1086 0.0046 0.0085 0.0145 0.0168 0.0178 0.0181 0.0185 0.0194 0.0202 0.0027 0.0186 0.1372 0.2786 0.3810 0.4352 0.4703 0.5138 0.5480 0.5643 0.5693 1.1640 0.1848 0.1047 0.0820 0.0741 0.0693 0.0660 0.0654 0.0646 0.0629 0.0614 0.1093  
17545 15 1.0814 1.1835 0.2366 0.2081 427676713.8588 1012169.5125 1710230607.2796 658575.9485 1045923579.9183 16095556735.9519 13861452917.0482 4507578045.2874 1570589524.7107 475887266.5026 395483548.0948 390971607.8436 380584543.1039 365740118.8010 995.9940 0.3938 0.0036 0.0009 0.0210 0.2029 0.6121 0.6955 0.6966 0.6962 0.6957 0.1738 0.0038 0.0342 0.0808 0.1147 0.1548 0.1707 0.1721 0.1731 0.1761 0.1804 1.6453 0.2795 0.1942 0.1562 0.1344 0.1275 0.1162 0.1139 0.1139 0.1138 0.1137 0.1777  
17545 29 1.2018 0.8728 0.0419 0.0866 19878059.4749 902653.9183 197117110.2619 118863.0581 703804.5612 95594695.5046 490347585.8118 706553398.2883 524661443.3592 345220633.3379 228329619.1490 160302946.2570 128204734.4736 116103393.3074 89.0681 3.7217 0.6918 0.2747 0.0491 0.0083 0.0096 0.0262 0.0610 0.1070 0.1399 0.2811 0.0008 0.0082 0.0282 0.0621 0.1093 0.1664 0.2317 0.3016 0.3756 0.4292 2.5550 0.2627 0.1122 0.0947 0.0813 0.0698 0.0603 0.0537 0.0486 0.0445 0.0423 0.0847  
17545 30 1.2668 1.4783 0.0034 0.0082 4045641.7422 1406650.9890 169197577.3649 36460.4649 1326390.2125 39635709.2439 52242991.1801 20260034.8982 17003502.0016 21447623.8573 22282590.9285 22331646.9235 22333301.4094 22333301.4094 5.0074 0.0098 0.0508 0.1713 0.0839 0.0093 0.0052 0.0041 0.0040 0.0040 0.0040 0.2467 0.0092 0.1152 0.3963 0.8329 1.2515 1.4225 1.4449 1.4461 1.4461 1.4461 1.4461 0.1797 0.1304 0.1037 0.0734 0.0583 0.0565 0.0563 0.0563 0.0563 0.0563 0.0931  
17545 35 0.9227 0.7875 0.2306 0.3268 11080882.4519 3515.3943 93193970.3450 10358.9455 966772.3270 14312352.0952 38296764.6217 57794061.5707 43239122.1184 21966236.7901 13532683.3896 12038429.3863 11752273.1331 11529229.2800 0.0387 0.0441 1.2546 0.7814 0.1863 0.1798 0.1187 0.0370 0.0113 0.0087 0.0085 0.0095 0.0143 0.1168 0.2527 0.3549 0.4242 0.4826 0.5057 0.5111 0.5149 0.5194 1.4702 0.1339 0.1094 0.0812 0.0747 0.0726 0.0701 0.0670 0.0660 0.0659 0.0658 0.0598  
17545 36 0.8345 0.8847 0.0637 0.1074 78625600.7392 1255979.2906 243203993.7237 310444.6392 23906351522.3401 39265532133.3014 22790434855.1183 8302258347.5679 786465917.5108 207408883.7595 191675161.6047 191675161.6047 191651197.9835 191627234.3623 4684.8523 0.1020 0.1072 0.1345 0.1357 0.1365 0.1388 0.1390 0.1390 0.1390 0.1390 0.1357 0.0007 0.0052 0.0090 0.0171 0.0213 0.0216 0.0216 0.0216 0.0216 0.0216 1.4359 0.1945 0.1732 0.1340 0.1332 0.1253 0.1023 0.0999 0.0999 0.0999 0.0999 0.1337  
26305 4 1.3690 1.2154 0.0305 0.0372 15450217.9635 43568392.4120 830695478.3233 100248.1941 1049167.3812 57802361.1526 97087845.8912 60987393.2262 57715220.5135 57658944.6265 57658944.6265 57658944.6265 57658944.6265 57658944.6265 46.5699 0.2172 0.0427 0.0360 0.0333 0.0327 0.0327 0.0327 0.0327 0.0327 0.0327 0.0332 0.0416 0.5143 1.3000 1.5275 1.5374 1.5376 1.5376 1.5376 1.5376 1.5376 1.5376 0.1144 0.0769 0.0629 0.0570 0.0563 0.0563 0.0563 0.0563 0.0563 0.0563 0.0592  
26305 12 0.9979 0.9736 0.0051 0.0059 16018234.3462 207731.7782 3432682885.9027 928945.6593 74037610.8087 2026513555.2612 5497401195.2053 3066646906.1127 667654691.7559 294890503.7000 167195147.5436 72362932.2133 27454731.7141 13692049.0628 60.6105 0.1177 0.0039 0.0041 0.0057 0.0063 0.0067 0.0068 0.0071 0.0078 0.0087 0.0045 0.0186 0.1372 0.2786 0.3810 0.4352 0.4703 0.5138 0.5480 0.5643 0.5693 1.1640 0.1647 0.0912 0.0783 0.0735 0.0697 0.0661 0.0657 0.0653 0.0642 0.0628 0.0988  
26305 15 1.1819 1.3487 0.1441 0.3340 465403824.7608 1611647.4759 2131920414.8916 712157.4023 2774606757.4876 26408123947.9174 21557806363.4018 6930155672.9752 2006134449.3974 159462512.9047 24898653.1042 23345603.3175 23503308.9622 23728703.9740 1296.0850 0.1253 0.0013 0.0008 0.0123 0.1460 1.1978 2.6658 2.7138 2.6802 2.6311 0.1381 0.0038 0.0342 0.0808 0.1147 0.1548 0.1707 0.1721 0.1731 0.1761 0.1804 1.6453 0.2872 0.1979 0.1558 0.1348 0.1321 0.1243 0.1143 0.1138 0.1136 0.1132 0.1958  
26305 29 0.7788 0.8944 0.0191 0.0620 31704352.7862 979015.8961 165194113.8578 142853.1317 140242.5045 23263580.1203 340742998.0584 628778858.2919 508632608.9910 340435956.7431 216549133.9880 139818069.8877 100736810.0253 84919509.9689 69.7549 4.9881 1.0444 0.1886 0.0297 0.0095 0.0164 0.0471 0.1131 0.2064 0.2752 0.1768 0.0008 0.0082 0.0282 0.0621 0.1093 0.1664 0.2317 0.3016 0.3756 0.4292 2.5550 0.3146 0.1048 0.0861 0.0792 0.0693 0.0604 0.0540 0.0490 0.0449 0.0426 0.0706  
26305 30 1.2685 1.3232 0.0038 0.0244 36437827.7381 2236280.0857 187632084.5017 46188.7821 2739472.7066 76433339.2846 99960214.8710 44221134.8061 25014455.5349 22408479.4417 22270867.5971 22267373.9625 22267410.3007 22267410.3007 10.1065 0.0173 0.1676 0.5319 0.3889 0.0527 0.0125 0.0111 0.0110 0.0110 0.0110 0.6641 0.0092 0.1152 0.3963 0.8329 1.2515 1.4225 1.4449 1.4461 1.4461 1.4461 1.4461 0.1797 0.1301 0.1008 0.0760 0.0603 0.0566 0.0563 0.0563 0.0563 0.0563 0.0909  
26305 35 0.9391 0.8979 0.2413 0.3109 9625085.3952 4682.1114 76905947.2886 9558.4706 902166.4341 11773511.2384 31407734.4245 48072613.9050 36503659.0955 19268107.0296 12429323.0922 11209708.6468 10958086.7540 10751646.2829 0.0360 0.0422 1.2972 0.7522 0.1913 0.1806 0.1171 0.0366 0.0124 0.0100 0.0097 0.0110 0.0143 0.1168 0.2527 0.3549 0.4242 0.4826 0.5057 0.5111 0.5149 0.5194 1.4702 0.1370 0.1106 0.0810 0.0745 0.0726 0.0700 0.0669 0.0660 0.0658 0.0658 0.0598  
26305 36 0.9179 0.9211 0.0611 0.1040 145173320.8534 1315075.5213 211931495.0824 259066.7958 21537922628.6834 35058289614.7383 20059187000.9813 7295199269.7376 674782586.4202 164710110.7104 150850784.4118 150850784.4118 150831924.7378 150813065.0638 4123.4115 0.1022 0.1029 0.1343 0.1359 0.1367 0.1393 0.1396 0.1396 0.1396 0.1396 0.1359 0.0007 0.0052 0.0090 0.0171 0.0213 0.0216 0.0216 0.0216 0.0216 0.0216 1.4359 0.1945 0.1731 0.1341 0.1333 0.1262 0.1026 0.0999 0.0999 0.0999 0.0999 0.1338  
35065 4 1.5582 1.2638 0.0285 0.0300 28673820.8745 8147914.5571 1090123667.2928 137236.6515 1458061.2520 83256671.8668 135090695.1163 84723300.9051 80390892.7878 80316736.3541 80316736.3541 80316736.3541 80316736.3541 80316736.3541 65.3066 0.2417 0.0411 0.0310 0.0272 0.0267 0.0267 0.0267 0.0267 0.0267 0.0267 0.0276 0.0416 0.5143 1.3000 1.5275 1.5374 1.5376 1.5376 1.5376 1.5376 1.5376 1.5376 0.1136 0.0782 0.0631 0.0568 0.0563 0.0563 0.0563 0.0563 0.0563 0.0563 0.0590  
35065 12 0.9694 0.9564 0.0032 0.0032 11468158.9733 97352.9802 3607478089.7988 927012.5271 19310087.2411 631446725.1082 4669404967.7042 3698832777.4460 1060096810.7059 567180476.5397 322510458.3790 136155892.9277 47907440.8394 20862920.0370 11.5924 0.1575 0.0038 0.0027 0.0031 0.0033 0.0035 0.0036 0.0036 0.0039 0.0043 0.0136 0.0186 0.1372 0.2786 0.3810 0.4352 0.4703 0.5138 0.5480 0.5643 0.5693 1.1640 0.1764 0.0849 0.0750 0.0728 0.0689 0.0660 0.0658 0.0656 0.0651 0.0640 0.0975  
35065 15 1.6834 1.1307 0.0091 0.0484 78750182.0645 2340335.8061 2833564391.1463 841664.4138 1608655697.6126 26690263540.1009 28824401017.6504 10908430498.3591 3170936220.8522 217865648.5903 2688114.2302 248302.9456 628101.3978 1170888.0829 950.6592 0.2997 0.0026 0.0008 0.0016 0.0086 0.1352 2.6746 5.4675 4.1955 3.3663 0.0047 0.0038 0.0342 0.0808 0.1147 0.1548 0.1707 0.1721 0.1731 0.1761 0.1804 1.6453 0.2801 0.1875 0.1552 0.1348 0.1333 0.1330 0.1252 0.1102 0.1074 0.1056 0.2026  
35065 29 0.9305 0.9276 0.0099 0.0198 22601287.8500 1202276.9309 142652147.9397 111258.0830 117744.3167 14213518.3625 280165494.5842 552368475.8167 480888680.6662 335193717.7163 208957439.0478 124501921.5879 81019255.2288 63797579.9821 65.6666 5.4503 0.7483 0.0372 0.0124 0.0083 0.0145 0.0422 0.1025 0.1867 0.2497 0.0260 0.0008 0.0082 0.0282 0.0621 0.1093 0.1664 0.2317 0.3016 0.3756 0.4292 2.5550 0.3429 0.1046 0.0838 0.0784 0.0687 0.0603 0.0544 0.0495 0.0453 0.0430 0.0673  
35065 30 1.0444 1.0167 0.0035 0.0286 46162998.4552 2037126.9114 227400469.9506 58590.3483 1621957.0888 53412904.8451 89525780.5908 60689951.2403 37973943.4589 26442939.7153 24768176.3645 24676098.0766 24673248.2930 24673248.2930 10.6639 0.0213 0.2253 0.5729 0.3572 0.0617 0.0139 0.0109 0.0108 0.0108 0.0108 0.5809 0.0092 0.1152 0.3963 0.8329 1.2515 1.4225 1.4449 1.4461 1.4461 1.4461 1.4461 0.1783 0.1260 0.0962 0.0730 0.0615 0.0570 0.0563 0.0563 0.0563 0.0563 0.0865  
35065 35 0.8731 0.8672 0.2333 0.2926 9557157.8407 4178.8566 69470515.5551 8976.6446 710553.9521 8942148.3368 24368404.8336 36912322.4715 28616659.3495 16219880.5846 11296489.3167 10405711.1148 10193004.9099 10003157.5887 0.0335 0.0352 1.0279 0.5744 0.2317 0.2240 0.1371 0.0414 0.0149 0.0123 0.0121 0.0134 0.0143 0.1168 0.2527 0.3549 0.4242 0.4826 0.5057 0.5111 0.5149 0.5194 1.4702 0.1383 0.1097 0.0806 0.0744 0.0724 0.0697 0.0668 0.0660 0.0658 0.0658 0.0598  
35065 36 0.8617 0.9062 0.0602 0.1032 127975295.0446 1233685.7275 187232955.2219 237808.1924 18321743996.0886 30347266001.1949 17841301440.7070 6479798792.2001 585171239.9198 131017458.2867 118677512.2983 118677512.2983 118662674.9927 118647837.6871 3668.4789 0.1022 0.1029 0.1350 0.1364 0.1371 0.1397 0.1400 0.1400 0.1400 0.1400 0.1363 0.0007 0.0052 0.0090 0.0171 0.0213 0.0216 0.0216 0.0216 0.0216 0.0216 1.4359 0.1945 0.1727 0.1341 0.1334 0.1269 0.1030 0.0999 0.0999 0.0999 0.0999 0.1338  
43825 4 1.0679 1.0602 0.0280 0.0281 27476913.3415 21241247.6817 1217054670.7667 213838.6696 770468.8758 43205034.4866 104384464.4304 101675217.7686 100849109.5896 100833961.2675 100833961.2675 100833961.2675 100833961.2675 100833961.2675 78.7488 0.2624 0.0411 0.0300 0.0258 0.0254 0.0254 0.0254 0.0254 0.0254 0.0254 0.0260 0.0416 0.5143 1.3000 1.5275 1.5374 1.5376 1.5376 1.5376 1.5376 1.5376 1.5376 0.1137 0.0759 0.0610 0.0566 0.0563 0.0563 0.0563 0.0563 0.0563 0.0563 0.0575  
43825 12 0.9588 0.9536 0.0029 0.0029 11143976.4754 71929.5509 3523610757.7593 898624.2746 9996297.4323 329081316.2886 3911372686.3107 3489568353.9089 1250875497.8178 752867395.8354 429552091.0999 180067998.7553 61924675.9264 25718726.4764 6.0175 0.1910 0.0055 0.0027 0.0029 0.0031 0.0033 0.0033 0.0033 0.0035 0.0038 0.0262 0.0186 0.1372 0.2786 0.3810 0.4352 0.4703 0.5138 0.5480 0.5643 0.5693 1.1640 0.1800 0.0819 0.0737 0.0723 0.0681 0.0660 0.0659 0.0657 0.0654 0.0646 0.0938  
43825 15 1.1878 0.9745 0.0021 0.0051 11413542.4140 2225560.5626 3068633736.0180 1416862.6006 849513491.1985 20722299196.6094 29291822639.8907 13663780133.9578 4024853953.8770 276502674.8271 3356791.0394 148620.6837 305892.8590 530657.4686 435.0089 0.1299 0.0008 0.0006 0.0008 0.0013 0.0105 0.7462 6.4167 4.1068 2.8767 0.0025 0.0038 0.0342 0.0808 0.1147 0.1548 0.1707 0.1721 0.1731 0.1761 0.1804 1.6453 0.2759 0.1764 0.1534 0.1345 0.1333 0.1333 0.1327 0.1058 0.1021 0.1008 0.2028  
43825 29 0.9238 0.9252 0.0115 0.0152 25873926.1703 1276002.0508 117674069.5175 103529.0393 145431.2367 12298825.0203 244461345.7059 489242849.8509 441981153.0203 321744141.0384 197735540.4872 106464314.1512 59744626.6082 42267650.5004 59.6387 5.3905 0.8842 0.0192 0.0110 0.0100 0.0199 0.0584 0.1459 0.2754 0.3764 0.0082 0.0008 0.0082 0.0282 0.0621 0.1093 0.1664 0.2317 0.3016 0.3756 0.4292 2.5550 0.3421 0.1106 0.0836 0.0780 0.0683 0.0601 0.0547 0.0501 0.0459 0.0434 0.0671  
43825 30 1.2650 1.3787 0.0036 0.0293 58560810.0080 1207000.0733 286086548.9906 61190.8407 4930715.9145 115063383.5572 173259738.4418 87098224.8148 49241504.6372 32911558.7502 30228911.1366 30070809.4078 30065333.1888 30065333.1888 19.6038 0.0205 0.1696 0.4958 0.3080 0.0568 0.0179 0.0133 0.0131 0.0131 0.0131 0.5214 0.0092 0.1152 0.3963 0.8329 1.2515 1.4225 1.4449 1.4461 1.4461 1.4461 1.4461 0.1814 0.1295 0.0989 0.0738 0.0617 0.0571 0.0563 0.0563 0.0563 0.0563 0.0880  
43825 35 0.7851 0.9184 0.3160 0.3941 8973815.0725 5056.3412 60335064.8384 7837.7548 1418683.1515 14511413.4782 21896280.3445 28042718.9974 21684137.7904 13479550.6972 10228664.2202 9625548.1957 9448004.8359 9274185.4223 0.0311 0.0342 1.0556 0.9019 0.2835 0.2598 0.1482 0.0427 0.0163 0.0138 0.0135 0.0148 0.0143 0.1168 0.2527 0.3549 0.4242 0.4826 0.5057 0.5111 0.5149 0.5194 1.4702 0.1393 0.1124 0.0823 0.0747 0.0722 0.0693 0.0666 0.0659 0.0658 0.0658 0.0598  
43825 36 0.8623 0.9092 0.0599 0.1033 104899916.8330 970289.0211 158018722.2834 204907.6758 15996811193.7004 26512445965.2933 15600168101.6693 5659232976.8289 501572194.7061 104198292.7881 93401127.8447 93401127.8447 93389450.6444 93377773.4442 3207.9051 0.1027 0.1034 0.1349 0.1363 0.1369 0.1393 0.1396 0.1396 0.1396 0.1396 0.1362 0.0007 0.0052 0.0090 0.0171 0.0213 0.0216 0.0216 0.0216 0.0216 0.0216 1.4359 0.1945 0.1722 0.1341 0.1335 0.1275 0.1033 0.0999 0.0999 0.0999 0.0999 0.1338  
52609 4 1.0187 1.0171 0.0218 0.0210 21261613.3813 16891861.6342 1273196801.0532 228355.3143 472940.9170 30032715.1845 93995173.6363 107062451.0030 107400365.1544 107404820.0134 107404820.0134 107404820.0134 107404820.0134 107404820.0134 82.9850 0.2657 0.0312 0.0209 0.0192 0.0191 0.0191 0.0191 0.0191 0.0191 0.0191 0.0191 0.0416 0.5143 1.3000 1.5275 1.5374 1.5376 1.5376 1.5376 1.5376 1.5376 1.5376 0.1130 0.0758 0.0597 0.0564 0.0563 0.0563 0.0563 0.0563 0.0563 0.0563 0.0569  
52609 12 0.9544 0.9516 0.0029 0.0029 11019784.4563 47748.1585 3446585705.3621 861629.9056 3912215.3180 211938576.3131 3083758590.7999 3065416935.4467 1467370420.2212 984021679.7062 563167923.0615 234945548.5214 79515847.9271 31883300.6743 3.3915 0.2153 0.0054 0.0028 0.0029 0.0032 0.0032 0.0033 0.0033 0.0034 0.0037 0.0299 0.0186 0.1372 0.2786 0.3810 0.4352 0.4703 0.5138 0.5480 0.5643 0.5693 1.1640 0.1766 0.0787 0.0733 0.0718 0.0675 0.0660 0.0659 0.0658 0.0655 0.0649 0.0849  
52609 15 1.0533 1.0044 0.0016 0.0035 11903107.5291 1882300.8963 3160190385.5735 1682979.1704 1420331808.8850 19629469850.6004 28765099889.4417 14769867372.1759 4373736419.2775 300453070.7516 3622633.6429 99872.1363 164303.6177 256385.5110 391.7664 0.0987 0.0008 0.0006 0.0008 0.0013 0.0109 0.7659 7.8374 6.0149 4.6125 0.0030 0.0038 0.0342 0.0808 0.1147 0.1548 0.1707 0.1721 0.1731 0.1761 0.1804 1.6453 0.2827 0.1783 0.1521 0.1343 0.1333 0.1333 0.1328 0.1094 0.1050 0.1027 0.2028  
52609 29 0.9105 0.9209 0.0144 0.0174 25312198.2244 1163565.9321 94307359.7161 95642.7263 143409.9017 10781740.4480 214580405.4234 435747571.7380 406373018.8587 303966773.8987 181141714.6423 86133674.4664 39942378.1258 24390910.5312 54.5210 5.3825 1.0057 0.0208 0.0115 0.0118 0.0257 0.0767 0.1971 0.3765 0.5177 0.0086 0.0008 0.0082 0.0282 0.0621 0.1093 0.1664 0.2317 0.3016 0.3756 0.4292 2.5550 0.3397 0.1129 0.0835 0.0778 0.0679 0.0600 0.0550 0.0508 0.0467 0.0442 0.0671  
52609 30 1.4029 1.1828 0.0025 0.0250 61162478.2057 2432702.9353 383004612.1027 77408.6703 3858343.8018 105398069.0914 224515522.2628 140798919.8179 69105898.3919 42528171.7464 38839578.7329 38635817.8063 38629187.5732 38629187.5732 25.2127 0.0162 0.1217 0.3417 0.2344 0.0501 0.0138 0.0103 0.0101 0.0101 0.0101 0.3592 0.0092 0.1152 0.3963 0.8329 1.2515 1.4225 1.4449 1.4461 1.4461 1.4461 1.4461 0.1809 0.1256 0.0947 0.0746 0.0622 0.0571 0.0563 0.0563 0.0563 0.0563 0.0881  
52609 35 0.9605 0.8928 0.3005 0.4358 7835826.0883 4799.9999 51795231.3131 6153.5881 1359091.4682 14387105.1336 19833673.6660 20774249.6039 15878179.3295 11112800.4432 9236055.9966 8869949.4560 8722923.5225 8564397.9744 0.0288 0.0368 1.0750 0.9960 0.3214 0.2847 0.1481 0.0421 0.0184 0.0162 0.0159 0.0173 0.0143 0.1168 0.2527 0.3549 0.4242 0.4826 0.5057 0.5111 0.5149 0.5194 1.4702 0.1384 0.1123 0.0832 0.0752 0.0719 0.0687 0.0665 0.0659 0.0658 0.0658 0.0598  
52609 36 0.8124 0.8578 0.0599 0.1032 86747843.2002 936185.3666 131623320.4866 176686.4741 12183756522.2279 21068135833.0972 13182020741.7470 4780303789.6755 418625384.6909 82578242.2074 73447404.0182 73447404.0182 73438221.4734 73429038.9285 2711.8058 0.1023 0.1032 0.1370 0.1377 0.1381 0.1402 0.1405 0.1405 0.1405 0.1405 0.1376 0.0007 0.0052 0.0090 0.0171 0.0213 0.0216 0.0216 0.0216 0.0216 0.0216 1.4359 0.1945 0.1706 0.1341 0.1335 0.1279 0.1036 0.0999 0.0999 0.0999 0.0999 0.1338  
61369 4 1.0723 1.0579 0.0192 0.0183 20322121.0279 17219974.8712 1354084712.3075 232635.7160 841150.4690 44915069.4772 114503238.8266 113477782.0949 112616603.3959 112600515.6296 112600515.6296 112600515.6296 112600515.6296 112600515.6296 87.7406 0.2816 0.0303 0.0190 0.0170 0.0169 0.0169 0.0169 0.0169 0.0169 0.0169 0.0170 0.0416 0.5143 1.3000 1.5275 1.5374 1.5376 1.5376 1.5376 1.5376 1.5376 1.5376 0.1152 0.0772 0.0604 0.0565 0.0563 0.0563 0.0563 0.0563 0.0563 0.0563 0.0573  
61369 12 0.9695 0.9602 0.0030 0.0028 10975433.4777 87781.8407 3344548354.0503 822371.2608 18980083.6384 232927774.7163 2407797158.9614 2667217164.5232 1622106744.0637 1158888246.1090 664359380.5908 276471549.2250 92787379.7393 36496111.7018 7.2477 0.1992 0.0088 0.0027 0.0030 0.0032 0.0033 0.0033 0.0033 0.0034 0.0036 0.0269 0.0186 0.1372 0.2786 0.3810 0.4352 0.4703 0.5138 0.5480 0.5643 0.5693 1.1640 0.1851 0.0874 0.0732 0.0711 0.0670 0.0659 0.0659 0.0658 0.0656 0.0651 0.1041  
61369 15 0.9828 0.9744 0.0020 0.0034 10997985.1062 1818332.1555 3148950024.5261 1772641.7691 1065545114.4351 17642908069.4093 27979560374.4234 15222642629.7793 4520959380.1479 310601316.2778 3779332.2555 123499.4475 147717.8821 182329.5636 286.2510 0.1230 0.0008 0.0005 0.0007 0.0012 0.0111 0.7877 8.5240 7.4359 6.3440 0.0045 0.0038 0.0342 0.0808 0.1147 0.1548 0.1707 0.1721 0.1731 0.1761 0.1804 1.6453 0.2813 0.1759 0.1514 0.1342 0.1333 0.1333 0.1328 0.1117 0.1085 0.1060 0.2028  
61369 29 0.8861 0.9165 0.0183 0.0218 23891748.6808 1002788.9445 74363820.1716 87079.0026 233760.5141 9469732.9161 187799822.2710 385404511.2646 370418392.5931 286004426.6409 164057484.7517 65860436.8293 23063810.4229 11420300.7021 48.9882 5.3453 1.2646 0.0261 0.0126 0.0150 0.0341 0.0998 0.2691 0.5375 0.7379 0.0111 0.0008 0.0082 0.0282 0.0621 0.1093 0.1664 0.2317 0.3016 0.3756 0.4292 2.5550 0.3438 0.1213 0.0836 0.0776 0.0676 0.0598 0.0555 0.0519 0.0479 0.0452 0.0671  
61369 30 1.1129 1.0631 0.0023 0.0260 77379846.3806 1611116.3901 530046826.4237 108595.5780 3141396.1776 81580284.4130 196065838.9568 158490559.1186 97706829.1048 59542545.2892 53298912.9785 52936767.1202 52924532.0388 52924532.0388 24.6713 0.0160 0.1459 0.3964 0.2305 0.0537 0.0145 0.0100 0.0098 0.0098 0.0098 0.3523 0.0092 0.1152 0.3963 0.8329 1.2515 1.4225 1.4449 1.4461 1.4461 1.4461 1.4461 0.1820 0.1250 0.0919 0.0725 0.0622 0.0573 0.0563 0.0563 0.0563 0.0563 0.0847  
61369 35 1.1879 0.8823 0.1358 0.4509 6152419.1146 98939.4333 43991350.5666 5910.6404 1019887.1891 11163146.8365 17320943.3890 15822513.0287 12063262.3034 9416970.9514 8383973.9797 8164734.0763 8039790.4266 7895025.4854 0.0266 0.0411 1.2135 1.0829 0.3182 0.2755 0.1295 0.0372 0.0186 0.0169 0.0167 0.0179 0.0143 0.1168 0.2527 0.3549 0.4242 0.4826 0.5057 0.5111 0.5149 0.5194 1.4702 0.1376 0.1122 0.0836 0.0757 0.0715 0.0682 0.0663 0.0659 0.0658 0.0658 0.0598  
61369 36 0.8227 0.8730 0.0578 0.0996 72892646.4217 677836.3502 110677880.0357 143543.0885 9871942423.4695 17300684357.0683 11022471554.3736 3995437101.3323 346792759.7537 65681592.9928 58043436.1816 58043436.1816 58036179.4724 58028922.7631 2267.8606 0.0975 0.0984 0.1316 0.1324 0.1329 0.1352 0.1355 0.1355 0.1355 0.1355 0.1323 0.0007 0.0052 0.0090 0.0171 0.0213 0.0216 0.0216 0.0216 0.0216 0.0216 1.4359 0.1945 0.1700 0.1340 0.1335 0.1282 0.1038 0.0998 0.0998 0.0998 0.0998 0.1338  
70129 4 1.0440 1.0291 0.0188 0.0179 21623111.8399 16794802.4614 1416855347.8064 249459.1476 611755.8374 39485168.6636 112878363.1675 119698877.5974 119414399.0927 119408027.7019 119408027.7019 119408027.7019 119408027.7019 119408027.7019 92.6385 0.2554 0.0287 0.0185 0.0172 0.0171 0.0171 0.0171 0.0171 0.0171 0.0171 0.0172 0.0416 0.5143 1.3000 1.5275 1.5374 1.5376 1.5376 1.5376 1.5376 1.5376 1.5376 0.1132 0.0758 0.0600 0.0565 0.0563 0.0563 0.0563 0.0563 0.0563 0.0563 0.0571  
70129 12 0.9564 0.9670 0.0031 0.0029 11168984.3395 103358.2987 3262526015.4050 797298.4800 29853766.1219 280010010.8042 1906823122.8623 2352022735.6650 1722326367.3248 1277884647.4723 733263552.4425 304701483.0983 101756109.0934 39562154.5627 10.3545 0.1655 0.0088 0.0027 0.0031 0.0033 0.0034 0.0034 0.0034 0.0035 0.0037 0.0194 0.0186 0.1372 0.2786 0.3810 0.4352 0.4703 0.5138 0.5480 0.5643 0.5693 1.1640 0.1814 0.0949 0.0732 0.0704 0.0667 0.0659 0.0659 0.0658 0.0656 0.0652 0.1066  
70129 15 0.9818 1.0231 0.0019 0.0041 13429894.4256 1699510.7517 3121499719.2829 1742132.1226 1529390703.1168 19751840744.5686 27962336184.6288 14968126118.6549 4442208485.5398 305186473.1146 3707769.4857 110252.7074 118403.6893 130052.6656 487.1720 0.0962 0.0007 0.0005 0.0008 0.0014 0.0137 0.9603 8.8983 8.4487 7.8683 0.0037 0.0038 0.0342 0.0808 0.1147 0.1548 0.1707 0.1721 0.1731 0.1761 0.1804 1.6453 0.2830 0.1810 0.1512 0.1341 0.1333 0.1333 0.1325 0.1132 0.1118 0.1101 0.2028  
70129 29 0.7850 0.9127 0.0251 0.0287 20384382.1413 871668.3197 58938757.9225 77164.4725 83269.4975 8209159.8391 164566283.1290 341220623.7067 335021857.1477 262127228.0650 144078484.8080 48535319.7435 11656604.1086 4197782.6882 44.0921 5.5442 0.8359 0.0289 0.0210 0.0223 0.0440 0.1135 0.3176 0.7293 1.0485 0.0138 0.0008 0.0082 0.0282 0.0621 0.1093 0.1664 0.2317 0.3016 0.3756 0.4292 2.5550 0.3431 0.1092 0.0834 0.0775 0.0674 0.0598 0.0560 0.0534 0.0498 0.0469 0.0671  
70129 30 1.2476 0.8960 0.0234 0.0377 108550702.0742 64774.7577 640085375.6035 120854.1094 1775497.4989 37504204.7010 81512533.6520 102188864.7158 97214674.0288 77499097.0249 73550434.6596 73308726.6833 73300139.3640 73300139.3640 12.0813 0.0369 0.4516 0.9071 0.4112 0.0748 0.0231 0.0176 0.0172 0.0172 0.0172 0.6751 0.0092 0.1152 0.3963 0.8329 1.2515 1.4225 1.4449 1.4461 1.4461 1.4461 1.4461 0.1840 0.1244 0.0901 0.0704 0.0610 0.0570 0.0563 0.0563 0.0563 0.0563 0.0824  
70129 35 0.8524 0.8596 0.1343 0.5108 5909697.6459 125049.7018 46356253.2197 7021.4375 609972.6684 8029809.5194 13548824.3491 11225662.7247 8873007.3951 7952591.0233 7600038.9259 7499744.8977 7393921.0491 7261969.3960 0.0246 0.0460 1.3245 1.2189 0.3849 0.3166 0.1329 0.0382 0.0206 0.0191 0.0189 0.0198 0.0143 0.1168 0.2527 0.3549 0.4242 0.4826 0.5057 0.5111 0.5149 0.5194 1.4702 0.1350 0.1118 0.0839 0.0760 0.0710 0.0677 0.0662 0.0659 0.0658 0.0658 0.0598  
70129 36 0.8581 0.9011 0.0570 0.0985 62263630.7525 608345.6048 95944781.6693 118099.7421 8496474170.9444 14914770623.2652 9522834175.6520 3449196035.8410 295515929.1258 52539466.6506 45937478.7441 45937478.7441 45931735.5464 45925992.3488 1959.4279 0.0972 0.0981 0.1295 0.1307 0.1312 0.1337 0.1341 0.1341 0.1341 0.1341 0.1306 0.0007 0.0052 0.0090 0.0171 0.0213 0.0216 0.0216 0.0216 0.0216 0.0216 1.4359 0.1945 0.1703 0.1340 0.1335 0.1285 0.1040 0.0998 0.0998 0.0998 0.0998 0.1338  
78889 4 1.0562 1.0236 0.0174 0.0169 21258664.5342 16196244.3360 1454115643.7492 260424.6008 642008.5636 38190924.6759 111560951.1143 124414229.4344 124643793.0932 124646171.3377 124646171.3377 124646171.3377 124646171.3377 124646171.3377 96.7348 0.2308 0.0269 0.0174 0.0162 0.0162 0.0161 0.0161 0.0161 0.0161 0.0161 0.0163 0.0416 0.5143 1.3000 1.5275 1.5374 1.5376 1.5376 1.5376 1.5376 1.5376 1.5376 0.1122 0.0763 0.0598 0.0564 0.0563 0.0563 0.0563 0.0563 0.0563 0.0563 0.0570  
78889 12 0.9687 0.9634 0.0031 0.0029 11029154.7911 94463.1673 3203541665.9602 762526.0376 24622613.5267 238262098.4330 1391058903.2523 2052583847.1877 1853306803.4206 1422246714.8568 816746774.6593 338950729.9104 112690697.6356 43351852.4508 9.5917 0.1770 0.0088 0.0027 0.0032 0.0034 0.0034 0.0034 0.0034 0.0035 0.0036 0.0192 0.0186 0.1372 0.2786 0.3810 0.4352 0.4703 0.5138 0.5480 0.5643 0.5693 1.1640 0.1780 0.0958 0.0732 0.0696 0.0664 0.0659 0.0659 0.0658 0.0657 0.0653 0.1028  
78889 15 0.9778 0.9717 0.0022 0.0043 13133318.6362 1865437.9543 3046637102.5341 1710415.9368 1107698222.3632 18022556620.8226 27916865185.5672 14539774301.2282 4308633041.4288 296024576.2528 3611893.8246 120232.9056 121330.3743 122898.8713 290.8912 0.1154 0.0007 0.0005 0.0007 0.0014 0.0147 1.0237 8.9894 8.7924 8.5122 0.0055 0.0038 0.0342 0.0808 0.1147 0.1548 0.1707 0.1721 0.1731 0.1761 0.1804 1.6453 0.2823 0.1762 0.1516 0.1342 0.1333 0.1333 0.1325 0.1136 0.1129 0.1120 0.2028  
78889 29 0.8010 0.9177 0.0252 0.0324 14597590.8369 594489.6669 49405336.5816 60572.9660 93058.8546 7138985.6118 143458971.4589 301411656.6578 302515729.9789 239171847.2497 128041844.2176 38062498.6751 6153452.1732 1341970.8484 39.8468 5.4966 0.8998 0.0303 0.0250 0.0275 0.0473 0.0972 0.2569 0.7306 1.2910 0.0177 0.0008 0.0082 0.0282 0.0621 0.1093 0.1664 0.2317 0.3016 0.3756 0.4292 2.5550 0.3450 0.1113 0.0834 0.0773 0.0672 0.0598 0.0565 0.0548 0.0525 0.0499 0.0671  
78889 30 1.1200 0.8940 0.0183 0.0330 85162249.8412 42019.5476 669907556.4921 150771.9558 1510473.1193 17486433.3196 20526021.6817 39546739.3533 73450943.5719 86030978.9416 87529692.5381 87606076.9811 87608451.2833 87608451.2833 3.7622 0.0588 1.0690 1.9270 0.4912 0.0573 0.0220 0.0188 0.0186 0.0186 0.0186 1.4085 0.0092 0.1152 0.3963 0.8329 1.2515 1.4225 1.4449 1.4461 1.4461 1.4461 1.4461 0.1855 0.1310 0.0954 0.0665 0.0591 0.0567 0.0563 0.0563 0.0563 0.0563 0.0809  
78889 35 0.5215 1.0144 0.3104 0.7367 7020201.5654 50987.3020 41386246.4896 5985.0997 1614988.1062 18392074.5992 13496715.0034 8131022.1195 6280394.2023 6671484.2886 6844403.3853 6836809.9909 6747768.5917 6628343.9308 0.0225 0.0338 1.2087 1.8001 0.6165 0.4123 0.1556 0.0469 0.0282 0.0266 0.0264 0.0277 0.0143 0.1168 0.2527 0.3549 0.4242 0.4826 0.5057 0.5111 0.5149 0.5194 1.4702 0.1358 0.1139 0.0864 0.0771 0.0705 0.0673 0.0661 0.0659 0.0658 0.0658 0.0598  
78889 36 0.8714 0.9212 0.0567 0.0980 53654187.8430 560511.3063 83213712.0501 101344.4939 7785931563.8426 13354398506.8348 8260826674.1127 2989319686.6839 252946970.3629 42122111.6196 36393724.2019 36393724.2019 36389174.1840 36384624.1661 1699.5087 0.0969 0.0978 0.1279 0.1293 0.1298 0.1326 0.1330 0.1330 0.1330 0.1330 0.1293 0.0007 0.0052 0.0090 0.0171 0.0213 0.0216 0.0216 0.0216 0.0216 0.0216 1.4359 0.1945 0.1710 0.1340 0.1335 0.1289 0.1044 0.0998 0.0998 0.0998 0.0998 0.1338  
87673 4 0.9698 0.9867 0.0177 0.0167 19451630.9790 19486063.1343 1438961891.9823 275060.6976 329370.6685 22372325.5176 96504845.2034 125076615.0260 126476867.8717 126498954.8743 126498954.8743 126498954.8743 126498954.8743 126498954.8743 97.2860 0.2566 0.0250 0.0169 0.0164 0.0164 0.0164 0.0164 0.0164 0.0164 0.0164 0.0164 0.0416 0.5143 1.3000 1.5275 1.5374 1.5376 1.5376 1.5376 1.5376 1.5376 1.5376 0.1122 0.0741 0.0586 0.0564 0.0563 0.0563 0.0563 0.0563 0.0563 0.0563 0.0567  
87673 12 0.9707 0.9702 0.0032 0.0030 11175456.5587 103475.5896 3144612075.6364 738634.5137 31827848.1154 249963070.9944 917036703.8780 1778433923.2728 1975135385.1962 1556067855.6738 894126811.4676 370694409.5403 122823364.7369 46861719.5958 10.5126 0.1869 0.0097 0.0028 0.0033 0.0034 0.0035 0.0035 0.0035 0.0035 0.0037 0.0190 0.0186 0.1372 0.2786 0.3810 0.4352 0.4703 0.5138 0.5480 0.5643 0.5693 1.1640 0.1811 0.1005 0.0731 0.0686 0.0662 0.0659 0.0659 0.0658 0.0657 0.0654 0.1058  
87673 15 0.9601 0.9774 0.0027 0.0048 14054558.6333 1831249.6034 2943589130.1770 1672464.0451 1314926502.4723 17380629233.6883 26915749295.0393 14016025093.0637 4153380532.1291 285385854.4661 3511463.9065 144420.1298 141912.5745 138328.9856 265.5308 0.1257 0.0007 0.0005 0.0007 0.0015 0.0166 1.1426 9.0133 8.9367 8.8219 0.0069 0.0038 0.0342 0.0808 0.1147 0.1548 0.1707 0.1721 0.1731 0.1761 0.1804 1.6453 0.2842 0.1758 0.1517 0.1342 0.1333 0.1333 0.1323 0.1138 0.1135 0.1131 0.2028  
87673 29 0.5722 0.9232 0.0260 0.0346 9215865.1229 335267.9310 44131345.7047 48517.1039 29505.4752 6158273.9177 124639549.8996 265254633.2889 271974045.7015 218115627.6648 116484995.4617 33392521.6585 4615733.5080 738134.4274 35.8134 5.6741 0.4807 0.0293 0.0267 0.0321 0.0506 0.0769 0.1485 0.4266 0.9638 0.0213 0.0008 0.0082 0.0282 0.0621 0.1093 0.1664 0.2317 0.3016 0.3756 0.4292 2.5550 0.3449 0.0993 0.0833 0.0771 0.0670 0.0598 0.0566 0.0556 0.0551 0.0541 0.0671  
87673 30 0.9895 0.9320 0.0145 0.0245 56369504.6184 42589.9993 643012698.2285 168865.4411 960224.8168 10993669.0854 7071000.2927 14546533.4825 55588576.0748 84702705.4059 89463970.4729 89740051.9841 89749625.5090 89749625.5090 0.8304 0.0782 1.4089 2.8628 0.4905 0.0334 0.0196 0.0186 0.0186 0.0186 0.0186 2.7230 0.0092 0.1152 0.3963 0.8329 1.2515 1.4225 1.4449 1.4461 1.4461 1.4461 1.4461 0.1830 0.1356 0.1048 0.0631 0.0572 0.0564 0.0563 0.0563 0.0563 0.0563 0.0857  
87673 35 0.5645 0.9823 0.6086 0.7050 5567108.6153 3888.7003 30223146.2967 3121.4325 1740875.8139 23018810.3765 12389354.4785 6657215.7025 5210576.9120 5920041.9546 6217261.7725 6234035.9025 6155038.5086 6046513.7510 0.0206 0.0333 0.9921 1.7029 0.6094 0.3719 0.1306 0.0427 0.0283 0.0270 0.0269 0.0284 0.0143 0.1168 0.2527 0.3549 0.4242 0.4826 0.5057 0.5111 0.5149 0.5194 1.4702 0.1328 0.1134 0.0873 0.0776 0.0701 0.0670 0.0661 0.0659 0.0658 0.0658 0.0598  
87673 36 0.8635 0.9189 0.0580 0.0979 46582601.4329 613409.6466 71545795.8189 88316.1688 7064100809.6050 11898492402.0662 7170983159.0846 2592761302.0370 216857670.9954 33805287.5654 28831514.1920 28831514.1920 28827909.6170 28824305.0421 1475.1171 0.0970 0.0978 0.1278 0.1292 0.1297 0.1325 0.1331 0.1331 0.1331 0.1331 0.1292 0.0007 0.0052 0.0090 0.0171 0.0213 0.0216 0.0216 0.0216 0.0216 0.0216 1.4359 0.1945 0.1717 0.1340 0.1335 0.1293 0.1047 0.0998 0.0998 0.0998 0.0998 0.1338  
96433 4 0.9740 0.9802 0.0174 0.0159 15573249.3750 23446024.3103 1410150412.6488 266764.4108 266992.7607 18175793.3302 89722899.4275 122290189.9894 124075019.8614 124103774.5594 124103774.5594 124103774.5594 124103774.5594 124103774.5594 95.2727 0.2852 0.0259 0.0160 0.0156 0.0156 0.0156 0.0156 0.0156 0.0156 0.0156 0.0156 0.0416 0.5143 1.3000 1.5275 1.5374 1.5376 1.5376 1.5376 1.5376 1.5376 1.5376 0.1125 0.0740 0.0581 0.0563 0.0563 0.0563 0.0563 0.0563 0.0563 0.0563 0.0566  
96433 12 0.9694 0.9790 0.0033 0.0031 11207420.9383 113166.7982 3057641711.4848 716991.4823 49371257.1677 325245500.4012 677514015.7204 1606341505.0876 1993603345.6191 1589255698.9981 913421507.9443 378507670.6541 125199629.0585 47571799.1465 15.3673 0.1589 0.0092 0.0028 0.0034 0.0035 0.0035 0.0035 0.0035 0.0036 0.0037 0.0139 0.0186 0.1372 0.2786 0.3810 0.4352 0.4703 0.5138 0.5480 0.5643 0.5693 1.1640 0.1825 0.1048 0.0732 0.0677 0.0661 0.0659 0.0659 0.0659 0.0657 0.0655 0.1077  
96433 15 1.0002 1.0689 0.0025 0.0049 26268997.7569 1677740.5136 2986008767.7338 1605770.8081 2239418156.2104 22615725464.5565 27791942438.5249 13544639716.6257 4000373432.2649 274853666.1512 3361895.2335 118711.3040 115820.7889 111689.8832 701.7515 0.3130 0.0026 0.0004 0.0006 0.0015 0.0170 1.1689 9.0870 9.0535 9.0025 0.0032 0.0038 0.0342 0.0808 0.1147 0.1548 0.1707 0.1721 0.1731 0.1761 0.1804 1.6453 0.2854 0.1860 0.1520 0.1342 0.1333 0.1333 0.1323 0.1138 0.1137 0.1136 0.2028  
96433 29 0.7608 0.9285 0.0233 0.0322 6123819.4946 315864.6896 40607880.5131 27763.7144 41760.5413 5348979.2748 108338698.2579 233692420.5536 245232046.3803 200284667.6928 107806542.0101 30944902.0525 4257368.4493 672796.8330 32.2264 5.5710 0.7242 0.0307 0.0261 0.0292 0.0425 0.0578 0.0927 0.2334 0.5469 0.0199 0.0008 0.0082 0.0282 0.0621 0.1093 0.1664 0.2317 0.3016 0.3756 0.4292 2.5550 0.3429 0.1055 0.0833 0.0769 0.0669 0.0597 0.0566 0.0557 0.0554 0.0551 0.0671  
96433 30 0.9330 0.9849 0.0155 0.0218 60201017.1562 45022.2069 601419679.0355 167084.6684 1442738.2732 22026840.5406 17045072.1802 12569459.7996 49693042.2687 79477698.1463 84492302.3031 84785784.2018 84796042.2379 84796042.2379 1.6467 0.0711 1.1015 2.3102 0.8154 0.0276 0.0188 0.0186 0.0186 0.0186 0.0186 2.9350 0.0092 0.1152 0.3963 0.8329 1.2515 1.4225 1.4449 1.4461 1.4461 1.4461 1.4461 0.1792 0.1342 0.1079 0.0660 0.0565 0.0563 0.0563 0.0563 0.0563 0.0563 0.0948  
96433 35 1.7489 0.7539 0.2067 0.5948 3120289.4787 158013.9521 26655456.1035 1762.1040 547012.9921 6671826.2964 7456542.0350 5494767.7123 4932046.0528 5480060.6047 5700143.9929 5706700.8688 5633755.3450 5534521.4098 0.0189 0.0496 1.3546 1.5805 0.4329 0.2579 0.0896 0.0334 0.0244 0.0236 0.0235 0.0248 0.0143 0.1168 0.2527 0.3549 0.4242 0.4826 0.5057 0.5111 0.5149 0.5194 1.4702 0.1335 0.1121 0.0855 0.0767 0.0698 0.0669 0.0660 0.0659 0.0658 0.0658 0.0598  
96433 36 0.8516 0.8856 0.0579 0.0983 21385895.6364 545821.1025 61383913.3683 76260.6372 5755789086.1561 9942327668.2345 6210439913.4439 2244576312.3413 185751011.6476 27128046.6334 22818052.2363 22818052.2363 22815199.4767 22812346.7171 1277.8541 0.0975 0.0985 0.1299 0.1308 0.1312 0.1336 0.1341 0.1341 0.1341 0.1341 0.1308 0.0007 0.0052 0.0090 0.0171 0.0213 0.0216 0.0216 0.0216 0.0216 0.0216 1.4359 0.1945 0.1708 0.1340 0.1336 0.1296 0.1051 0.0998 0.0998 0.0998 0.0998 0.1338  
