8761 4 0.7859 0.7898 0.1659 0.2098 24250462.5157 23504045.1595 257402713.2841 27742.9881 630323.6984 29861274.0775 34134863.1956 12257658.7579 10643613.5817 10616526.3784 10616526.3784 10616526.3784 10616526.3784 10616526.3784 9.5326 0.5340 0.2718 0.2461 0.2259 0.2189 0.2187 0.2187 0.2187 0.2187 0.2187 0.2257 0.0416 0.5143 1.3000 1.5275 1.5374 1.5376 1.5376 1.5376 1.5376 1.5376 1.5376 0.1128 0.0800 0.0662 0.0578 0.0563 0.0563 0.0563 0.0563 0.0563 0.0563 0.0643  
8761 12 1.6109 0.6928 0.0180 0.0306 16627993.6079 4459402.4095 1229761571.8885 42536.4125 885933041.1119 4006785940.6182 1572036672.7318 321136190.1280 89658182.4139 54020553.9837 33550582.2204 17838021.2074 10396743.7880 8115956.4704 305.7504 0.5623 0.0191 0.0269 0.0419 0.0471 0.0483 0.0491 0.0511 0.0540 0.0558 0.0129 0.0186 0.1372 0.2786 0.3810 0.4352 0.4703 0.5138 0.5480 0.5643 0.5693 1.1640 0.1874 0.1142 0.0852 0.0731 0.0673 0.0657 0.0651 0.0638 0.0620 0.0608 0.1169  
8761 15 0.7697 0.6277 0.2026 0.1816 588393125.0032 2939699.3306 1669564039.1057 462291.5498 905083232.9838 12132475312.1519 8727278409.7682 3193632036.8485 1543655914.2441 930848800.4247 884762023.9682 876139794.3556 852533707.6598 818797629.5273 1227.1274 1.1031 0.0104 0.0053 0.0407 0.2529 0.4577 0.4798 0.4804 0.4813 0.4827 0.2200 0.0038 0.0342 0.0808 0.1147 0.1548 0.1707 0.1721 0.1731 0.1761 0.1804 1.6453 0.2749 0.1997 0.1549 0.1330 0.1231 0.1148 0.1139 0.1139 0.1138 0.1137 0.1622  
8761 29 0.7119 0.6403 0.0583 0.1207 71281692.4151 208956827.5891 214749365.8746 91116.3755 1912730.4796 258096548.8440 768786720.9382 789331681.3612 521932268.4973 340663768.3310 232847968.4183 170466752.0229 143093561.3958 134006144.7330 130.0614 5.1030 1.3981 0.2895 0.0721 0.0461 0.0952 0.2836 0.5159 0.6455 0.6905 0.1753 0.0008 0.0082 0.0282 0.0621 0.1093 0.1664 0.2317 0.3016 0.3756 0.4292 2.5550 0.1788 0.1185 0.1023 0.0840 0.0697 0.0598 0.0529 0.0479 0.0442 0.0422 0.0958  
8761 30 0.1255 0.8874 0.0173 0.0377 21400540.2760 35276.8101 167568453.5841 3927.6676 16.9453 2575.1613 1023126.8522 10269835.4617 20010484.8761 21403571.5100 21327588.5728 21317017.8676 21316447.1029 21316447.1029 0.5745 1.2697 3.8072 0.8769 0.2092 0.0650 0.0307 0.0249 0.0246 0.0246 0.0246 0.2876 0.0092 0.1152 0.3963 0.8329 1.2515 1.4225 1.4449 1.4461 1.4461 1.4461 1.4461 0.1303 0.0890 0.0684 0.0637 0.0596 0.0568 0.0563 0.0563 0.0563 0.0563 0.0663  
8761 35 1.0156 0.4729 0.2934 0.5797 12210582.5619 2147961.2599 101782620.6749 12750.4219 5292357.8229 53890858.0948 63996804.4725 64914884.3891 43895109.2955 22660960.6754 14334432.0010 12854295.4416 12558926.1732 12321895.6371 0.0414 0.0675 1.6432 1.8388 0.2529 0.1903 0.1335 0.0665 0.0470 0.0452 0.0450 0.0512 0.0143 0.1168 0.2527 0.3549 0.4242 0.4826 0.5057 0.5111 0.5149 0.5194 1.4702 0.1364 0.1137 0.0842 0.0758 0.0726 0.0699 0.0669 0.0660 0.0658 0.0658 0.0598  
8761 36 0.4472 0.5401 0.0472 0.1075 171925216.8029 3365061.3326 285694017.9564 78890.6389 30590553546.2987 47515234347.4546 25108985854.5475 9161727124.2650 897376250.5810 260646253.2466 243345488.2340 243345488.2340 243315064.6828 243284641.1315 5157.4713 1.3416 0.1433 0.1451 0.1452 0.1466 0.1499 0.1502 0.1502 0.1502 0.1502 0.1451 0.0007 0.0052 0.0090 0.0171 0.0213 0.0216 0.0216 0.0216 0.0216 0.0216 1.4359 0.1897 0.1719 0.1293 0.1283 0.1193 0.0980 0.0960 0.0960 0.0960 0.0960 0.1289  
17545 4 6.5340 2.1984 0.0495 0.0573 16401810.0680 5726577.3584 655515113.3014 15721.2882 1949542.7138 85639217.2224 94006336.8967 39166511.4605 35468106.9146 35406742.1234 35406742.1234 35406742.1234 35406742.1234 35406742.1234 31.5108 0.1837 0.0455 0.0402 0.0364 0.0353 0.0352 0.0352 0.0352 0.0352 0.0352 0.0361 0.0416 0.5143 1.3000 1.5275 1.5374 1.5376 1.5376 1.5376 1.5376 1.5376 1.5376 0.1136 0.0802 0.0659 0.0575 0.0563 0.0563 0.0563 0.0563 0.0563 0.0563 0.0632  
17545 12 1.5180 1.6594 0.0091 0.0131 18019556.7029 200982.9298 2873143241.9942 690815.5239 1376044097.6589 6500226354.3366 4349478976.2217 1615783927.7383 318350709.3749 133030191.3392 76708159.5523 35317379.2211 15716260.0646 9709048.8750 467.0197 0.1014 0.0040 0.0081 0.0136 0.0158 0.0168 0.0171 0.0175 0.0184 0.0192 0.0022 0.0186 0.1372 0.2786 0.3810 0.4352 0.4703 0.5138 0.5480 0.5643 0.5693 1.1640 0.1869 0.1079 0.0818 0.0740 0.0694 0.0660 0.0654 0.0646 0.0629 0.0615 0.1136  
17545 15 1.0806 1.1221 0.2287 0.2025 429635265.9089 1026815.8223 1708423294.6065 665555.1843 738555405.8256 13767689466.8084 12974313935.0414 5132999461.9994 1769712825.1909 486017587.5143 391848581.5123 387213414.0949 376946720.9743 362274323.2455 866.2261 0.1150 0.0009 0.0008 0.0190 0.1865 0.6072 0.7027 0.7039 0.7035 0.7029 0.1972 0.0038 0.0342 0.0808 0.1147 0.1548 0.1707 0.1721 0.1731 0.1761 0.1804 1.6453 0.2752 0.1922 0.1551 0.1342 0.1280 0.1164 0.1139 0.1139 0.1138 0.1137 0.1750  
17545 29 1.1486 0.8792 0.0323 0.0842 19988391.3384 1049768.0999 193955764.5095 120926.8215 543134.7351 46424681.1985 453173592.6405 760750107.1902 562605536.4029 355552698.1568 226773297.0122 155744639.0833 123351739.2819 111403365.8409 79.9591 4.6459 1.0640 0.2695 0.0432 0.0083 0.0097 0.0268 0.0630 0.1114 0.1459 0.2921 0.0008 0.0082 0.0282 0.0621 0.1093 0.1664 0.2317 0.3016 0.3756 0.4292 2.5550 0.3122 0.1122 0.0902 0.0807 0.0701 0.0605 0.0539 0.0486 0.0445 0.0424 0.0782  
17545 30 1.3505 1.6466 0.0032 0.0077 3914893.8064 1708399.1362 175078403.2571 36951.1540 2051060.6391 47772437.8402 72467952.0057 28818564.8619 17346800.9151 21711108.6046 22745675.7846 22810067.6851 22812387.2131 22812387.2131 7.1650 0.0083 0.0375 0.1275 0.0823 0.0086 0.0046 0.0039 0.0038 0.0038 0.0038 0.1900 0.0092 0.1152 0.3963 0.8329 1.2515 1.4225 1.4449 1.4461 1.4461 1.4461 1.4461 0.1842 0.1307 0.1022 0.0765 0.0585 0.0564 0.0563 0.0563 0.0563 0.0563 0.0932  
17545 35 0.9541 0.7818 0.2044 0.2808 10488535.6453 2990.3219 92553789.5539 10609.8988 597013.7726 10139602.8828 42238334.8231 54225322.4062 39224013.9763 20670347.4744 13345183.4950 12038759.7691 11768736.4703 11546938.1871 0.0386 0.0471 1.1658 0.5933 0.1840 0.1807 0.1154 0.0351 0.0112 0.0088 0.0085 0.0096 0.0143 0.1168 0.2527 0.3549 0.4242 0.4826 0.5057 0.5111 0.5149 0.5194 1.4702 0.1347 0.1056 0.0810 0.0750 0.0726 0.0699 0.0669 0.0660 0.0658 0.0658 0.0598  
17545 36 1.0213 0.9196 0.0397 0.0951 78892438.5049 1612208.2215 300295899.0909 312785.1142 19977837583.2655 39713002791.2964 29297758052.8348 10653729656.6885 961004028.9453 214224362.3103 193933392.1204 193933392.1204 193909146.1706 193884900.2207 6031.9740 0.0902 0.0910 0.1122 0.1137 0.1163 0.1259 0.1272 0.1272 0.1272 0.1272 0.1135 0.0007 0.0052 0.0090 0.0171 0.0213 0.0216 0.0216 0.0216 0.0216 0.0216 1.4359 0.1944 0.1695 0.1339 0.1332 0.1262 0.1027 0.0998 0.0998 0.0998 0.0998 0.1337  
26305 4 2.2234 1.5631 0.0247 0.0308 15428892.4155 50918715.3431 1092508567.1482 102723.5059 2591462.1950 126356527.8245 153594769.4397 80968166.4906 76171900.6067 76092527.8960 76092527.8960 76092527.8960 76092527.8960 76092527.8960 64.8393 0.1752 0.0347 0.0285 0.0265 0.0261 0.0260 0.0260 0.0260 0.0260 0.0260 0.0266 0.0416 0.5143 1.3000 1.5275 1.5374 1.5376 1.5376 1.5376 1.5376 1.5376 1.5376 0.1142 0.0794 0.0650 0.0571 0.0563 0.0563 0.0563 0.0563 0.0563 0.0563 0.0610  
26305 12 1.0372 0.9752 0.0049 0.0058 17823723.8864 282664.9698 4030057478.8758 1048650.8138 159923232.8280 2711667695.7070 6063112989.6336 3286102376.6603 852643461.6367 437693733.6797 249049459.8387 106096345.9456 38400559.2231 17654495.7377 110.1813 0.0988 0.0036 0.0041 0.0058 0.0064 0.0068 0.0068 0.0070 0.0076 0.0084 0.0035 0.0186 0.1372 0.2786 0.3810 0.4352 0.4703 0.5138 0.5480 0.5643 0.5693 1.1640 0.1609 0.0935 0.0788 0.0733 0.0691 0.0660 0.0658 0.0654 0.0646 0.0632 0.1011  
26305 15 1.1509 1.1301 0.1347 0.3172 459496186.0142 1498006.3347 1815588118.0006 719217.7678 481262053.3252 15483561139.9433 17775670291.5828 7210771257.2071 2121925231.5241 166928824.2002 24472111.3513 22831175.2784 23007513.7896 23259537.6032 548.3425 0.1604 0.0011 0.0009 0.0112 0.1317 1.1443 2.6721 2.7253 2.6909 2.6405 0.2050 0.0038 0.0342 0.0808 0.1147 0.1548 0.1707 0.1721 0.1731 0.1761 0.1804 1.6453 0.2725 0.1879 0.1540 0.1345 0.1323 0.1247 0.1144 0.1138 0.1135 0.1132 0.1935  
26305 29 0.8403 0.9183 0.0143 0.0308 30553594.0473 1077018.9994 163718157.3549 138896.1299 137903.6252 18179197.4535 338297482.4139 664863229.6021 562963997.2390 361137059.6703 216078985.1197 135660732.8239 96868766.7704 81448167.0354 80.2801 5.2580 0.8602 0.0741 0.0160 0.0087 0.0155 0.0459 0.1125 0.2064 0.2753 0.0607 0.0008 0.0082 0.0282 0.0621 0.1093 0.1664 0.2317 0.3016 0.3756 0.4292 2.5550 0.3298 0.1055 0.0844 0.0787 0.0693 0.0608 0.0543 0.0490 0.0449 0.0426 0.0681  
26305 30 1.3451 1.3764 0.0036 0.0242 36925435.4021 3138260.7893 217066633.0511 49901.2465 3741862.5640 87797383.8561 132770879.8165 67470999.5211 32587191.9812 24594642.7414 23800426.8029 23763024.7004 23762044.7835 23762044.7835 14.4252 0.0134 0.1088 0.3730 0.2796 0.0533 0.0121 0.0104 0.0103 0.0103 0.0103 0.4594 0.0092 0.1152 0.3963 0.8329 1.2515 1.4225 1.4449 1.4461 1.4461 1.4461 1.4461 0.1814 0.1302 0.0984 0.0760 0.0614 0.0567 0.0563 0.0563 0.0563 0.0563 0.0898  
26305 35 0.8737 0.9188 0.2533 0.3263 9937133.6563 4938.4022 79406169.7058 10123.1263 1278280.3979 12611807.9093 34463769.1628 45529655.1222 33653193.8596 18361139.0034 12314323.1400 11228751.4279 10988247.4102 10782162.0808 0.0360 0.0421 1.3700 0.7884 0.2077 0.1945 0.1223 0.0372 0.0129 0.0105 0.0103 0.0114 0.0143 0.1168 0.2527 0.3549 0.4242 0.4826 0.5057 0.5111 0.5149 0.5194 1.4702 0.1382 0.1113 0.0815 0.0749 0.0725 0.0698 0.0668 0.0660 0.0658 0.0658 0.0598  
26305 36 0.8410 0.9170 0.0545 0.1009 191903790.2158 1327347.5881 272529209.6906 319432.7217 16128915347.8000 34602814896.5996 27427032560.2946 9958474363.9210 871810788.1489 171725397.6473 152703166.4518 152703166.4518 152684075.1893 152664983.9267 5649.4348 0.1021 0.1029 0.1350 0.1361 0.1367 0.1388 0.1392 0.1392 0.1392 0.1392 0.1361 0.0007 0.0052 0.0090 0.0171 0.0213 0.0216 0.0216 0.0216 0.0216 0.0216 1.4359 0.1944 0.1654 0.1340 0.1335 0.1277 0.1035 0.0999 0.0999 0.0999 0.0999 0.1338  
35065 4 1.0517 1.0503 0.0344 0.0340 39751584.7980 16266950.1176 1241013543.2122 228395.6255 837092.2019 47813798.7633 104446002.8667 104115702.0296 103760331.5578 103753806.2806 103753806.2806 103753806.2806 103753806.2806 103753806.2806 81.2082 0.1906 0.0398 0.0353 0.0335 0.0333 0.0333 0.0333 0.0333 0.0333 0.0333 0.0334 0.0416 0.5143 1.3000 1.5275 1.5374 1.5376 1.5376 1.5376 1.5376 1.5376 1.5376 0.1113 0.0758 0.0615 0.0566 0.0563 0.0563 0.0563 0.0563 0.0563 0.0563 0.0576  
35065 12 0.9994 0.9502 0.0027 0.0029 11896088.7255 86434.5278 4443494181.5256 1087648.4292 11487269.4033 703196506.7865 4498476574.7749 3839459434.8611 1716901607.0052 1129980304.0165 646203712.5645 269565724.1266 91208813.5824 36550060.2576 12.0160 0.1220 0.0029 0.0024 0.0027 0.0029 0.0030 0.0030 0.0031 0.0032 0.0035 0.0123 0.0186 0.1372 0.2786 0.3810 0.4352 0.4703 0.5138 0.5480 0.5643 0.5693 1.1640 0.1496 0.0847 0.0754 0.0722 0.0678 0.0660 0.0659 0.0658 0.0654 0.0647 0.0961  
35065 15 1.3159 1.0947 0.0084 0.0483 70002655.1471 1973509.4680 2127558903.5125 827719.7581 309895317.4065 16124362736.0996 21611258693.8268 8587830150.2131 2504132794.2203 172032590.9374 2107756.5037 210772.1037 597625.2816 1150494.1658 344.3008 0.1827 0.0012 0.0010 0.0019 0.0090 0.1365 2.6524 5.1797 3.9138 3.1476 0.0079 0.0038 0.0342 0.0808 0.1147 0.1548 0.1707 0.1721 0.1731 0.1761 0.1804 1.6453 0.2726 0.1814 0.1540 0.1346 0.1333 0.1330 0.1252 0.1096 0.1070 0.1054 0.2024  
35065 29 0.9490 0.9304 0.0104 0.0180 23947258.5501 1250238.6011 139199778.8340 116717.1825 239009.3149 13849465.7570 273920897.7291 585546412.8747 548090444.2136 355814498.3862 202878503.0674 117545888.6476 75952934.7944 59386542.6538 82.4667 5.1869 1.4222 0.0352 0.0112 0.0083 0.0149 0.0455 0.1132 0.2074 0.2782 0.0147 0.0008 0.0082 0.0282 0.0621 0.1093 0.1664 0.2317 0.3016 0.3756 0.4292 2.5550 0.3277 0.1211 0.0836 0.0775 0.0685 0.0610 0.0547 0.0495 0.0453 0.0430 0.0671  
35065 30 1.2788 1.1788 0.0028 0.0258 49873826.8417 2714201.3115 302930668.0079 67120.1943 4062992.9377 97035536.9603 152145642.4851 99542821.5377 52597918.2745 33385251.1955 30837553.2690 30701835.1565 30697671.6416 30697671.6416 16.9477 0.0138 0.1230 0.3776 0.2350 0.0538 0.0135 0.0104 0.0102 0.0102 0.0102 0.3933 0.0092 0.1152 0.3963 0.8329 1.2515 1.4225 1.4449 1.4461 1.4461 1.4461 1.4461 0.1804 0.1289 0.0955 0.0739 0.0624 0.0571 0.0563 0.0563 0.0563 0.0563 0.0865  
35065 35 0.8676 0.8918 0.2705 0.3332 9153267.1030 5424.0498 74563163.7674 8844.5882 1241245.4033 11105937.4512 26763752.4828 36989904.2440 28135663.7276 16084902.1731 11309650.0832 10443691.0026 10232371.9413 10041683.5905 0.0335 0.0384 1.2428 0.7607 0.2287 0.2147 0.1299 0.0388 0.0142 0.0118 0.0116 0.0129 0.0143 0.1168 0.2527 0.3549 0.4242 0.4826 0.5057 0.5111 0.5149 0.5194 1.4702 0.1389 0.1120 0.0813 0.0747 0.0724 0.0696 0.0667 0.0660 0.0658 0.0658 0.0598  
35065 36 0.8905 0.9215 0.0583 0.1022 177458133.9604 1433532.3681 252786554.3962 268656.5023 13072504549.7331 30377356369.5331 25692756247.5766 9316939148.0731 794699650.8014 138100523.5008 120259866.7832 120259866.7832 120244831.6484 120229796.5136 5294.2767 0.1017 0.1026 0.1347 0.1358 0.1363 0.1386 0.1390 0.1390 0.1390 0.1390 0.1358 0.0007 0.0052 0.0090 0.0171 0.0213 0.0216 0.0216 0.0216 0.0216 0.0216 1.4359 0.1944 0.1637 0.1340 0.1335 0.1285 0.1040 0.0999 0.0999 0.0999 0.0999 0.1338  
43825 4 0.9813 0.9989 0.0228 0.0211 21465974.3306 15772139.3130 1284392295.0732 240196.7932 397128.7226 25117951.8268 85358051.1029 108539085.1507 109813552.3382 109834102.3812 109834102.3812 109834102.3812 109834102.3812 109834102.3812 84.8216 0.1921 0.0270 0.0199 0.0190 0.0190 0.0190 0.0190 0.0190 0.0190 0.0190 0.0190 0.0416 0.5143 1.3000 1.5275 1.5374 1.5376 1.5376 1.5376 1.5376 1.5376 1.5376 0.1107 0.0756 0.0593 0.0564 0.0563 0.0563 0.0563 0.0563 0.0563 0.0563 0.0568  
43825 12 0.9645 0.9512 0.0024 0.0024 11424298.6258 41230.4487 4385638394.6575 1086963.1505 2842920.1311 275588135.5496 3350503512.9855 3544099458.1132 2066218948.3520 1462155949.6674 837687661.9453 348283574.1358 116526460.4110 45502939.8070 3.4093 0.2266 0.0033 0.0022 0.0024 0.0026 0.0026 0.0026 0.0027 0.0027 0.0029 0.0270 0.0186 0.1372 0.2786 0.3810 0.4352 0.4703 0.5138 0.5480 0.5643 0.5693 1.1640 0.1763 0.0792 0.0738 0.0712 0.0670 0.0659 0.0659 0.0658 0.0656 0.0652 0.0828  
43825 15 1.2926 1.1340 0.0020 0.0046 21866850.5773 1969375.1970 2575083837.9602 1089199.2275 304531196.5592 18970367012.7883 25843222018.6362 10588536302.7468 3093891752.3576 212526471.4311 2561328.5703 110228.9718 274978.4856 510429.2686 399.5112 0.4504 0.0034 0.0007 0.0010 0.0013 0.0079 0.5491 5.2687 3.0202 2.0606 0.0015 0.0038 0.0342 0.0808 0.1147 0.1548 0.1707 0.1721 0.1731 0.1761 0.1804 1.6453 0.2688 0.1821 0.1538 0.1346 0.1333 0.1333 0.1328 0.1037 0.1010 0.1002 0.2028  
43825 29 0.9428 0.9258 0.0119 0.0163 26186443.0649 1266179.0336 114482299.4369 110759.6132 98998.6350 10668687.1812 218675261.2066 513317960.7373 530347992.4402 349097216.7808 188608843.6315 97448628.8800 54171620.0060 37890763.1553 83.4661 5.3067 1.1113 0.0249 0.0108 0.0096 0.0195 0.0628 0.1615 0.3021 0.4112 0.0092 0.0008 0.0082 0.0282 0.0621 0.1093 0.1664 0.2317 0.3016 0.3756 0.4292 2.5550 0.3217 0.1118 0.0831 0.0764 0.0680 0.0612 0.0552 0.0501 0.0459 0.0435 0.0671  
43825 30 1.1493 1.0059 0.0033 0.0300 67092164.0623 1538415.0636 402152212.5452 85835.0162 3163074.2081 71406762.2987 113408546.9561 90777860.5181 66269186.0578 46946791.6484 43756441.6380 43573078.6871 43567125.6535 43567125.6535 14.8885 0.0197 0.2118 0.5738 0.2913 0.0607 0.0174 0.0126 0.0123 0.0123 0.0123 0.5056 0.0092 0.1152 0.3963 0.8329 1.2515 1.4225 1.4449 1.4461 1.4461 1.4461 1.4461 0.1810 0.1279 0.0943 0.0713 0.0617 0.0571 0.0563 0.0563 0.0563 0.0563 0.0834  
43825 35 0.8313 0.9684 0.2952 0.4042 8841596.7105 5743.5481 65145577.0858 7673.5813 2218497.9902 22108594.7751 26304382.2561 29762276.1674 22194903.1103 13669601.1408 10305932.7812 9683306.8768 9502977.2247 9327528.5637 0.0311 0.0353 0.9947 0.9757 0.2702 0.2432 0.1397 0.0406 0.0158 0.0135 0.0132 0.0145 0.0143 0.1168 0.2527 0.3549 0.4242 0.4826 0.5057 0.5111 0.5149 0.5194 1.4702 0.1381 0.1133 0.0831 0.0750 0.0722 0.0693 0.0666 0.0659 0.0658 0.0658 0.0598  
43825 36 0.9059 0.9324 0.0598 0.1030 161852482.4694 1487306.1010 232724072.6905 239227.0350 10624131742.3334 27098970190.0393 24461672278.6567 8860254893.4287 737458727.8860 111634860.6508 94630404.5975 94630404.5975 94618573.7106 94606742.8236 5042.4381 0.1022 0.1032 0.1351 0.1363 0.1367 0.1393 0.1398 0.1398 0.1398 0.1398 0.1362 0.0007 0.0052 0.0090 0.0171 0.0213 0.0216 0.0216 0.0216 0.0216 0.0216 1.4359 0.1944 0.1616 0.1340 0.1336 0.1293 0.1048 0.0999 0.0999 0.0999 0.0999 0.1338  
52609 4 1.0985 1.0656 0.0190 0.0181 20326061.1950 16742025.9185 1359029918.4059 235708.6113 764951.0374 47535220.9884 107288554.9724 114958879.5461 115213899.5813 115217612.3641 115217612.3641 115217612.3641 115217612.3641 115217612.3641 90.1086 0.1890 0.0275 0.0184 0.0169 0.0169 0.0169 0.0169 0.0169 0.0169 0.0169 0.0170 0.0416 0.5143 1.3000 1.5275 1.5374 1.5376 1.5376 1.5376 1.5376 1.5376 1.5376 0.1109 0.0786 0.0606 0.0564 0.0563 0.0563 0.0563 0.0563 0.0563 0.0563 0.0573  
52609 12 0.9549 0.9517 0.0024 0.0023 11078869.1477 36092.2959 4253137203.6396 1048361.2326 1769105.2382 159500820.4087 2469445225.9377 3094929264.5277 2267839611.4799 1682518714.9207 965133114.3611 400620663.2073 133296114.4865 51372775.2982 2.6707 0.2669 0.0040 0.0022 0.0024 0.0025 0.0026 0.0026 0.0026 0.0026 0.0028 0.0290 0.0186 0.1372 0.2786 0.3810 0.4352 0.4703 0.5138 0.5480 0.5643 0.5693 1.1640 0.1842 0.0765 0.0731 0.0705 0.0667 0.0659 0.0659 0.0658 0.0657 0.0653 0.0746  
52609 15 1.1349 1.0932 0.0017 0.0032 23454414.8042 2106579.3472 2960903856.6780 1407951.3381 298501181.9823 21067088966.0825 29263587583.0517 12485899403.4988 3657937441.9935 251284196.7528 3033601.6018 92034.9672 159528.6039 255986.7535 438.2347 0.4327 0.0031 0.0007 0.0010 0.0014 0.0092 0.6437 7.2978 5.1943 3.8170 0.0018 0.0038 0.0342 0.0808 0.1147 0.1548 0.1707 0.1721 0.1731 0.1761 0.1804 1.6453 0.2658 0.1801 0.1535 0.1345 0.1333 0.1333 0.1329 0.1079 0.1036 0.1018 0.2028  
52609 29 0.9223 0.9212 0.0162 0.0205 25423064.9470 1025944.9115 92713983.1248 104418.9746 80311.5171 8064803.0751 170369408.3960 444422201.0697 506345623.2688 341806030.0536 175387733.6185 77413734.5216 34502209.1012 20543640.6867 82.0729 5.4198 1.1160 0.0312 0.0147 0.0121 0.0249 0.0822 0.2215 0.4222 0.5771 0.0096 0.0008 0.0082 0.0282 0.0621 0.1093 0.1664 0.2317 0.3016 0.3756 0.4292 2.5550 0.3285 0.1126 0.0827 0.0752 0.0674 0.0612 0.0557 0.0510 0.0468 0.0443 0.0671  
52609 30 1.2091 1.2130 0.0057 0.0303 85796778.3206 615638.8463 475421423.9902 98647.5803 6059543.4096 130062330.7253 169289623.9870 94098020.9790 64983624.9855 57078352.0989 56234670.8779 56195239.1681 56194440.5853 56194440.5853 19.3531 0.0193 0.2180 0.6365 0.3727 0.0585 0.0180 0.0145 0.0143 0.0143 0.0143 0.6476 0.0092 0.1152 0.3963 0.8329 1.2515 1.4225 1.4449 1.4461 1.4461 1.4461 1.4461 0.1815 0.1308 0.0983 0.0730 0.0608 0.0568 0.0563 0.0563 0.0563 0.0563 0.0872  
52609 35 1.1563 0.8692 0.2055 0.4302 7672174.1724 29749.3113 51796283.1897 6378.7445 1473545.7943 13395730.2083 23584493.3249 23684190.7567 17379946.4273 11638240.4698 9385841.1612 8955497.9888 8801375.5292 8640291.2643 0.0288 0.0434 1.2937 1.0463 0.2878 0.2547 0.1362 0.0392 0.0169 0.0149 0.0147 0.0160 0.0143 0.1168 0.2527 0.3549 0.4242 0.4826 0.5057 0.5111 0.5149 0.5194 1.4702 0.1403 0.1122 0.0832 0.0754 0.0720 0.0688 0.0665 0.0659 0.0658 0.0658 0.0598  
52609 36 0.8621 0.8640 0.0605 0.1033 155144147.6896 1361095.9285 214054681.2828 216726.5872 4909151109.2847 20705893508.4961 23462754062.4406 8495131004.3546 691988014.4558 90791945.0448 74456655.8031 74456655.8031 74447347.0795 74438038.3559 4840.9672 0.1020 0.1035 0.1371 0.1376 0.1378 0.1395 0.1399 0.1399 0.1399 0.1399 0.1376 0.0007 0.0052 0.0090 0.0171 0.0213 0.0216 0.0216 0.0216 0.0216 0.0216 1.4359 0.1942 0.1534 0.1339 0.1336 0.1300 0.1057 0.0999 0.0999 0.0999 0.0999 0.1338  
61369 4 0.9931 0.9931 0.0189 0.0181 21863556.9100 15452646.4642 1374835013.9653 258931.0541 296200.2476 23574133.3185 90489346.6410 118381697.2633 119919696.2831 119944516.9792 119944516.9792 119944516.9792 119944516.9792 119944516.9792 92.3698 0.1724 0.0257 0.0186 0.0175 0.0175 0.0175 0.0175 0.0175 0.0175 0.0175 0.0176 0.0416 0.5143 1.3000 1.5275 1.5374 1.5376 1.5376 1.5376 1.5376 1.5376 1.5376 0.1091 0.0749 0.0590 0.0564 0.0563 0.0563 0.0563 0.0563 0.0563 0.0563 0.0567  
61369 12 0.9572 0.9531 0.0024 0.0023 10964888.7765 48390.3117 4113386633.1693 1001038.9894 4130414.0185 111314432.5988 1725259464.8422 2659712786.7365 2416738778.0472 1855811229.4211 1065481452.6474 441801528.9410 146458330.7466 55948538.7140 3.2709 0.2716 0.0074 0.0022 0.0024 0.0026 0.0026 0.0026 0.0026 0.0027 0.0028 0.0376 0.0186 0.1372 0.2786 0.3810 0.4352 0.4703 0.5138 0.5480 0.5643 0.5693 1.1640 0.1911 0.0784 0.0728 0.0696 0.0664 0.0659 0.0659 0.0658 0.0657 0.0654 0.0825  
61369 15 1.1328 1.0155 0.0012 0.0022 8107290.2465 1851433.2374 3322845496.1072 1597875.5196 117964534.3436 18125900779.6058 30247793575.9468 15214332435.7030 4499888622.6664 309079108.4667 3681877.6678 44089.2004 71319.0341 110234.4004 186.4942 0.1946 0.0009 0.0006 0.0008 0.0011 0.0060 0.4152 7.9922 6.2600 4.8696 0.0019 0.0038 0.0342 0.0808 0.1147 0.1548 0.1707 0.1721 0.1731 0.1761 0.1804 1.6453 0.2596 0.1741 0.1526 0.1343 0.1333 0.1333 0.1330 0.1098 0.1054 0.1030 0.2028  
61369 29 0.8914 0.9168 0.0208 0.0251 23526359.4583 899020.7898 74032582.9513 96302.5049 50931.8191 6042469.5372 132494754.8672 384389116.5771 476065991.2467 328575288.7854 159452297.7852 57332359.7254 18267168.3621 8611342.3952 78.6072 5.5564 0.9997 0.0340 0.0188 0.0159 0.0326 0.1043 0.3008 0.6173 0.8423 0.0111 0.0008 0.0082 0.0282 0.0621 0.1093 0.1664 0.2317 0.3016 0.3756 0.4292 2.5550 0.3311 0.1101 0.0822 0.0742 0.0669 0.0612 0.0563 0.0524 0.0482 0.0454 0.0671  
61369 30 1.1198 1.0000 0.0107 0.0343 98607174.8783 630327.7915 548083882.2464 119278.8583 4358136.1823 92648967.0156 141357912.2444 106389401.2540 76782544.0147 65826340.9804 64782337.2408 64740350.1847 64739988.6619 64739988.6619 17.4961 0.0230 0.2533 0.6829 0.4060 0.0695 0.0188 0.0154 0.0152 0.0152 0.0152 0.6440 0.0092 0.1152 0.3963 0.8329 1.2515 1.4225 1.4449 1.4461 1.4461 1.4461 1.4461 0.1808 0.1279 0.0950 0.0730 0.0609 0.0568 0.0563 0.0563 0.0563 0.0563 0.0859  
61369 35 1.0851 0.8551 0.0910 0.3787 6377637.1289 119179.2299 47342812.6367 7375.7109 830146.3457 7899584.6497 18425185.4670 17949304.4518 13525610.6172 9947552.9458 8546256.0027 8263899.6167 8131749.6639 7984155.2369 0.0267 0.0429 1.2203 0.8288 0.2829 0.2647 0.1296 0.0372 0.0177 0.0159 0.0157 0.0167 0.0143 0.1168 0.2527 0.3549 0.4242 0.4826 0.5057 0.5111 0.5149 0.5194 1.4702 0.1394 0.1112 0.0825 0.0755 0.0716 0.0684 0.0663 0.0659 0.0658 0.0658 0.0598  
61369 36 0.8551 0.8917 0.0608 0.1038 140801158.2911 1066760.0719 187451002.7199 186834.6871 3488537205.7436 17352320650.8379 20592534918.9388 7452679364.5056 600813266.6405 72908680.8320 58564816.6020 58564816.6020 58557494.7087 58550172.8154 4249.5490 0.1024 0.1039 0.1369 0.1375 0.1378 0.1397 0.1402 0.1402 0.1402 0.1402 0.1375 0.0007 0.0052 0.0090 0.0171 0.0213 0.0216 0.0216 0.0216 0.0216 0.0216 1.4359 0.1940 0.1495 0.1339 0.1337 0.1305 0.1064 0.0999 0.0999 0.0999 0.0999 0.1338  
70129 4 1.0033 1.0064 0.0182 0.0170 20452446.1622 15395562.2436 1379853450.8068 257135.8631 375288.9461 26857517.2117 92135746.2766 118912640.6462 120456273.2479 120481321.0863 120481321.0863 120481321.0863 120481321.0863 120481321.0863 93.1176 0.1802 0.0241 0.0171 0.0165 0.0165 0.0165 0.0165 0.0165 0.0165 0.0165 0.0165 0.0416 0.5143 1.3000 1.5275 1.5374 1.5376 1.5376 1.5376 1.5376 1.5376 1.5376 0.1100 0.0769 0.0590 0.0564 0.0563 0.0563 0.0563 0.0563 0.0563 0.0563 0.0568  
70129 12 0.9516 0.9544 0.0025 0.0024 10996538.1470 57447.8778 3961292596.8306 958166.7139 5701021.9095 80928250.2822 1128765683.2165 2286346524.3590 2510481742.3589 1974780115.6228 1134468681.5513 470067617.4164 155441003.8142 59021718.4627 3.6296 0.2799 0.0114 0.0023 0.0025 0.0027 0.0027 0.0027 0.0027 0.0027 0.0028 0.0387 0.0186 0.1372 0.2786 0.3810 0.4352 0.4703 0.5138 0.5480 0.5643 0.5693 1.1640 0.1921 0.0829 0.0724 0.0686 0.0662 0.0659 0.0659 0.0659 0.0657 0.0655 0.0881  
70129 15 1.0815 1.0099 0.0008 0.0014 6768198.7274 1643141.8385 3601410416.2991 1810047.9306 111773506.1936 15886000593.8318 29520789512.8430 18167061705.0328 5426039388.0136 372673591.1558 4417901.9707 23919.9594 34982.4637 50792.3834 180.3442 0.2049 0.0009 0.0006 0.0008 0.0009 0.0032 0.1990 8.2505 6.7867 5.4792 0.0014 0.0038 0.0342 0.0808 0.1147 0.1548 0.1707 0.1721 0.1731 0.1761 0.1804 1.6453 0.2591 0.1742 0.1505 0.1341 0.1333 0.1333 0.1332 0.1106 0.1066 0.1040 0.2028  
70129 29 0.7673 0.9190 0.0269 0.0316 18059341.6837 818340.0557 60495576.7933 85845.9936 79492.1669 4670028.0676 104944436.4245 335676955.4987 442708945.3273 308792858.2062 142810091.4780 42217571.5225 8320256.4784 2499149.6060 74.2408 5.5756 1.4504 0.0447 0.0217 0.0213 0.0396 0.1029 0.3024 0.7801 1.2275 0.0163 0.0008 0.0082 0.0282 0.0621 0.1093 0.1664 0.2317 0.3016 0.3756 0.4292 2.5550 0.3361 0.1214 0.0818 0.0732 0.0665 0.0612 0.0570 0.0542 0.0507 0.0475 0.0671  
70129 30 1.1082 0.8444 0.0236 0.0374 95110724.2863 54825.1053 602254801.0926 133564.0793 1525345.4877 27359983.7371 39946174.9088 65650784.8040 77042787.3518 75148821.9449 74877710.0686 74868233.8578 74868597.4410 74868597.4410 7.5631 0.0445 0.6145 1.3096 0.5020 0.0717 0.0224 0.0188 0.0186 0.0186 0.0186 0.8914 0.0092 0.1152 0.3963 0.8329 1.2515 1.4225 1.4449 1.4461 1.4461 1.4461 1.4461 0.1813 0.1265 0.0914 0.0694 0.0602 0.0567 0.0563 0.0563 0.0563 0.0563 0.0798  
70129 35 0.7622 0.8717 0.1522 0.5624 7374438.0700 101963.8505 42697143.2242 8003.7172 950645.2462 7549294.7832 14680768.9382 12370430.9918 9556520.4969 8221302.5075 7707070.3300 7578784.5001 7469071.7605 7334929.4048 0.0246 0.0479 1.5083 1.2871 0.4510 0.3772 0.1650 0.0458 0.0228 0.0208 0.0206 0.0217 0.0143 0.1168 0.2527 0.3549 0.4242 0.4826 0.5057 0.5111 0.5149 0.5194 1.4702 0.1423 0.1127 0.0836 0.0760 0.0712 0.0679 0.0662 0.0659 0.0658 0.0658 0.0598  
70129 36 0.9002 0.9595 0.0607 0.1040 122361523.2517 1187209.1678 164111688.7097 159771.2752 4863719950.3100 16924700568.2712 17910908647.1999 6476568971.9406 517637318.4134 58529200.6114 46054626.3760 46054626.3760 46048868.5323 46043110.6886 3694.8474 0.1027 0.1041 0.1359 0.1370 0.1373 0.1397 0.1404 0.1404 0.1404 0.1404 0.1370 0.0007 0.0052 0.0090 0.0171 0.0213 0.0216 0.0216 0.0216 0.0216 0.0216 1.4359 0.1942 0.1545 0.1339 0.1337 0.1308 0.1069 0.0999 0.0999 0.0999 0.0999 0.1338  
78889 4 1.0004 0.9980 0.0187 0.0172 20657894.6227 15265459.7341 1375246872.2790 257991.2400 368005.4072 26349371.2220 91667527.3761 118618333.4321 120206198.9832 120232018.9378 120232018.9378 120232018.9378 120232018.9378 120232018.9378 93.0018 0.1738 0.0247 0.0176 0.0168 0.0167 0.0167 0.0167 0.0167 0.0167 0.0167 0.0168 0.0416 0.5143 1.3000 1.5275 1.5374 1.5376 1.5376 1.5376 1.5376 1.5376 1.5376 0.1101 0.0763 0.0589 0.0564 0.0563 0.0563 0.0563 0.0563 0.0563 0.0563 0.0568  
78889 12 0.9472 0.9552 0.0026 0.0025 10911429.1428 60734.8903 3782820395.0495 911784.0865 6970261.1794 61330757.3331 716933221.5313 1999107666.3591 2526009031.0795 2016712928.1440 1158979386.2998 480013133.9630 158489219.2708 59956232.4786 3.9828 0.2657 0.0165 0.0023 0.0027 0.0027 0.0027 0.0027 0.0028 0.0028 0.0029 0.0408 0.0186 0.1372 0.2786 0.3810 0.4352 0.4703 0.5138 0.5480 0.5643 0.5693 1.1640 0.1894 0.0889 0.0717 0.0676 0.0661 0.0659 0.0659 0.0659 0.0658 0.0655 0.0926  
78889 15 1.0297 0.9827 0.0007 0.0010 4825078.0636 1961337.9785 3674715952.6614 1957570.6951 82024644.5719 13560712643.2335 28226318161.7416 19614065417.2754 5887327492.6619 404359623.5793 4796904.0554 26611.3199 30545.6510 36168.3879 125.4342 0.1981 0.0007 0.0004 0.0006 0.0006 0.0024 0.1556 8.6851 7.7895 6.8161 0.0017 0.0038 0.0342 0.0808 0.1147 0.1548 0.1707 0.1721 0.1731 0.1761 0.1804 1.6453 0.2600 0.1725 0.1487 0.1339 0.1333 0.1333 0.1332 0.1121 0.1092 0.1067 0.2028  
78889 29 0.6314 0.9248 0.0274 0.0403 11619623.6602 447832.3891 53222856.4178 65873.7206 103574.0164 3603858.5835 83304679.4683 293623907.5487 407956027.9838 286654083.1847 129731975.4134 34892963.8346 4831367.0967 793425.5002 69.3848 5.4295 1.6252 0.0659 0.0310 0.0261 0.0398 0.0753 0.1853 0.5794 1.2445 0.0210 0.0008 0.0082 0.0282 0.0621 0.1093 0.1664 0.2317 0.3016 0.3756 0.4292 2.5550 0.3411 0.1269 0.0813 0.0724 0.0662 0.0612 0.0574 0.0556 0.0542 0.0523 0.0671  
78889 30 1.0554 0.9504 0.0168 0.0286 69031497.8575 55655.4249 605577402.1945 148014.9958 2568767.8765 30670359.7061 19182125.7233 27442393.6571 59723377.9405 78564846.9495 81602288.1820 81779352.0384 81785693.9078 81785693.9078 2.9746 0.0522 0.8488 2.0239 0.4505 0.0448 0.0206 0.0187 0.0186 0.0186 0.0186 1.5736 0.0092 0.1152 0.3963 0.8329 1.2515 1.4225 1.4449 1.4461 1.4461 1.4461 1.4461 0.1856 0.1355 0.1024 0.0659 0.0585 0.0565 0.0563 0.0563 0.0563 0.0563 0.0793  
78889 35 0.2903 0.8930 0.6864 0.7520 7813925.9111 4221.6220 31517468.6588 6100.1491 1702641.6101 10342131.4387 10812251.5224 7664978.0059 6402718.1519 6756454.5787 6905646.3731 6893523.2232 6802950.8633 6681953.9841 0.0225 0.0394 1.3768 1.6630 0.6911 0.4965 0.1892 0.0544 0.0308 0.0287 0.0285 0.0297 0.0143 0.1168 0.2527 0.3549 0.4242 0.4826 0.5057 0.5111 0.5149 0.5194 1.4702 0.1465 0.1138 0.0849 0.0765 0.0707 0.0674 0.0661 0.0659 0.0658 0.0658 0.0598  
78889 36 0.8907 0.9315 0.0606 0.1037 106319548.9225 1049052.0011 148625846.6180 143819.4452 4595841138.4870 15374498877.1925 16005654195.2444 5784132876.6328 457742866.9753 47369156.5082 36218759.6807 36218759.6807 36214231.5372 36209703.3937 3301.7250 0.1018 0.1035 0.1361 0.1371 0.1374 0.1396 0.1404 0.1404 0.1404 0.1404 0.1371 0.0007 0.0052 0.0090 0.0171 0.0213 0.0216 0.0216 0.0216 0.0216 0.0216 1.4359 0.1943 0.1559 0.1339 0.1337 0.1311 0.1076 0.0999 0.0999 0.0999 0.0999 0.1338  
87673 4 1.0076 0.9980 0.0181 0.0168 16738148.9303 21575312.9937 1378243867.8380 258100.9489 394983.2683 26209254.9913 91755409.7988 118266115.1398 119804510.5755 119829547.2036 119829547.2036 119829547.2036 119829547.2036 119829547.2036 92.5200 0.1598 0.0241 0.0172 0.0164 0.0163 0.0163 0.0163 0.0163 0.0163 0.0163 0.0164 0.0416 0.5143 1.3000 1.5275 1.5374 1.5376 1.5376 1.5376 1.5376 1.5376 1.5376 0.1099 0.0762 0.0589 0.0564 0.0563 0.0563 0.0563 0.0563 0.0563 0.0563 0.0568  
87673 12 0.9395 0.9555 0.0028 0.0026 10866569.7307 57399.3626 3582849967.6847 863644.3668 6978255.7463 48458236.7362 489332628.9962 1797114688.2075 2461362659.9334 1979977864.9358 1138075019.5857 471250100.4549 155475720.4624 58704723.7430 3.7734 0.2684 0.0214 0.0024 0.0028 0.0029 0.0029 0.0029 0.0029 0.0029 0.0030 0.0423 0.0186 0.1372 0.2786 0.3810 0.4352 0.4703 0.5138 0.5480 0.5643 0.5693 1.1640 0.1873 0.0939 0.0709 0.0670 0.0660 0.0659 0.0659 0.0659 0.0658 0.0655 0.0942  
87673 15 1.0451 1.0162 0.0007 0.0011 5471164.4766 1863099.1247 3833385850.3456 2015640.4712 125778581.3566 13501705354.2361 28393155182.5350 20679164598.5337 6218064864.7098 427078138.8982 5068837.6345 29494.7400 30534.7513 32021.0906 166.5555 0.1213 0.0007 0.0004 0.0006 0.0007 0.0027 0.1840 8.9444 8.5964 8.1311 0.0016 0.0038 0.0342 0.0808 0.1147 0.1548 0.1707 0.1721 0.1731 0.1761 0.1804 1.6453 0.2645 0.1768 0.1477 0.1338 0.1333 0.1333 0.1332 0.1133 0.1119 0.1103 0.2028  
87673 29 0.5725 0.9307 0.0301 0.0437 6831136.5680 260547.3227 48975016.5100 41593.9502 108096.6240 2760626.2542 66242548.1658 258206308.6305 375311467.5510 265017487.6770 119449576.0788 31943210.9138 4345644.8347 683422.7177 64.7029 5.4118 1.9012 0.0820 0.0323 0.0253 0.0357 0.0529 0.0870 0.2159 0.5090 0.0205 0.0008 0.0082 0.0282 0.0621 0.1093 0.1664 0.2317 0.3016 0.3756 0.4292 2.5550 0.3425 0.1338 0.0808 0.0716 0.0660 0.0613 0.0575 0.0559 0.0555 0.0551 0.0671  
87673 30 0.9730 1.0025 0.0163 0.0246 69933226.1823 53965.4469 579659018.6559 156211.1481 3961652.2475 48878933.9167 28052095.9620 17253272.3502 50159001.0513 76099332.4163 80465619.7770 80721510.2135 80730503.4240 80730503.4240 2.5541 0.0421 0.6944 1.9141 0.7637 0.0350 0.0193 0.0186 0.0186 0.0186 0.0186 2.3271 0.0092 0.1152 0.3963 0.8329 1.2515 1.4225 1.4449 1.4461 1.4461 1.4461 1.4461 0.1833 0.1361 0.1074 0.0680 0.0572 0.0564 0.0563 0.0563 0.0563 0.0563 0.0893  
87673 35 1.2320 0.8622 0.4392 0.5251 3242759.9271 3820.2607 27308599.3433 1770.8500 648197.2349 5477289.2496 8300400.9241 6262500.3555 5561741.6358 6109663.6790 6330515.8001 6333616.7446 6251787.8149 6140934.3518 0.0207 0.0550 1.3956 1.2923 0.4098 0.2655 0.0949 0.0309 0.0203 0.0193 0.0193 0.0206 0.0143 0.1168 0.2527 0.3549 0.4242 0.4826 0.5057 0.5111 0.5149 0.5194 1.4702 0.1421 0.1126 0.0843 0.0764 0.0701 0.0671 0.0661 0.0659 0.0658 0.0658 0.0598  
87673 36 0.9315 0.9657 0.0605 0.1033 93237493.5332 850437.2203 136390719.6034 128094.4535 4818563952.3964 14795112503.0336 14813022192.6161 5349173975.0412 418710707.3909 38841320.6653 28519765.8370 28519765.8370 28516200.2375 28512634.6379 3055.3732 0.1020 0.1031 0.1346 0.1359 0.1361 0.1383 0.1391 0.1391 0.1391 0.1391 0.1359 0.0007 0.0052 0.0090 0.0171 0.0213 0.0216 0.0216 0.0216 0.0216 0.0216 1.4359 0.1943 0.1579 0.1339 0.1337 0.1314 0.1085 0.0999 0.0999 0.0999 0.0999 0.1338  
96433 4 1.0127 1.0170 0.0178 0.0163 16040626.5071 22511882.8511 1403511471.0675 260063.7530 602885.2579 34366079.9634 98946665.7057 119776716.8053 120857482.2406 120874735.2536 120874735.2536 120874735.2536 120874735.2536 120874735.2536 93.7268 0.1530 0.0248 0.0168 0.0158 0.0157 0.0157 0.0157 0.0157 0.0157 0.0157 0.0158 0.0416 0.5143 1.3000 1.5275 1.5374 1.5376 1.5376 1.5376 1.5376 1.5376 1.5376 0.1095 0.0776 0.0594 0.0564 0.0563 0.0563 0.0563 0.0563 0.0563 0.0563 0.0569  
96433 12 0.9361 0.9558 0.0029 0.0027 10776101.2265 54656.2998 3377455662.1727 811392.3520 6001053.2918 42430738.1346 368464969.3080 1646105296.5243 2353983911.5955 1900767332.9095 1092643823.9311 452387144.2874 149194139.6618 56278787.3419 3.6846 0.2843 0.0227 0.0026 0.0030 0.0030 0.0030 0.0030 0.0030 0.0030 0.0031 0.0392 0.0186 0.1372 0.2786 0.3810 0.4352 0.4703 0.5138 0.5480 0.5643 0.5693 1.1640 0.1865 0.0973 0.0701 0.0666 0.0660 0.0659 0.0659 0.0659 0.0658 0.0655 0.0939  
96433 15 1.0019 0.9924 0.0008 0.0012 6143295.9419 1489318.5954 3771379072.5240 2106552.9837 66433437.5666 12780184820.6635 28415307470.6322 20684600116.5049 6219404630.6594 427175541.8437 5075621.0979 34720.7553 34370.9107 33870.9489 85.0364 0.1139 0.0006 0.0004 0.0005 0.0006 0.0032 0.2258 9.0704 8.9527 8.7798 0.0030 0.0038 0.0342 0.0808 0.1147 0.1548 0.1707 0.1721 0.1731 0.1761 0.1804 1.6453 0.2634 0.1741 0.1473 0.1338 0.1333 0.1333 0.1332 0.1137 0.1132 0.1125 0.2028  
96433 29 0.8411 0.9290 0.0298 0.0468 6287182.5316 235667.6903 44948540.1833 23812.8384 34265.4271 1894115.0544 50553467.8482 225626727.4762 345025378.9051 244826458.1352 109911505.1087 29318663.0722 3981996.2896 624205.5508 60.3395 5.6708 1.3015 0.0885 0.0377 0.0261 0.0355 0.0529 0.0884 0.2228 0.5249 0.0183 0.0008 0.0082 0.0282 0.0621 0.1093 0.1664 0.2317 0.3016 0.3756 0.4292 2.5550 0.3454 0.1196 0.0797 0.0708 0.0659 0.0613 0.0575 0.0559 0.0555 0.0551 0.0671  
96433 30 0.9457 0.9958 0.0191 0.0247 74317723.4637 56312.0594 550399384.9777 151990.8028 3682863.9298 54585404.8826 40498008.8066 19077200.5332 47176296.6246 72164660.2005 76444157.1265 76696101.7629 76704980.6771 76704980.6771 3.9157 0.0409 0.6166 1.6382 0.9286 0.0366 0.0190 0.0186 0.0186 0.0186 0.0186 2.0498 0.0092 0.1152 0.3963 0.8329 1.2515 1.4225 1.4449 1.4461 1.4461 1.4461 1.4461 0.1811 0.1339 0.1054 0.0718 0.0569 0.0563 0.0563 0.0563 0.0563 0.0563 0.0923  
96433 35 1.8040 0.9184 0.1499 0.4152 1770370.0538 260497.2130 25437684.6494 2181.6881 433693.6237 3346223.6166 6484054.9129 6038479.1146 5602742.0730 5792640.8009 5865487.2945 5846198.7295 5768904.9946 5666625.2716 0.0192 0.0672 1.5842 1.2756 0.1649 0.1476 0.0541 0.0210 0.0157 0.0152 0.0151 0.0161 0.0143 0.1168 0.2527 0.3549 0.4242 0.4826 0.5057 0.5111 0.5149 0.5194 1.4702 0.1432 0.1127 0.0840 0.0759 0.0700 0.0670 0.0661 0.0659 0.0658 0.0658 0.0598  
96433 36 0.8949 0.9345 0.0581 0.0993 84874459.5711 771318.5423 119640524.7358 119322.9732 4762768601.1191 13573540633.3735 13080903190.8672 4721342745.2923 367183173.1527 31715320.1242 22600213.3913 22600213.3913 22597387.8664 22594562.3414 2697.7643 0.0967 0.0979 0.1286 0.1296 0.1298 0.1319 0.1328 0.1328 0.1328 0.1328 0.1296 0.0007 0.0052 0.0090 0.0171 0.0213 0.0216 0.0216 0.0216 0.0216 0.0216 1.4359 0.1943 0.1578 0.1339 0.1337 0.1317 0.1094 0.0998 0.0998 0.0998 0.0998 0.1338  
