8761 4 0.8042 0.7903 0.1688 0.2089 24145044.7587 22729436.5600 251942359.4783 28386.9535 671057.4256 30037267.6001 33481114.1286 12291194.3402 10729628.8484 10703373.8686 10703373.8686 10703373.8686 10703373.8686 10703373.8686 9.7234 0.5187 0.2749 0.2513 0.2188 0.2091 0.2089 0.2089 0.2089 0.2089 0.2089 0.2225 0.0416 0.5143 1.3000 1.5275 1.5374 1.5376 1.5376 1.5376 1.5376 1.5376 1.5376 0.1124 0.0803 0.0662 0.0577 0.0563 0.0563 0.0563 0.0563 0.0563 0.0563 0.0643  
8761 12 1.6062 0.6930 0.0178 0.0303 16578581.4458 4399229.2558 1257591144.5850 42410.7149 781273691.0564 4087536270.0323 1573165138.4340 343813748.4294 92397613.2414 53854723.6669 33411232.9695 17781338.1688 10379207.1017 8110416.3269 296.3789 0.5647 0.0188 0.0267 0.0414 0.0464 0.0476 0.0486 0.0506 0.0536 0.0556 0.0133 0.0186 0.1372 0.2786 0.3810 0.4352 0.4703 0.5138 0.5480 0.5643 0.5693 1.1640 0.1865 0.1139 0.0851 0.0731 0.0674 0.0657 0.0651 0.0638 0.0620 0.0608 0.1161  
8761 15 0.7779 0.6276 0.2037 0.1828 590716418.8478 2987056.8482 1670374777.4034 467193.8744 846830102.7297 11920401763.3927 9042564275.2380 3161658829.8189 1529940390.1960 928431308.2580 883169227.3755 874564575.7253 850981093.8500 817277320.5134 1173.5972 1.1031 0.0106 0.0057 0.0414 0.2549 0.4595 0.4816 0.4822 0.4831 0.4845 0.2235 0.0038 0.0342 0.0808 0.1147 0.1548 0.1707 0.1721 0.1731 0.1761 0.1804 1.6453 0.2750 0.1996 0.1549 0.1330 0.1231 0.1148 0.1139 0.1139 0.1138 0.1137 0.1619  
8761 29 0.6913 0.6413 0.0527 0.1197 72551565.5940 214015141.8031 212900888.6124 88481.9182 2209487.6034 298568122.9697 792667829.4115 747230856.3284 509868214.9393 340983675.5386 232696402.6048 169343294.4338 141797962.9949 132782545.0933 142.5523 4.9935 1.3608 0.2774 0.0731 0.0494 0.0988 0.2882 0.5230 0.6540 0.6992 0.1589 0.0008 0.0082 0.0282 0.0621 0.1093 0.1664 0.2317 0.3016 0.3756 0.4292 2.5550 0.1772 0.1186 0.1031 0.0842 0.0695 0.0597 0.0529 0.0479 0.0442 0.0422 0.0965  
8761 30 0.1244 0.8872 0.0175 0.0378 21532694.4117 41429.6793 166433572.7720 3892.3762 24.4738 2853.8713 1006552.8118 10766303.0658 20890119.4130 21345183.8557 21004284.4064 20975682.1000 20974360.6332 20974360.6332 0.4874 1.1850 3.8433 0.8832 0.2089 0.0653 0.0310 0.0248 0.0244 0.0244 0.0244 0.2922 0.0092 0.1152 0.3963 0.8329 1.2515 1.4225 1.4449 1.4461 1.4461 1.4461 1.4461 0.1304 0.0904 0.0683 0.0636 0.0596 0.0568 0.0563 0.0563 0.0563 0.0563 0.0663  
8761 35 0.9719 0.4618 0.2933 0.5838 12219628.5329 2047913.3888 110734577.8111 12202.6074 4241639.4713 45821984.2446 65522068.4371 64192415.3205 42748285.8277 22240209.9981 14214199.9106 12785511.0075 12495766.7025 12260706.1830 0.0414 0.0702 1.7773 1.8533 0.2546 0.1909 0.1339 0.0672 0.0480 0.0462 0.0460 0.0526 0.0143 0.1168 0.2527 0.3549 0.4242 0.4826 0.5057 0.5111 0.5149 0.5194 1.4702 0.1363 0.1132 0.0841 0.0759 0.0726 0.0698 0.0668 0.0660 0.0658 0.0658 0.0598  
8761 36 0.4386 0.5397 0.0472 0.1076 165376495.5821 2940106.7598 260226678.1441 77370.0846 32798639454.6500 48243396841.7379 22906755602.5534 8365336659.6026 839117856.8591 259257521.1929 243501981.0294 243501981.0294 243471537.9131 243441094.7968 4700.8734 1.3420 0.1435 0.1449 0.1451 0.1464 0.1493 0.1495 0.1495 0.1495 0.1495 0.1450 0.0007 0.0052 0.0090 0.0171 0.0213 0.0216 0.0216 0.0216 0.0216 0.0216 1.4359 0.1898 0.1728 0.1293 0.1282 0.1191 0.0979 0.0960 0.0960 0.0960 0.0960 0.1289  
17545 4 6.2991 2.1223 0.0522 0.0594 16768319.8213 5317738.9016 659610127.9774 15820.2539 2063054.7211 82661040.1080 90813547.1952 37357089.7547 33294349.5583 33225739.1501 33225739.1501 33225739.1501 33225739.1501 33225739.1501 29.5605 0.1771 0.0498 0.0431 0.0382 0.0365 0.0365 0.0365 0.0365 0.0365 0.0365 0.0375 0.0416 0.5143 1.3000 1.5275 1.5374 1.5376 1.5376 1.5376 1.5376 1.5376 1.5376 0.1123 0.0806 0.0656 0.0575 0.0563 0.0563 0.0563 0.0563 0.0563 0.0563 0.0631  
17545 12 1.6151 1.7040 0.0089 0.0129 17962763.0004 212824.1460 2938822668.9351 682371.5710 1237261464.3434 7130418820.5553 4490676243.9581 1545918581.9950 312562608.8785 135762529.5458 78417342.0451 36023925.6060 15948009.1472 9795293.5201 498.2125 0.1042 0.0038 0.0080 0.0135 0.0155 0.0166 0.0168 0.0172 0.0181 0.0189 0.0021 0.0186 0.1372 0.2786 0.3810 0.4352 0.4703 0.5138 0.5480 0.5643 0.5693 1.1640 0.1867 0.1074 0.0821 0.0740 0.0694 0.0660 0.0654 0.0646 0.0629 0.0615 0.1114  
17545 15 0.9808 1.0919 0.2461 0.2126 433568205.0718 1021596.7281 1535963026.6217 676562.2578 668108481.9437 14031045136.9176 12553244315.1277 4269429690.4342 1500544172.3353 462948706.4642 386722355.2081 382349504.2868 372223311.2678 357751706.0873 884.1475 0.2747 0.0013 0.0009 0.0211 0.2053 0.6281 0.7144 0.7154 0.7149 0.7143 0.2066 0.0038 0.0342 0.0808 0.1147 0.1548 0.1707 0.1721 0.1731 0.1761 0.1804 1.6453 0.2763 0.1902 0.1558 0.1343 0.1276 0.1162 0.1139 0.1139 0.1138 0.1137 0.1739  
17545 29 1.1409 0.8604 0.0597 0.1066 19607370.4030 971370.4294 192345987.4975 117460.9034 611780.1504 77988883.2278 436961851.0790 681397404.1173 547255317.6521 358515914.0575 227135640.7046 154496460.0215 122108106.5366 110432425.2830 92.0577 3.9730 0.9163 0.3481 0.0580 0.0086 0.0096 0.0264 0.0624 0.1104 0.1442 0.3289 0.0008 0.0082 0.0282 0.0621 0.1093 0.1664 0.2317 0.3016 0.3756 0.4292 2.5550 0.2705 0.1126 0.0941 0.0808 0.0695 0.0605 0.0539 0.0487 0.0445 0.0423 0.0829  
17545 30 1.2745 1.4568 0.0034 0.0080 3882414.8115 1408991.9765 168508751.1461 36575.8573 1255944.1919 37602161.2379 50790832.9509 18755855.9300 16358903.0155 21488837.7003 22423143.4745 22477666.0647 22479511.7958 22479511.7958 5.1571 0.0099 0.0509 0.1737 0.0856 0.0092 0.0050 0.0039 0.0038 0.0038 0.0038 0.2543 0.0092 0.1152 0.3963 0.8329 1.2515 1.4225 1.4449 1.4461 1.4461 1.4461 1.4461 0.1805 0.1304 0.1035 0.0737 0.0581 0.0565 0.0563 0.0563 0.0563 0.0563 0.0936  
17545 35 0.9525 0.8439 0.2190 0.3027 10048001.8828 3020.2218 96027417.5950 10817.4757 1336652.8297 15204675.3482 45663197.8797 58420531.7989 41939134.6881 21492940.5202 13422184.8426 11989858.4111 11709861.2301 11488362.5588 0.0386 0.0397 1.3856 0.7253 0.1716 0.1615 0.1057 0.0326 0.0103 0.0081 0.0079 0.0089 0.0143 0.1168 0.2527 0.3549 0.4242 0.4826 0.5057 0.5111 0.5149 0.5194 1.4702 0.1372 0.1100 0.0817 0.0751 0.0726 0.0700 0.0669 0.0660 0.0658 0.0658 0.0598  
17545 36 0.8498 0.8946 0.0626 0.1069 77348471.8598 1636911.6606 237158739.6775 304267.1079 25478139688.8908 40315781937.9846 22012906842.5347 8020024987.3327 765839356.0296 206937916.0013 191751848.3175 191751848.3175 191727875.1088 191703901.9000 4523.0301 0.1017 0.1066 0.1341 0.1356 0.1364 0.1388 0.1391 0.1391 0.1391 0.1391 0.1355 0.0007 0.0052 0.0090 0.0171 0.0213 0.0216 0.0216 0.0216 0.0216 0.0216 1.4359 0.1945 0.1747 0.1340 0.1332 0.1250 0.1022 0.0999 0.0999 0.0999 0.0999 0.1337  
26305 4 2.5067 1.7686 0.0232 0.0292 15506804.0820 49350489.5397 1208674804.5484 99653.0026 3980952.4188 171505084.8218 187063239.9480 87488929.2316 80276102.6931 80154657.7904 80154657.7904 80154657.7904 80154657.7904 80154657.7904 70.7290 0.1426 0.0331 0.0272 0.0238 0.0230 0.0230 0.0230 0.0230 0.0230 0.0230 0.0245 0.0416 0.5143 1.3000 1.5275 1.5374 1.5376 1.5376 1.5376 1.5376 1.5376 1.5376 0.1130 0.0804 0.0653 0.0573 0.0563 0.0563 0.0563 0.0563 0.0563 0.0563 0.0620  
26305 12 0.9970 0.9527 0.0050 0.0061 18799583.2198 206555.6044 4130396911.0518 1102108.8747 58977115.2305 2764850562.3549 5781206976.4865 3349538940.3359 983960776.3808 544000325.9603 310080918.8062 131250703.6433 46565363.9289 20612758.4901 159.8513 0.0838 0.0030 0.0044 0.0061 0.0067 0.0071 0.0071 0.0073 0.0079 0.0087 0.0024 0.0186 0.1372 0.2786 0.3810 0.4352 0.4703 0.5138 0.5480 0.5643 0.5693 1.1640 0.1433 0.0922 0.0790 0.0733 0.0690 0.0660 0.0658 0.0655 0.0646 0.0634 0.0964  
26305 15 0.9995 1.0318 0.1919 0.3527 429765046.1209 1379794.8364 1499131779.0132 663599.1640 349131038.5158 13407103512.2168 15292972659.8981 5638131773.4842 1653455901.8753 137428987.7301 26956447.2501 25668880.6564 25761607.1361 25894138.6758 453.9772 0.1473 0.0011 0.0011 0.0138 0.1614 1.2577 2.5672 2.6018 2.5713 2.5266 0.2391 0.0038 0.0342 0.0808 0.1147 0.1548 0.1707 0.1721 0.1731 0.1761 0.1804 1.6453 0.2688 0.1833 0.1551 0.1347 0.1320 0.1234 0.1142 0.1138 0.1136 0.1133 0.1922  
26305 29 0.8527 0.8991 0.0211 0.0631 30281522.6695 1239554.6438 163415049.1987 134005.4918 162236.9136 19856563.8708 279971309.0258 583261422.9325 552365356.8184 368669283.3411 218898310.1589 134782721.6381 95514232.6062 80470672.0144 84.3632 4.9534 1.1284 0.1927 0.0280 0.0090 0.0153 0.0453 0.1124 0.2076 0.2768 0.1398 0.0008 0.0082 0.0282 0.0621 0.1093 0.1664 0.2317 0.3016 0.3756 0.4292 2.5550 0.3142 0.1085 0.0858 0.0779 0.0685 0.0608 0.0544 0.0491 0.0449 0.0426 0.0699  
26305 30 1.1502 1.2220 0.0040 0.0260 36546739.9121 2088911.7395 181635303.5585 46616.7343 2171319.8184 64336128.6177 80256453.0294 33802631.9397 21914249.7278 22202446.1711 22418841.0438 22433380.5540 22433952.3149 22433952.3149 8.2705 0.0193 0.2027 0.6412 0.4679 0.0576 0.0127 0.0114 0.0113 0.0113 0.0113 0.7778 0.0092 0.1152 0.3963 0.8329 1.2515 1.4225 1.4449 1.4461 1.4461 1.4461 1.4461 0.1783 0.1305 0.1009 0.0760 0.0597 0.0565 0.0563 0.0563 0.0563 0.0563 0.0910  
26305 35 0.8800 0.9104 0.2382 0.3083 9944037.1149 5380.8803 81935381.0340 10303.8533 1723218.5808 13947957.1591 32831421.3021 51010691.1559 38609479.4562 19934802.3379 12524742.6570 11208329.1201 10948282.3440 10741050.4602 0.0360 0.0321 1.2439 0.7482 0.1891 0.1791 0.1176 0.0373 0.0128 0.0103 0.0100 0.0114 0.0143 0.1168 0.2527 0.3549 0.4242 0.4826 0.5057 0.5111 0.5149 0.5194 1.4702 0.1374 0.1126 0.0811 0.0746 0.0726 0.0700 0.0669 0.0660 0.0659 0.0658 0.0598  
26305 36 0.8931 0.8757 0.0604 0.1038 145828877.5227 1022039.5553 213665108.6971 258551.5892 18786581437.3963 32574003793.8728 20460878514.5101 7443709832.9608 685754284.4612 165085075.4106 150937821.6991 150937821.6991 150918951.1435 150900080.5880 4208.5126 0.1021 0.1028 0.1355 0.1365 0.1372 0.1392 0.1395 0.1395 0.1395 0.1395 0.1365 0.0007 0.0052 0.0090 0.0171 0.0213 0.0216 0.0216 0.0216 0.0216 0.0216 1.4359 0.1945 0.1715 0.1341 0.1333 0.1262 0.1026 0.0999 0.0999 0.0999 0.0999 0.1338  
35065 4 1.0637 1.0477 0.0348 0.0342 44481058.9115 18537139.6786 1399104948.7192 249796.7759 1029611.8741 55287774.5565 117998355.9036 117805639.9519 117176451.8107 117164218.8017 117164218.8017 117164218.8017 117164218.8017 117164218.8017 92.5455 0.1993 0.0427 0.0365 0.0332 0.0328 0.0328 0.0328 0.0328 0.0328 0.0328 0.0331 0.0416 0.5143 1.3000 1.5275 1.5374 1.5376 1.5376 1.5376 1.5376 1.5376 1.5376 0.1110 0.0760 0.0614 0.0566 0.0563 0.0563 0.0563 0.0563 0.0563 0.0563 0.0578  
35065 12 0.9951 0.9501 0.0025 0.0027 11409503.3632 53448.2880 4719936174.7973 1098804.2050 5651151.3743 710478527.5216 3722169843.3952 3508566651.6902 2128233297.9891 1523164036.1677 873062454.1540 363066494.8508 121558096.7858 47546222.7862 18.7667 0.1359 0.0019 0.0021 0.0025 0.0027 0.0028 0.0028 0.0028 0.0029 0.0031 0.0042 0.0186 0.1372 0.2786 0.3810 0.4352 0.4703 0.5138 0.5480 0.5643 0.5693 1.1640 0.1524 0.0852 0.0757 0.0717 0.0673 0.0659 0.0659 0.0658 0.0655 0.0650 0.0932  
35065 15 1.3302 1.2128 0.0138 0.0648 82468816.4875 1677286.7459 1833763931.6592 663280.2871 683175047.9219 19699006308.0370 18922282869.2710 6782976222.5915 1964383570.6095 135033738.1513 1745905.6791 285497.7122 669578.0400 1218484.1580 875.5997 0.3756 0.0036 0.0009 0.0021 0.0125 0.1959 3.1146 5.1208 4.0983 3.3662 0.0064 0.0038 0.0342 0.0808 0.1147 0.1548 0.1707 0.1721 0.1731 0.1761 0.1804 1.6453 0.2720 0.1896 0.1549 0.1347 0.1333 0.1328 0.1232 0.1111 0.1084 0.1065 0.2024  
35065 29 0.9629 0.9271 0.0118 0.0236 24087290.5707 975527.0880 140363745.6201 114268.2434 114193.4445 10287907.2818 206995667.0158 501144043.3732 540483559.3810 372207797.9316 212212451.8914 118410882.1142 74585993.8394 58226645.6341 84.9258 5.3669 1.0472 0.0526 0.0127 0.0080 0.0144 0.0437 0.1123 0.2113 0.2847 0.0253 0.0008 0.0082 0.0282 0.0621 0.1093 0.1664 0.2317 0.3016 0.3756 0.4292 2.5550 0.3375 0.1110 0.0834 0.0762 0.0677 0.0608 0.0548 0.0497 0.0454 0.0430 0.0674  
35065 30 1.0316 1.0515 0.0037 0.0305 46585087.2924 1390898.1978 213023412.6155 53616.7845 1829593.9760 55201105.1764 81006495.0039 46215855.5887 29847729.8522 25243923.3040 24637980.5618 24604757.1682 24603693.0431 24603693.0431 8.6512 0.0193 0.2225 0.6647 0.4617 0.0681 0.0133 0.0109 0.0108 0.0108 0.0108 0.7424 0.0092 0.1152 0.3963 0.8329 1.2515 1.4225 1.4449 1.4461 1.4461 1.4461 1.4461 0.1786 0.1280 0.0975 0.0743 0.0608 0.0567 0.0563 0.0563 0.0563 0.0563 0.0888  
35065 35 0.9057 0.8755 0.2544 0.3144 9211080.1858 4481.2313 70231023.5717 9067.5984 966302.3838 8951474.2071 23339772.0460 42027410.9680 33114775.0272 17679860.1407 11534026.7109 10435879.4597 10204715.4228 10012619.6063 0.0335 0.0362 1.2639 0.7297 0.2066 0.1966 0.1257 0.0392 0.0136 0.0110 0.0108 0.0120 0.0143 0.1168 0.2527 0.3549 0.4242 0.4826 0.5057 0.5111 0.5149 0.5194 1.4702 0.1365 0.1123 0.0803 0.0743 0.0725 0.0699 0.0669 0.0660 0.0658 0.0658 0.0598  
35065 36 0.8684 0.9044 0.0604 0.1034 133263390.4467 1112569.4897 189024210.1565 230924.8832 15224698635.0532 27879537527.2882 18781712448.9713 6822884101.2404 610406800.0168 131764165.5193 118758824.6362 118758824.6362 118743977.1647 118729129.6933 3865.1236 0.1024 0.1032 0.1354 0.1366 0.1372 0.1396 0.1399 0.1399 0.1399 0.1399 0.1366 0.0007 0.0052 0.0090 0.0171 0.0213 0.0216 0.0216 0.0216 0.0216 0.0216 1.4359 0.1945 0.1696 0.1340 0.1334 0.1271 0.1031 0.0999 0.0999 0.0999 0.0999 0.1338  
43825 4 0.9916 0.9892 0.0205 0.0194 21203337.6168 15933101.5319 1431212378.7860 265697.6665 376551.8923 24325366.3999 91690036.8213 121836886.2241 123563185.9996 123591007.5076 123591007.5076 123591007.5076 123591007.5076 123591007.5076 95.6083 0.1824 0.0256 0.0182 0.0168 0.0167 0.0167 0.0167 0.0167 0.0167 0.0167 0.0169 0.0416 0.5143 1.3000 1.5275 1.5374 1.5376 1.5376 1.5376 1.5376 1.5376 1.5376 0.1101 0.0750 0.0590 0.0564 0.0563 0.0563 0.0563 0.0563 0.0563 0.0563 0.0568  
43825 12 1.0020 0.9520 0.0022 0.0022 11382708.5338 27174.3457 4841092345.5525 1093382.8002 1442293.3641 186606134.7418 1706393771.5007 2871292322.5614 2942938897.0229 2296918668.9526 1319276183.0655 546772125.4011 180953402.2034 68845964.0710 4.0362 0.2116 0.0024 0.0020 0.0022 0.0024 0.0024 0.0024 0.0024 0.0024 0.0025 0.0118 0.0186 0.1372 0.2786 0.3810 0.4352 0.4703 0.5138 0.5480 0.5643 0.5693 1.1640 0.1761 0.0812 0.0738 0.0695 0.0664 0.0659 0.0659 0.0658 0.0657 0.0654 0.0833  
43825 15 1.3554 1.1144 0.0032 0.0080 11694483.7642 2109696.3490 2198571508.4376 882301.5738 509433510.5275 20953077422.8339 24216925347.8526 8087393696.9117 2327855564.8575 159947220.4787 1974113.6817 143601.1694 307445.1836 541601.8932 613.5448 0.0960 0.0011 0.0009 0.0014 0.0022 0.0178 1.1688 6.3452 4.0095 2.7823 0.0019 0.0038 0.0342 0.0808 0.1147 0.1548 0.1707 0.1721 0.1731 0.1761 0.1804 1.6453 0.2675 0.1838 0.1553 0.1349 0.1333 0.1333 0.1323 0.1057 0.1020 0.1007 0.2028  
43825 29 0.9501 0.9240 0.0144 0.0209 26485587.1797 1127176.1989 116022697.3488 110033.3215 87686.4143 6763046.5187 147186256.0621 428411066.3708 530989218.4954 370460553.6165 199240539.9478 98456998.4351 52718445.4913 36629524.5836 87.9693 5.4274 1.1466 0.0378 0.0155 0.0105 0.0193 0.0605 0.1610 0.3112 0.4256 0.0101 0.0008 0.0082 0.0282 0.0621 0.1093 0.1664 0.2317 0.3016 0.3756 0.4292 2.5550 0.3350 0.1141 0.0824 0.0744 0.0670 0.0609 0.0553 0.0504 0.0460 0.0435 0.0671  
43825 30 1.3104 1.3559 0.0036 0.0298 53592775.5245 1525599.8116 267009235.6270 55312.2607 4416008.3473 108801972.4559 144754505.0015 74560153.8317 38441953.4801 30859394.1122 30038473.9679 29995820.4792 29994375.6769 29994375.6769 14.0934 0.0172 0.1514 0.5067 0.3628 0.0615 0.0156 0.0122 0.0121 0.0121 0.0121 0.5763 0.0092 0.1152 0.3963 0.8329 1.2515 1.4225 1.4449 1.4461 1.4461 1.4461 1.4461 0.1796 0.1307 0.0987 0.0751 0.0613 0.0568 0.0563 0.0563 0.0563 0.0563 0.0901  
43825 35 0.8965 0.8762 0.2608 0.3640 9065603.5477 4903.2374 60913346.5457 8212.6969 932625.1634 7903432.5134 16272875.5050 32962085.1528 27026322.3221 15238525.1687 10529331.2609 9678658.7869 9478807.9798 9301936.2263 0.0311 0.0336 1.2000 0.8332 0.2505 0.2359 0.1447 0.0437 0.0157 0.0130 0.0127 0.0140 0.0143 0.1168 0.2527 0.3549 0.4242 0.4826 0.5057 0.5111 0.5149 0.5194 1.4702 0.1368 0.1134 0.0801 0.0740 0.0724 0.0697 0.0668 0.0660 0.0658 0.0658 0.0598  
43825 36 0.8394 0.8780 0.0597 0.1027 111989663.3119 947434.5831 163322084.3850 200530.9254 11853094941.4260 22888224817.3667 16379362054.5846 5945664326.2025 522684226.7834 104868698.7687 93516107.5044 93516107.5044 93504415.9291 93492724.3539 3372.0594 0.1017 0.1025 0.1353 0.1361 0.1366 0.1388 0.1391 0.1391 0.1391 0.1391 0.1361 0.0007 0.0052 0.0090 0.0171 0.0213 0.0216 0.0216 0.0216 0.0216 0.0216 1.4359 0.1945 0.1674 0.1340 0.1335 0.1277 0.1035 0.0999 0.0999 0.0999 0.0999 0.1338  
52609 4 1.0814 1.0537 0.0169 0.0161 20226812.4059 16434649.7025 1487909723.8320 263468.9360 910667.8999 49886230.4628 110954514.0688 126855342.4805 127849536.4742 127865375.2456 127865375.2456 127865375.2456 127865375.2456 127865375.2456 101.0981 0.1916 0.0251 0.0160 0.0153 0.0153 0.0153 0.0153 0.0153 0.0153 0.0153 0.0154 0.0416 0.5143 1.3000 1.5275 1.5374 1.5376 1.5376 1.5376 1.5376 1.5376 1.5376 0.1113 0.0790 0.0603 0.0564 0.0563 0.0563 0.0563 0.0563 0.0563 0.0563 0.0573  
52609 12 0.9601 0.9530 0.0022 0.0022 11467681.3632 28493.7282 4675291056.7493 1095526.5323 857946.1028 57708918.2192 881073781.4804 2461755286.4259 3123017183.5725 2494381099.2038 1433472863.5939 593649829.7208 195952325.1381 74075476.5017 2.5174 0.2626 0.0051 0.0021 0.0023 0.0023 0.0023 0.0023 0.0024 0.0024 0.0025 0.0203 0.0186 0.1372 0.2786 0.3810 0.4352 0.4703 0.5138 0.5480 0.5643 0.5693 1.1640 0.1865 0.0794 0.0721 0.0678 0.0661 0.0659 0.0659 0.0659 0.0658 0.0655 0.0719  
52609 15 1.0927 1.0784 0.0022 0.0047 11034106.6062 1969653.7234 2437545234.8568 1195888.1654 443034634.3814 22804924494.8509 27722755047.9465 8947334518.1171 2567619155.5628 176399883.5784 2147465.6349 89417.3860 156387.6311 252097.7776 554.9571 0.1265 0.0010 0.0008 0.0012 0.0018 0.0144 0.9793 7.5310 5.5020 4.0971 0.0018 0.0038 0.0342 0.0808 0.1147 0.1548 0.1707 0.1721 0.1731 0.1761 0.1804 1.6453 0.2668 0.1799 0.1554 0.1350 0.1333 0.1333 0.1326 0.1084 0.1040 0.1020 0.2028  
52609 29 0.9168 0.9204 0.0187 0.0270 25589126.0046 1091447.4396 93041996.1289 104542.5094 116164.7621 4589098.5276 105500529.9148 369613000.5201 509840098.3925 359962324.0995 182813630.4942 77278910.5763 32868284.8302 19303480.8201 87.1512 5.4708 1.6479 0.0551 0.0170 0.0123 0.0245 0.0796 0.2217 0.4387 0.6037 0.0119 0.0008 0.0082 0.0282 0.0621 0.1093 0.1664 0.2317 0.3016 0.3756 0.4292 2.5550 0.3386 0.1264 0.0815 0.0726 0.0664 0.0611 0.0559 0.0513 0.0470 0.0443 0.0671  
52609 30 1.3710 1.1789 0.0026 0.0263 55282298.9652 2659549.7044 362570376.7804 72482.1743 4860900.6309 120084065.1780 168607010.4881 115531553.7341 60356165.8000 40428330.8709 37687648.6077 37535080.9743 37529763.3537 37529763.3537 15.7472 0.0140 0.1093 0.3635 0.2477 0.0546 0.0132 0.0103 0.0102 0.0102 0.0102 0.4014 0.0092 0.1152 0.3963 0.8329 1.2515 1.4225 1.4449 1.4461 1.4461 1.4461 1.4461 0.1767 0.1299 0.0954 0.0743 0.0621 0.0570 0.0563 0.0563 0.0563 0.0563 0.0886  
52609 35 0.8969 0.8901 0.2146 0.4415 8211784.5292 28292.5743 57566522.1460 7362.9328 1348133.9830 9250924.9099 12142360.4099 25133882.9991 21289629.0469 12916589.0577 9562548.4414 8945494.3031 8775535.2537 8613483.2550 0.0288 0.0247 1.1384 1.0700 0.2896 0.2654 0.1537 0.0450 0.0171 0.0145 0.0142 0.0155 0.0143 0.1168 0.2527 0.3549 0.4242 0.4826 0.5057 0.5111 0.5149 0.5194 1.4702 0.1366 0.1156 0.0806 0.0739 0.0722 0.0693 0.0666 0.0659 0.0658 0.0658 0.0598  
52609 36 0.8600 0.9156 0.0604 0.1035 92235881.6109 908015.9298 140518079.1307 168317.8691 10768242811.9297 20310366542.9438 14161594582.0146 5135215850.6213 444710277.4150 83328522.6897 73509309.1882 73509309.1882 73500118.9038 73490928.6194 2915.2379 0.1028 0.1038 0.1360 0.1372 0.1378 0.1404 0.1409 0.1409 0.1409 0.1409 0.1372 0.0007 0.0052 0.0090 0.0171 0.0213 0.0216 0.0216 0.0216 0.0216 0.0216 1.4359 0.1945 0.1681 0.1340 0.1335 0.1282 0.1038 0.0999 0.0999 0.0999 0.0999 0.1338  
61369 4 0.9647 0.9917 0.0182 0.0166 21644452.6708 15965819.2428 1488583714.2929 284927.6336 382470.7916 28914723.5631 98395615.0587 129177578.2224 131035872.6585 131065890.5832 131065890.5832 131065890.5832 131065890.5832 131065890.5832 101.9993 0.2206 0.0268 0.0173 0.0160 0.0159 0.0159 0.0159 0.0159 0.0159 0.0159 0.0161 0.0416 0.5143 1.3000 1.5275 1.5374 1.5376 1.5376 1.5376 1.5376 1.5376 1.5376 0.1111 0.0753 0.0591 0.0564 0.0563 0.0563 0.0563 0.0563 0.0563 0.0563 0.0569  
61369 12 0.9397 0.9536 0.0023 0.0022 11012555.8867 30252.8883 4428889130.5413 1051765.1095 1196956.0770 26845663.4656 536075325.1445 2193178213.8378 3067401633.8756 2472008353.8031 1420924761.0615 588301402.2167 194013321.3035 73181325.5546 2.3347 0.2768 0.0104 0.0021 0.0023 0.0023 0.0023 0.0023 0.0023 0.0024 0.0025 0.0248 0.0186 0.1372 0.2786 0.3810 0.4352 0.4703 0.5138 0.5480 0.5643 0.5693 1.1640 0.1898 0.0813 0.0705 0.0669 0.0660 0.0659 0.0659 0.0659 0.0658 0.0655 0.0709  
61369 15 1.0478 1.0530 0.0026 0.0047 10602390.4233 1967067.2752 2647957656.4298 1306709.8078 556579739.4739 23970086297.1305 30247874076.5619 9711890478.4923 2785542554.2206 191392123.8319 2348897.8408 100053.4570 125607.7439 162128.5392 492.3341 0.1089 0.0009 0.0007 0.0010 0.0017 0.0153 1.0416 8.4004 7.1540 5.9779 0.0024 0.0038 0.0342 0.0808 0.1147 0.1548 0.1707 0.1721 0.1731 0.1761 0.1804 1.6453 0.2731 0.1779 0.1555 0.1350 0.1333 0.1333 0.1326 0.1112 0.1076 0.1051 0.2028  
61369 29 0.8656 0.9159 0.0244 0.0367 23197695.5762 842608.4155 73469137.7712 95847.2287 123032.9058 3225766.4707 78931384.1231 322932762.2812 477941381.4848 339715846.5940 162421913.8190 56127873.7969 16811453.0069 7704444.8272 83.0200 5.4721 2.0216 0.0767 0.0234 0.0163 0.0319 0.1007 0.2985 0.6400 0.8846 0.0136 0.0008 0.0082 0.0282 0.0621 0.1093 0.1664 0.2317 0.3016 0.3756 0.4292 2.5550 0.3378 0.1339 0.0807 0.0714 0.0660 0.0611 0.0565 0.0527 0.0484 0.0455 0.0671  
61369 30 1.2153 1.2108 0.0024 0.0246 72451805.5911 1808229.7934 494313554.8256 99375.7958 5700046.1517 145869127.8086 222721004.0114 144897790.2803 86149688.8596 56623744.0172 51637669.5309 51340240.4255 51329505.4835 51329505.4835 23.2214 0.0146 0.1258 0.4026 0.2341 0.0495 0.0140 0.0101 0.0099 0.0098 0.0098 0.4247 0.0092 0.1152 0.3963 0.8329 1.2515 1.4225 1.4449 1.4461 1.4461 1.4461 1.4461 0.1795 0.1292 0.0962 0.0731 0.0619 0.0571 0.0563 0.0563 0.0563 0.0563 0.0876  
61369 35 0.8173 0.9827 0.2232 0.5390 7361696.1198 46699.7802 46815522.9036 6603.8860 2237663.2734 19664062.8517 13420059.4359 19597779.3264 16334393.3523 10851487.9894 8661608.4575 8245710.7113 8102422.7314 7954391.1129 0.0267 0.0230 0.9601 1.4035 0.3291 0.2852 0.1545 0.0444 0.0188 0.0164 0.0162 0.0174 0.0143 0.1168 0.2527 0.3549 0.4242 0.4826 0.5057 0.5111 0.5149 0.5194 1.4702 0.1355 0.1154 0.0840 0.0744 0.0720 0.0689 0.0665 0.0659 0.0658 0.0658 0.0598  
61369 36 0.8518 0.9002 0.0588 0.1024 79338854.9393 801405.6960 117502747.4442 144757.2987 9427001265.9850 17545227014.6495 12047399103.4112 4365229271.4496 373751249.7388 66226333.7753 57870480.0164 57870480.0164 57863244.9305 57856009.8446 2479.9141 0.1009 0.1020 0.1348 0.1359 0.1364 0.1389 0.1393 0.1393 0.1393 0.1393 0.1359 0.0007 0.0052 0.0090 0.0171 0.0213 0.0216 0.0216 0.0216 0.0216 0.0216 1.4359 0.1945 0.1683 0.1340 0.1335 0.1286 0.1041 0.0999 0.0999 0.0999 0.0999 0.1338  
70129 4 0.9847 0.9780 0.0167 0.0157 20034183.1894 14755026.4546 1456495886.5812 274879.3820 203355.4485 18767533.2607 89948842.0114 126918832.4006 129106846.5098 129142337.9160 129142337.9160 129142337.9160 129142337.9160 129142337.9160 99.5294 0.2314 0.0247 0.0159 0.0152 0.0152 0.0152 0.0152 0.0152 0.0152 0.0152 0.0153 0.0416 0.5143 1.3000 1.5275 1.5374 1.5376 1.5376 1.5376 1.5376 1.5376 1.5376 0.1107 0.0742 0.0582 0.0563 0.0563 0.0563 0.0563 0.0563 0.0563 0.0563 0.0566  
70129 12 0.9331 0.9541 0.0024 0.0023 10794837.9640 36206.9814 4162107080.1266 988338.9802 1860944.0942 19951958.9726 383127029.0467 2002204050.4088 2928367019.5126 2368981616.7885 1361834366.2509 563781252.1415 185863889.6469 70048805.8461 2.4299 0.2708 0.0197 0.0022 0.0024 0.0024 0.0024 0.0024 0.0024 0.0025 0.0025 0.0291 0.0186 0.1372 0.2786 0.3810 0.4352 0.4703 0.5138 0.5480 0.5643 0.5693 1.1640 0.1906 0.0891 0.0692 0.0664 0.0659 0.0659 0.0659 0.0659 0.0658 0.0655 0.0755  
70129 15 1.0606 1.0848 0.0025 0.0050 11447522.6813 1886837.4774 2916941701.8268 1369227.3342 553908364.8826 27627099673.4550 34037606646.3910 10389857187.3781 2966693209.0172 203840369.2379 2502187.0426 100730.5843 109370.4062 121718.0008 600.5331 0.0991 0.0009 0.0007 0.0009 0.0017 0.0167 1.1350 8.8284 8.2724 7.5834 0.0021 0.0038 0.0342 0.0808 0.1147 0.1548 0.1707 0.1721 0.1731 0.1761 0.1804 1.6453 0.2766 0.1792 0.1556 0.1351 0.1333 0.1333 0.1325 0.1129 0.1110 0.1090 0.2028  
70129 29 0.7036 0.9172 0.0337 0.0489 17074856.7453 629177.3734 60869608.6863 82962.8647 78181.9595 1993040.8425 55800221.3842 279449730.1482 443927298.6004 317621912.7108 145102554.3965 41841560.7064 7738628.7217 2156499.4438 78.3347 5.6198 1.9371 0.1025 0.0335 0.0231 0.0384 0.0958 0.2822 0.7667 1.2624 0.0174 0.0008 0.0082 0.0282 0.0621 0.1093 0.1664 0.2317 0.3016 0.3756 0.4292 2.5550 0.3436 0.1328 0.0793 0.0702 0.0657 0.0612 0.0571 0.0544 0.0511 0.0478 0.0671  
70129 30 1.1725 0.9259 0.0076 0.0332 99337962.2901 679912.7838 628460834.5831 120767.6086 2939602.8891 65249464.2589 122713362.5586 135087958.6786 106934291.7910 74144612.7395 67842803.1296 67456230.0936 67441989.3546 67441989.3546 14.0439 0.0246 0.2427 0.6244 0.3273 0.0671 0.0200 0.0143 0.0140 0.0139 0.0139 0.5379 0.0092 0.1152 0.3963 0.8329 1.2515 1.4225 1.4449 1.4461 1.4461 1.4461 1.4461 0.1803 0.1257 0.0910 0.0711 0.0614 0.0571 0.0563 0.0563 0.0563 0.0563 0.0844  
70129 35 0.8923 0.8295 0.2092 0.5460 6602795.4278 56415.4177 37098270.9343 5397.5566 1033686.4088 11869112.2389 10840329.5024 13655757.4171 11654970.3432 8899910.5524 7798626.1815 7570910.7050 7452859.8328 7318330.9218 0.0246 0.0337 1.0326 1.2955 0.3915 0.3351 0.1629 0.0461 0.0216 0.0193 0.0191 0.0204 0.0143 0.1168 0.2527 0.3549 0.4242 0.4826 0.5057 0.5111 0.5149 0.5194 1.4702 0.1335 0.1131 0.0839 0.0746 0.0716 0.0684 0.0664 0.0659 0.0658 0.0658 0.0598  
70129 36 0.8219 0.8605 0.0584 0.0997 67240259.3053 765642.8579 101305189.9975 123299.6687 7026829069.9947 13956494160.5408 10285063130.4045 3725733335.4713 315658914.0667 52928455.6515 45789725.2113 45789725.2113 45784000.4861 45778275.7609 2118.0124 0.0977 0.0988 0.1312 0.1318 0.1321 0.1340 0.1343 0.1343 0.1343 0.1343 0.1317 0.0007 0.0052 0.0090 0.0171 0.0213 0.0216 0.0216 0.0216 0.0216 0.0216 1.4359 0.1944 0.1663 0.1340 0.1335 0.1289 0.1043 0.0998 0.0998 0.0998 0.0998 0.1338  
78889 4 0.9800 0.9858 0.0175 0.0157 20039946.0011 14483322.5807 1425116305.0649 270669.1193 235011.3773 20154229.0824 88304871.6647 124052238.9038 126213602.3693 126248767.7765 126248767.7765 126248767.7765 126248767.7765 126248767.7765 97.4519 0.2202 0.0245 0.0159 0.0155 0.0155 0.0155 0.0155 0.0155 0.0155 0.0155 0.0155 0.0416 0.5143 1.3000 1.5275 1.5374 1.5376 1.5376 1.5376 1.5376 1.5376 1.5376 0.1106 0.0759 0.0582 0.0563 0.0563 0.0563 0.0563 0.0563 0.0563 0.0563 0.0567  
78889 12 0.9332 0.9544 0.0026 0.0024 10711705.4974 39497.0654 3901455890.2450 922222.2136 2174194.7412 19477890.0371 315933468.8038 1853864382.4527 2760398241.8021 2236411412.1601 1285675275.9199 532236070.3072 175445588.1529 66104967.3685 2.4541 0.2641 0.0233 0.0023 0.0025 0.0026 0.0026 0.0026 0.0026 0.0026 0.0027 0.0307 0.0186 0.1372 0.2786 0.3810 0.4352 0.4703 0.5138 0.5480 0.5643 0.5693 1.1640 0.1904 0.0951 0.0684 0.0662 0.0659 0.0659 0.0659 0.0659 0.0658 0.0655 0.0791  
78889 15 1.0518 0.9985 0.0022 0.0046 10179832.8677 1898009.7198 3039168611.1262 1452230.9414 270709835.5929 25227312817.4971 35255169567.0650 11378388713.5305 3264345136.8229 224282614.2144 2742782.7834 97734.4517 99528.9540 102093.6016 287.3754 0.0799 0.0005 0.0004 0.0006 0.0014 0.0158 1.0954 9.0002 8.7547 8.4112 0.0033 0.0038 0.0342 0.0808 0.1147 0.1548 0.1707 0.1721 0.1731 0.1761 0.1804 1.6453 0.2683 0.1724 0.1556 0.1351 0.1333 0.1333 0.1325 0.1135 0.1126 0.1114 0.2028  
78889 29 0.4093 0.9234 0.0443 0.0689 10206653.2168 413443.4169 54313965.9590 58376.3406 73163.9581 1046911.9308 36766929.0295 238888246.3388 407367072.6744 296429482.3931 134150647.9532 35902255.1555 4898644.5424 777092.5914 72.5913 5.6818 2.5840 0.1675 0.0462 0.0277 0.0375 0.0666 0.1555 0.4868 1.0922 0.0208 0.0008 0.0082 0.0282 0.0621 0.1093 0.1664 0.2317 0.3016 0.3756 0.4292 2.5550 0.3414 0.1428 0.0773 0.0690 0.0654 0.0612 0.0575 0.0557 0.0546 0.0530 0.0671  
78889 30 1.2447 0.9655 0.0254 0.0363 105633889.5255 64791.2714 701039537.5396 141601.7716 4219250.5828 68387538.0634 66871007.5671 73851151.5274 87975754.0477 88061697.0524 87508293.9880 87464347.0495 87462328.9989 87462328.9989 7.4916 0.0340 0.4070 1.1165 0.4475 0.0676 0.0232 0.0188 0.0186 0.0186 0.0186 1.0421 0.0092 0.1152 0.3963 0.8329 1.2515 1.4225 1.4449 1.4461 1.4461 1.4461 1.4461 0.1808 0.1322 0.0955 0.0693 0.0600 0.0568 0.0563 0.0563 0.0563 0.0563 0.0845  
78889 35 0.9160 0.8207 0.1660 0.5647 5396676.7415 104791.8556 33436537.9601 4816.1287 528945.7750 6501329.8197 7709301.8739 8800081.9101 8055813.5822 7322490.9988 7023659.6080 6935415.6792 6837875.9435 6715794.5171 0.0227 0.0405 1.1461 1.2898 0.4485 0.3684 0.1551 0.0439 0.0231 0.0212 0.0210 0.0221 0.0143 0.1168 0.2527 0.3549 0.4242 0.4826 0.5057 0.5111 0.5149 0.5194 1.4702 0.1331 0.1125 0.0837 0.0748 0.0709 0.0677 0.0662 0.0659 0.0658 0.0658 0.0598  
78889 36 0.8839 0.9191 0.0581 0.0987 59362646.8829 657306.0943 91493248.9305 101335.0503 5948678107.2636 12284639676.6949 9404166285.4383 3403680283.4039 283204312.0458 42786074.2568 36253595.0984 36253595.0984 36249062.5997 36244530.1011 1937.0986 0.0971 0.0983 0.1289 0.1300 0.1305 0.1332 0.1337 0.1337 0.1337 0.1337 0.1300 0.0007 0.0052 0.0090 0.0171 0.0213 0.0216 0.0216 0.0216 0.0216 0.0216 1.4359 0.1944 0.1663 0.1340 0.1336 0.1293 0.1048 0.0998 0.0998 0.0998 0.0998 0.1338  
87673 4 0.9846 0.9864 0.0178 0.0161 17366658.1322 19820429.3778 1397957099.7152 265245.8626 250884.6306 22492729.1641 87119610.5824 121157927.9226 123309213.3351 123344309.1111 123344309.1111 123344309.1111 123344309.1111 123344309.1111 95.7137 0.2103 0.0253 0.0165 0.0159 0.0159 0.0159 0.0159 0.0159 0.0159 0.0159 0.0159 0.0416 0.5143 1.3000 1.5275 1.5374 1.5376 1.5376 1.5376 1.5376 1.5376 1.5376 0.1100 0.0761 0.0583 0.0563 0.0563 0.0563 0.0563 0.0563 0.0563 0.0563 0.0567  
87673 12 0.9360 0.9553 0.0027 0.0026 10728301.4346 46941.9802 3654783920.4450 860575.5413 4075254.6429 27546431.7502 278934256.3369 1724889405.5996 2591629023.4731 2101242284.7650 1207994223.5137 500072779.7380 164837195.0408 62102204.6284 3.0783 0.2389 0.0267 0.0024 0.0027 0.0027 0.0027 0.0027 0.0027 0.0028 0.0029 0.0356 0.0186 0.1372 0.2786 0.3810 0.4352 0.4703 0.5138 0.5480 0.5643 0.5693 1.1640 0.1928 0.1012 0.0680 0.0661 0.0659 0.0659 0.0659 0.0659 0.0658 0.0655 0.0865  
87673 15 1.0513 1.0758 0.0027 0.0052 26875192.7318 1637910.8557 3274856042.6600 1527480.7819 497720020.4792 29887265415.3176 37741872548.0500 12105079503.3526 3471656831.7145 238545486.8744 2937295.8115 122999.5749 121163.5659 118539.7030 623.2038 0.2416 0.0020 0.0005 0.0007 0.0016 0.0181 1.2341 9.0289 8.9403 8.8083 0.0024 0.0038 0.0342 0.0808 0.1147 0.1548 0.1707 0.1721 0.1731 0.1761 0.1804 1.6453 0.2690 0.1784 0.1554 0.1350 0.1333 0.1333 0.1323 0.1138 0.1134 0.1130 0.2028  
87673 29 0.2639 0.9320 0.0676 0.1126 4802533.7111 249061.3257 50895025.5016 23892.5020 1837564.1046 1122223.5405 22991843.5075 203980095.0077 371484295.1492 277326798.0958 127423827.4462 34219837.0776 4614904.0460 709066.4471 66.3998 2.9082 3.4068 0.3478 0.0564 0.0257 0.0278 0.0356 0.0473 0.0875 0.1852 0.0213 0.0008 0.0082 0.0282 0.0621 0.1093 0.1664 0.2317 0.3016 0.3756 0.4292 2.5550 0.3446 0.1960 0.0757 0.0678 0.0652 0.0611 0.0575 0.0559 0.0556 0.0554 0.0671  
87673 30 1.0121 0.9127 0.0191 0.0311 87214337.7357 57119.1930 703583735.0186 176256.8691 2151429.8877 39044352.4526 29119969.8556 39828164.3569 75357216.3441 91016958.1918 92993164.6810 93095369.2980 93098429.6040 93098429.6040 3.3804 0.0556 0.7208 1.7513 0.5214 0.0524 0.0211 0.0187 0.0186 0.0186 0.0186 1.7106 0.0092 0.1152 0.3963 0.8329 1.2515 1.4225 1.4449 1.4461 1.4461 1.4461 1.4461 0.1765 0.1323 0.1001 0.0672 0.0585 0.0565 0.0563 0.0563 0.0563 0.0563 0.0849  
87673 35 0.5989 0.9373 0.2207 0.7037 4815223.3167 132588.2554 30211578.3848 4411.4920 894981.1937 10527853.5664 6536705.5161 5744571.1746 5665795.7000 6146643.8133 6331405.2471 6328456.4079 6246344.0129 6135769.3704 0.0208 0.0339 1.0243 1.7492 0.5602 0.3863 0.1423 0.0436 0.0268 0.0253 0.0252 0.0262 0.0143 0.1168 0.2527 0.3549 0.4242 0.4826 0.5057 0.5111 0.5149 0.5194 1.4702 0.1331 0.1141 0.0863 0.0754 0.0701 0.0672 0.0661 0.0659 0.0658 0.0658 0.0598  
87673 36 0.8690 0.8962 0.0584 0.0987 54998114.5491 587637.3098 82086045.4792 89569.2886 4509003597.1871 10308721673.4287 8609483020.4595 3114450423.5121 254995419.5538 34687639.6165 28701587.2348 28701587.2348 28697998.9036 28694410.5723 1774.2299 0.0975 0.0987 0.1299 0.1307 0.1310 0.1332 0.1337 0.1337 0.1337 0.1337 0.1307 0.0007 0.0052 0.0090 0.0171 0.0213 0.0216 0.0216 0.0216 0.0216 0.0216 1.4359 0.1944 0.1635 0.1339 0.1336 0.1299 0.1055 0.0998 0.0998 0.0998 0.0998 0.1338  
96433 4 1.0060 1.0039 0.0176 0.0160 15909942.6773 22656806.5854 1395706251.1278 261151.0658 376861.6161 33018870.7113 93432825.9505 119891262.7921 121603964.4991 121631683.0629 121631683.0629 121631683.0629 121631683.0629 121631683.0629 95.5039 0.2079 0.0245 0.0163 0.0156 0.0156 0.0156 0.0156 0.0156 0.0156 0.0156 0.0157 0.0416 0.5143 1.3000 1.5275 1.5374 1.5376 1.5376 1.5376 1.5376 1.5376 1.5376 0.1103 0.0772 0.0592 0.0564 0.0563 0.0563 0.0563 0.0563 0.0563 0.0563 0.0570  
96433 12 0.9472 0.9582 0.0029 0.0027 10749574.5640 66059.8499 3429143591.8517 805501.2541 7992452.0618 51868550.6620 268090423.2446 1610788688.8433 2428428127.2128 1969547601.6633 1132294628.8270 468734529.6050 154506221.2258 58209038.9049 4.4466 0.2196 0.0236 0.0026 0.0029 0.0029 0.0029 0.0029 0.0029 0.0030 0.0031 0.0364 0.0186 0.1372 0.2786 0.3810 0.4352 0.4703 0.5138 0.5480 0.5643 0.5693 1.1640 0.1935 0.1047 0.0684 0.0661 0.0659 0.0659 0.0659 0.0659 0.0658 0.0655 0.0966  
96433 15 1.0454 0.9984 0.0029 0.0054 14092892.0900 1958121.3515 3369170844.6605 1605770.7525 371218719.6216 28506081928.2182 38141857008.3785 12793078339.5090 3682572052.3461 253040222.7392 3118095.6274 132343.6547 128997.0000 124214.2118 476.4822 0.0451 0.0004 0.0004 0.0006 0.0016 0.0192 1.2987 9.0596 9.0265 8.9759 0.0034 0.0038 0.0342 0.0808 0.1147 0.1548 0.1707 0.1721 0.1731 0.1761 0.1804 1.6453 0.2654 0.1735 0.1553 0.1350 0.1333 0.1333 0.1322 0.1138 0.1137 0.1135 0.2028  
96433 29 0.8068 0.9425 0.0611 0.1278 3606961.8889 239428.1972 47515537.2570 6305.9078 5681065.0293 3029531.4094 17048313.1254 179647716.8164 338699425.7646 258435118.0283 120673997.4531 32620733.5949 4404585.0681 677315.9694 60.2945 2.1442 2.6637 0.4305 0.0419 0.0192 0.0219 0.0281 0.0357 0.0605 0.1201 0.0218 0.0008 0.0082 0.0282 0.0621 0.1093 0.1664 0.2317 0.3016 0.3756 0.4292 2.5550 0.3427 0.2083 0.0759 0.0669 0.0649 0.0609 0.0574 0.0559 0.0557 0.0555 0.0671  
96433 30 0.9795 0.9591 0.0194 0.0266 68884099.5127 54507.7554 676377137.0604 178396.4418 1732155.4666 36661379.5551 25183413.9456 24405013.3432 64052933.8114 88742494.9933 92447929.6385 92654965.1058 92661793.1768 92661793.1768 2.3334 0.0585 0.7157 1.8730 0.5916 0.0403 0.0200 0.0185 0.0185 0.0185 0.0185 2.2077 0.0092 0.1152 0.3963 0.8329 1.2515 1.4225 1.4449 1.4461 1.4461 1.4461 1.4461 0.1740 0.1330 0.1049 0.0661 0.0576 0.0564 0.0563 0.0563 0.0563 0.0563 0.0896  
96433 35 0.5966 0.9245 0.3524 0.8280 4410475.1995 53857.0336 25812844.2394 2642.0068 1024114.5818 12149178.8292 5318578.9749 3696938.4851 4080359.6375 5232561.6275 5683838.0089 5729341.6213 5659320.7399 5559777.1205 0.0189 0.0337 0.9948 2.0694 0.7311 0.3982 0.1338 0.0483 0.0347 0.0336 0.0334 0.0347 0.0143 0.1168 0.2527 0.3549 0.4242 0.4826 0.5057 0.5111 0.5149 0.5194 1.4702 0.1317 0.1139 0.0882 0.0760 0.0694 0.0668 0.0660 0.0659 0.0658 0.0658 0.0598  
96433 36 0.8737 0.8963 0.0581 0.0986 50400083.7930 538653.8803 73936081.2495 77837.3543 3257962794.4433 8612691552.1085 7950166636.1695 2874752457.2327 231882870.6280 28261995.0153 22729347.1464 22729347.1464 22726505.4769 22723663.8074 1639.1419 0.0973 0.0986 0.1298 0.1305 0.1308 0.1329 0.1335 0.1335 0.1335 0.1335 0.1305 0.0007 0.0052 0.0090 0.0171 0.0213 0.0216 0.0216 0.0216 0.0216 0.0216 1.4359 0.1943 0.1604 0.1339 0.1336 0.1304 0.1062 0.0998 0.0998 0.0998 0.0998 0.1338  
