8761 4 0.8360 0.7896 0.1747 0.2090 24310884.6746 23652307.0492 253391042.8449 29511.9502 592326.4951 30160728.3680 33875287.1005 12214995.8915 10639202.7978 10612805.2129 10612805.2129 10612805.2129 10612805.2129 10612805.2129 9.5634 0.5009 0.2697 0.2448 0.2255 0.2200 0.2199 0.2199 0.2199 0.2199 0.2199 0.2286 0.0416 0.5143 1.3000 1.5275 1.5374 1.5376 1.5376 1.5376 1.5376 1.5376 1.5376 0.1117 0.0801 0.0662 0.0577 0.0563 0.0563 0.0563 0.0563 0.0563 0.0563 0.0643  
8761 12 1.5839 0.6936 0.0174 0.0301 16518117.5869 4346892.3594 1236891019.6262 41823.6756 820506707.7186 4038257245.6483 1563182133.0349 349974721.5814 101087571.9216 61030731.1561 37539262.9783 19490317.2418 10942646.7017 8322798.3634 271.7930 0.5614 0.0186 0.0267 0.0411 0.0460 0.0471 0.0479 0.0496 0.0521 0.0538 0.0131 0.0186 0.1372 0.2786 0.3810 0.4352 0.4703 0.5138 0.5480 0.5643 0.5693 1.1640 0.1867 0.1142 0.0849 0.0730 0.0674 0.0657 0.0651 0.0639 0.0621 0.0608 0.1167  
8761 15 0.7539 0.6281 0.1997 0.1794 584952542.8585 2867582.9416 1649615490.5651 452798.2214 957848288.9446 12661461702.5684 7989059624.9576 3314571338.1126 1589952559.8103 937208852.8224 888203288.0299 879498373.6168 855752414.8306 821816440.9599 1364.0753 1.0987 0.0103 0.0053 0.0400 0.2485 0.4536 0.4761 0.4767 0.4776 0.4791 0.2084 0.0038 0.0342 0.0808 0.1147 0.1548 0.1707 0.1721 0.1731 0.1761 0.1804 1.6453 0.2734 0.2009 0.1546 0.1329 0.1232 0.1148 0.1139 0.1139 0.1138 0.1137 0.1639  
8761 29 0.7066 0.6422 0.0577 0.1177 74046171.2661 207367601.4193 214468698.3307 90437.9140 2430570.5239 326188318.7474 806213633.3182 714697095.2627 501008937.3074 342004768.6934 234388438.9143 171022592.0750 143323018.6803 134176660.3635 151.1760 4.9401 1.3442 0.2788 0.0719 0.0454 0.0943 0.2821 0.5145 0.6443 0.6893 0.1582 0.0008 0.0082 0.0282 0.0621 0.1093 0.1664 0.2317 0.3016 0.3756 0.4292 2.5550 0.1781 0.1187 0.1037 0.0844 0.0694 0.0597 0.0529 0.0480 0.0442 0.0422 0.0970  
8761 30 0.1263 0.8873 0.0171 0.0374 21355817.5642 38549.0218 168018171.8853 3951.4403 17.0621 3848.5498 1075422.0733 9828032.1185 19491699.9710 21468294.2679 21522343.9119 21519984.7291 21519714.3979 21519714.3979 0.5150 1.3222 3.6675 0.8943 0.2109 0.0641 0.0305 0.0249 0.0246 0.0246 0.0246 0.2898 0.0092 0.1152 0.3963 0.8329 1.2515 1.4225 1.4449 1.4461 1.4461 1.4461 1.4461 0.1302 0.0877 0.0688 0.0638 0.0595 0.0568 0.0563 0.0563 0.0563 0.0563 0.0663  
8761 35 1.0812 0.4826 0.2853 0.5679 12226647.5667 2135974.9138 101916307.5469 13574.1743 5020583.8001 62728639.7448 64578646.8078 64912744.5200 43946850.3128 22653342.7161 14302053.4766 12817992.5962 12522941.1926 12286769.1452 0.0414 0.0654 1.5228 1.7901 0.2519 0.1906 0.1337 0.0668 0.0474 0.0455 0.0454 0.0516 0.0143 0.1168 0.2527 0.3549 0.4242 0.4826 0.5057 0.5111 0.5149 0.5194 1.4702 0.1341 0.1134 0.0844 0.0758 0.0726 0.0698 0.0669 0.0660 0.0658 0.0658 0.0598  
8761 36 0.4364 0.5400 0.0470 0.1072 167171909.6264 2690877.6765 261984132.2411 76991.1142 32343226793.9900 48114846863.0526 23393146705.5718 8541525624.5573 852497941.6030 260093934.8452 243997566.4336 243997566.4336 243967061.3581 243936556.2827 4801.6826 1.3415 0.1429 0.1440 0.1441 0.1450 0.1473 0.1475 0.1475 0.1475 0.1475 0.1440 0.0007 0.0052 0.0090 0.0171 0.0213 0.0216 0.0216 0.0216 0.0216 0.0216 1.4359 0.1898 0.1726 0.1293 0.1282 0.1191 0.0979 0.0960 0.0960 0.0960 0.0960 0.1289  
17545 4 6.5658 2.1496 0.0522 0.0591 17270196.9139 5210486.6911 654148544.8968 15734.1829 1588948.9498 81427853.2097 96698904.9910 38080878.1168 33659015.5475 33584428.7297 33584428.7297 33584428.7297 33584428.7297 33584428.7297 29.8514 0.1807 0.0479 0.0419 0.0388 0.0379 0.0379 0.0379 0.0379 0.0379 0.0379 0.0390 0.0416 0.5143 1.3000 1.5275 1.5374 1.5376 1.5376 1.5376 1.5376 1.5376 1.5376 0.1124 0.0799 0.0657 0.0576 0.0563 0.0563 0.0563 0.0563 0.0563 0.0563 0.0633  
17545 12 1.3877 1.5121 0.0091 0.0128 17704716.9220 196459.8330 2657473209.0964 683796.3666 918148684.2860 5516088187.9964 4093736768.2439 1409912341.5554 350950708.3679 182920482.2797 105797114.4635 47315422.2811 19620923.4587 11133450.7389 356.5236 0.0937 0.0044 0.0079 0.0134 0.0156 0.0164 0.0165 0.0169 0.0177 0.0186 0.0026 0.0186 0.1372 0.2786 0.3810 0.4352 0.4703 0.5138 0.5480 0.5643 0.5693 1.1640 0.1872 0.1052 0.0819 0.0738 0.0686 0.0659 0.0656 0.0649 0.0634 0.0619 0.1102  
17545 15 1.0549 1.1864 0.2344 0.2027 422373371.4393 1070185.6394 1604198813.5377 642729.9101 1505366394.4196 17257768952.4857 12806939952.6579 4310944205.4807 1522791763.8260 478758193.6435 402033771.6486 397491753.2419 386888227.5987 371734452.6244 1192.8086 0.3546 0.0034 0.0008 0.0200 0.1949 0.5992 0.6814 0.6824 0.6822 0.6817 0.1533 0.0038 0.0342 0.0808 0.1147 0.1548 0.1707 0.1721 0.1731 0.1761 0.1804 1.6453 0.2806 0.1975 0.1556 0.1342 0.1277 0.1162 0.1139 0.1139 0.1138 0.1137 0.1802  
17545 29 1.1108 0.8673 0.0553 0.0954 19887685.8267 975928.7953 195434756.5164 117294.6416 948405.4769 122935163.1635 457475335.1459 634876945.8053 547895385.1053 367287194.6863 230903833.1016 156695496.4922 123666667.2187 111636674.7151 109.6205 3.5372 0.6212 0.3039 0.0561 0.0082 0.0095 0.0263 0.0625 0.1107 0.1449 0.2597 0.0008 0.0082 0.0282 0.0621 0.1093 0.1664 0.2317 0.3016 0.3756 0.4292 2.5550 0.2576 0.1136 0.0976 0.0809 0.0689 0.0604 0.0539 0.0487 0.0446 0.0424 0.0862  
17545 30 1.3162 1.6949 0.0031 0.0076 3939773.1278 1791537.9320 174241530.8143 37282.0407 2037599.2859 52438299.3235 77736565.9573 30743245.8431 17297190.0713 21686223.1424 22745437.0782 22811137.4647 22813479.8610 22813479.8610 7.0726 0.0087 0.0350 0.1191 0.0834 0.0084 0.0045 0.0038 0.0038 0.0038 0.0038 0.1817 0.0092 0.1152 0.3963 0.8329 1.2515 1.4225 1.4449 1.4461 1.4461 1.4461 1.4461 0.1823 0.1303 0.1025 0.0771 0.0585 0.0564 0.0563 0.0563 0.0563 0.0563 0.0936  
17545 35 0.8447 0.7740 0.2166 0.2957 11160185.8460 3690.0220 87885553.2468 10795.3399 829816.4456 14461052.0456 37934606.5810 54995420.7943 40990846.7086 21212773.9336 13377224.2812 11984661.3836 11708181.9318 11487085.2351 0.0386 0.0377 0.9248 0.6260 0.1972 0.1909 0.1233 0.0378 0.0118 0.0092 0.0089 0.0100 0.0143 0.1168 0.2527 0.3549 0.4242 0.4826 0.5057 0.5111 0.5149 0.5194 1.4702 0.1284 0.1074 0.0810 0.0748 0.0726 0.0700 0.0669 0.0660 0.0658 0.0658 0.0598  
17545 36 0.8218 0.8664 0.0625 0.1069 76965409.2137 1201500.6654 235656400.2544 308559.1254 23396901036.3337 38189600199.1289 21949983424.9415 8000445020.5818 764809552.5280 207337316.7858 192190082.5696 192190082.5696 192166054.5719 192142026.5742 4511.6354 0.1015 0.1068 0.1350 0.1359 0.1366 0.1386 0.1388 0.1388 0.1388 0.1388 0.1359 0.0007 0.0052 0.0090 0.0171 0.0213 0.0216 0.0216 0.0216 0.0216 0.0216 1.4359 0.1945 0.1734 0.1340 0.1332 0.1251 0.1022 0.0999 0.0999 0.0999 0.0999 0.1337  
26305 4 2.3156 1.6298 0.0248 0.0304 15436535.6252 49319429.3818 1128647781.2848 103307.4918 2853411.3679 130411669.9825 164705352.9647 83119533.4480 77013726.8850 76910691.8328 76910691.8328 76910691.8328 76910691.8328 76910691.8328 65.7721 0.1642 0.0340 0.0282 0.0253 0.0245 0.0245 0.0245 0.0245 0.0245 0.0245 0.0256 0.0416 0.5143 1.3000 1.5275 1.5374 1.5376 1.5376 1.5376 1.5376 1.5376 1.5376 0.1147 0.0795 0.0648 0.0572 0.0563 0.0563 0.0563 0.0563 0.0563 0.0563 0.0613  
26305 12 1.0035 0.9549 0.0051 0.0059 16193599.5441 189027.8943 3397294638.7447 948900.7534 53027967.5900 2355078124.7928 5116302248.9969 2484939480.0777 845458265.5215 512035999.7849 293235091.6154 124315057.5594 44322669.6166 19808244.3750 69.2204 0.0762 0.0035 0.0042 0.0058 0.0065 0.0068 0.0069 0.0070 0.0075 0.0083 0.0039 0.0186 0.1372 0.2786 0.3810 0.4352 0.4703 0.5138 0.5480 0.5643 0.5693 1.1640 0.1504 0.0904 0.0793 0.0732 0.0682 0.0660 0.0658 0.0655 0.0648 0.0636 0.0978  
26305 15 1.0268 1.0665 0.1763 0.3573 447737922.6482 1621392.1646 1655056232.5303 677991.2741 971567113.9750 17902650791.1070 16583367335.2563 5832620449.0417 1704284264.4607 140568679.0129 26620835.5538 25291408.1850 25383087.4179 25514122.1140 825.6440 0.1390 0.0011 0.0009 0.0140 0.1654 1.2745 2.6123 2.6488 2.6183 2.5733 0.1706 0.0038 0.0342 0.0808 0.1147 0.1548 0.1707 0.1721 0.1731 0.1761 0.1804 1.6453 0.2754 0.1887 0.1556 0.1348 0.1319 0.1235 0.1142 0.1138 0.1136 0.1133 0.1952  
26305 29 0.8725 0.8784 0.0307 0.1041 29638024.6836 1070269.2760 168886343.3129 130293.8387 231493.9611 21074366.5125 229406748.9328 528796738.0522 572330285.1379 390283975.9957 227506308.9547 138636777.4561 97866746.7237 82328449.4656 94.1663 4.8869 1.4064 0.3502 0.0442 0.0090 0.0144 0.0431 0.1076 0.1989 0.2656 0.2081 0.0008 0.0082 0.0282 0.0621 0.1093 0.1664 0.2317 0.3016 0.3756 0.4292 2.5550 0.3129 0.1119 0.0878 0.0768 0.0678 0.0609 0.0545 0.0491 0.0449 0.0426 0.0714  
26305 30 1.4691 1.3345 0.0039 0.0279 37260386.9696 2893456.8859 208739764.8172 49069.0285 2833321.7830 82949462.6287 136142673.0736 73230259.7358 31571269.2502 23655700.6756 23087593.9976 23066537.0185 23066146.7263 23066146.7263 13.3208 0.0163 0.1028 0.3530 0.3045 0.0644 0.0125 0.0108 0.0107 0.0107 0.0107 0.4243 0.0092 0.1152 0.3963 0.8329 1.2515 1.4225 1.4449 1.4461 1.4461 1.4461 1.4461 0.1809 0.1289 0.0975 0.0765 0.0617 0.0567 0.0563 0.0563 0.0563 0.0563 0.0908  
26305 35 0.8597 0.9248 0.2177 0.2516 8824500.9418 4692.1311 77116603.3544 9119.3553 1496254.5351 19622436.8645 30056422.8137 45711119.8090 35018717.2268 18778157.5907 12330072.2948 11176847.6604 10931493.4090 10726256.7186 0.0360 0.0252 0.7080 0.5330 0.1809 0.1742 0.1111 0.0344 0.0119 0.0097 0.0094 0.0106 0.0143 0.1168 0.2527 0.3549 0.4242 0.4826 0.5057 0.5111 0.5149 0.5194 1.4702 0.1327 0.1118 0.0811 0.0745 0.0725 0.0699 0.0669 0.0660 0.0658 0.0658 0.0598  
26305 36 0.8962 0.8947 0.0605 0.1039 142649559.8381 1184718.6360 206787768.6973 253581.8905 19019529831.9767 32279417269.1468 19676911359.3623 7161157329.6904 665382312.6264 164912900.7589 151314502.6363 151314502.6363 151295584.9873 151276667.3383 4046.3908 0.1023 0.1029 0.1350 0.1362 0.1368 0.1390 0.1393 0.1393 0.1393 0.1393 0.1361 0.0007 0.0052 0.0090 0.0171 0.0213 0.0216 0.0216 0.0216 0.0216 0.0216 1.4359 0.1945 0.1717 0.1341 0.1333 0.1261 0.1026 0.0999 0.0999 0.0999 0.0999 0.1338  
35065 4 1.0085 1.0567 0.0356 0.0350 41096942.1289 16617251.4821 1289720802.4473 239223.9201 859435.4934 50417868.4551 112516425.1004 107602338.5814 106735239.1381 106719460.3214 106719460.3214 106719460.3214 106719460.3214 106719460.3214 83.9978 0.2304 0.0464 0.0383 0.0329 0.0323 0.0323 0.0323 0.0323 0.0323 0.0323 0.0329 0.0416 0.5143 1.3000 1.5275 1.5374 1.5376 1.5376 1.5376 1.5376 1.5376 1.5376 0.1137 0.0756 0.0615 0.0566 0.0563 0.0563 0.0563 0.0563 0.0563 0.0563 0.0577  
35065 12 0.9841 0.9579 0.0031 0.0032 11514581.0880 94235.0273 3589962123.4326 952179.5308 23824778.6525 1239227359.9372 4096845854.7981 2740892158.9338 1317728288.8768 894251238.5157 512507313.9971 214466764.9386 73329565.2673 30076996.6226 15.3816 0.1226 0.0028 0.0025 0.0032 0.0036 0.0037 0.0037 0.0038 0.0039 0.0042 0.0115 0.0186 0.1372 0.2786 0.3810 0.4352 0.4703 0.5138 0.5480 0.5643 0.5693 1.1640 0.1831 0.0848 0.0773 0.0721 0.0674 0.0659 0.0659 0.0657 0.0654 0.0646 0.0982  
35065 15 1.5502 1.4100 0.0111 0.0594 90475308.4411 1951757.7164 2311144790.7251 696188.0255 2085887901.1589 35165669088.8478 23111169638.0828 7848492804.2077 2265897075.4554 155698992.0325 1944394.5104 237450.6362 615334.9504 1155386.0520 2249.5263 0.5191 0.0054 0.0007 0.0017 0.0109 0.1746 2.8691 5.0938 3.9851 3.2524 0.0030 0.0038 0.0342 0.0808 0.1147 0.1548 0.1707 0.1721 0.1731 0.1761 0.1804 1.6453 0.2807 0.1985 0.1558 0.1348 0.1333 0.1329 0.1240 0.1104 0.1078 0.1060 0.2026  
35065 29 0.9917 0.9236 0.0166 0.0389 24414558.9112 1162063.3097 146290158.7028 113687.1060 134387.9291 7345729.6025 150139561.3570 443834652.4682 559368221.1880 397615334.4182 224481416.9997 123386813.7594 76847780.9321 59733709.7426 92.7606 5.3925 1.5010 0.1028 0.0190 0.0088 0.0141 0.0424 0.1099 0.2086 0.2822 0.0329 0.0008 0.0082 0.0282 0.0621 0.1093 0.1664 0.2317 0.3016 0.3756 0.4292 2.5550 0.3339 0.1186 0.0830 0.0742 0.0669 0.0608 0.0550 0.0498 0.0454 0.0430 0.0675  
35065 30 1.3954 1.2888 0.0029 0.0268 49041089.6896 2670728.6618 289190967.4533 72088.5656 3659769.7073 111881575.9909 200917653.0783 120810834.2766 51904478.6571 31355073.2659 28963689.8868 28841294.6689 28837638.9183 28837638.9183 20.2825 0.0134 0.0898 0.2925 0.2172 0.0577 0.0129 0.0097 0.0096 0.0096 0.0096 0.3060 0.0092 0.1152 0.3963 0.8329 1.2515 1.4225 1.4449 1.4461 1.4461 1.4461 1.4461 0.1806 0.1275 0.0955 0.0750 0.0629 0.0571 0.0563 0.0563 0.0563 0.0563 0.0889  
35065 35 0.8493 0.8825 0.2789 0.3119 9006672.8159 5476.7444 65874240.1584 7839.5418 1401208.5912 16905337.4053 23816738.7880 35849852.6972 28019682.5530 16022995.7739 11255077.2118 10390722.1398 10180535.7107 9991201.6035 0.0335 0.0293 0.8087 0.6805 0.2289 0.2166 0.1314 0.0394 0.0143 0.0119 0.0116 0.0129 0.0143 0.1168 0.2527 0.3549 0.4242 0.4826 0.5057 0.5111 0.5149 0.5194 1.4702 0.1330 0.1120 0.0815 0.0744 0.0724 0.0696 0.0668 0.0660 0.0658 0.0658 0.0598  
35065 36 0.8671 0.8991 0.0604 0.1035 129641672.5862 1145039.2735 189246821.2132 227249.5466 14770345007.3412 27206810117.9143 18458202617.4529 6707104493.5951 602167229.8494 131810057.7977 119029844.0645 119029844.0645 119014962.7096 119000081.3548 3798.6467 0.1026 0.1034 0.1356 0.1368 0.1375 0.1398 0.1401 0.1401 0.1401 0.1401 0.1368 0.0007 0.0052 0.0090 0.0171 0.0213 0.0216 0.0216 0.0216 0.0216 0.0216 1.4359 0.1945 0.1698 0.1340 0.1334 0.1269 0.1030 0.0999 0.0999 0.0999 0.0999 0.1338  
43825 4 1.0165 1.0071 0.0220 0.0206 20913297.9221 16691489.2778 1331517499.8376 241266.3525 507333.3264 28423530.7969 93359068.0168 113251718.5633 114232119.1000 114247579.3245 114247579.3245 114247579.3245 114247579.3245 114247579.3245 88.3556 0.2261 0.0300 0.0197 0.0179 0.0178 0.0178 0.0178 0.0178 0.0178 0.0178 0.0179 0.0416 0.5143 1.3000 1.5275 1.5374 1.5376 1.5376 1.5376 1.5376 1.5376 1.5376 0.1136 0.0754 0.0595 0.0564 0.0563 0.0563 0.0563 0.0563 0.0563 0.0563 0.0569  
43825 12 0.9649 0.9541 0.0028 0.0028 11281650.7648 75151.9803 3620610034.3938 936998.7758 13293737.1657 739705290.4705 3125767487.7345 2656445297.8364 1629413917.5668 1171565222.1915 672035319.5138 280010438.3924 94367116.6824 37475421.1535 9.5361 0.1330 0.0033 0.0024 0.0030 0.0033 0.0033 0.0033 0.0034 0.0035 0.0037 0.0201 0.0186 0.1372 0.2786 0.3810 0.4352 0.4703 0.5138 0.5480 0.5643 0.5693 1.1640 0.1830 0.0837 0.0760 0.0713 0.0669 0.0659 0.0659 0.0658 0.0655 0.0650 0.0954  
43825 15 1.4647 1.0192 0.0021 0.0053 9763896.9593 2421636.3423 2814847690.1137 1079246.3130 726963309.4565 28141191333.0588 30049974377.7338 10435315465.7278 3013767518.2640 207019895.3727 2491656.4632 101280.8011 253734.9009 471613.7659 1027.9821 0.3132 0.0014 0.0010 0.0013 0.0016 0.0085 0.5730 5.3491 3.0894 2.1232 0.0012 0.0038 0.0342 0.0808 0.1147 0.1548 0.1707 0.1721 0.1731 0.1761 0.1804 1.6453 0.2621 0.1835 0.1557 0.1350 0.1333 0.1333 0.1328 0.1038 0.1010 0.1002 0.2028  
43825 29 0.9236 0.9239 0.0211 0.0341 27131084.6629 1302274.3135 121156755.0513 112743.6223 290753.2824 4708869.3710 104678319.9243 378253299.2024 535126566.5896 391274950.2702 213412697.5317 104256217.7445 54782198.2929 37729210.6854 90.7898 5.2803 2.2693 0.0884 0.0180 0.0104 0.0188 0.0586 0.1574 0.3079 0.4233 0.0146 0.0008 0.0082 0.0282 0.0621 0.1093 0.1664 0.2317 0.3016 0.3756 0.4292 2.5550 0.3383 0.1405 0.0818 0.0724 0.0662 0.0608 0.0553 0.0505 0.0461 0.0435 0.0671  
43825 30 0.9253 0.9507 0.0030 0.0316 72057807.2201 1746093.0898 390636779.9982 100590.5897 1788208.7106 58278542.1765 135932886.6895 120502623.1071 66898152.2659 44192753.5494 41158927.4886 40995262.0233 40990033.8982 40990033.8982 13.4271 0.0169 0.1769 0.4529 0.3073 0.0706 0.0149 0.0104 0.0102 0.0102 0.0102 0.3768 0.0092 0.1152 0.3963 0.8329 1.2515 1.4225 1.4449 1.4461 1.4461 1.4461 1.4461 0.1799 0.1240 0.0903 0.0729 0.0626 0.0572 0.0563 0.0563 0.0563 0.0563 0.0846  
43825 35 1.0719 0.8769 0.1883 0.3521 7838393.2703 27066.8493 54980438.8747 6658.5067 1314583.7413 13394439.0586 17797458.6138 28027702.8813 22661882.4561 13832401.9781 10313917.5535 9665087.0232 9482854.2673 9307701.3389 0.0311 0.0314 0.8966 0.7996 0.2498 0.2324 0.1332 0.0391 0.0154 0.0131 0.0129 0.0142 0.0143 0.1168 0.2527 0.3549 0.4242 0.4826 0.5057 0.5111 0.5149 0.5194 1.4702 0.1341 0.1129 0.0816 0.0744 0.0722 0.0693 0.0666 0.0659 0.0658 0.0658 0.0598  
43825 36 0.8875 0.9133 0.0606 0.1040 116176567.6632 1094507.6980 174652856.7596 197054.2287 11628468555.0124 23456059201.1495 17556865282.3138 6370246869.5700 553822894.2456 105694335.5597 93518098.6810 93518098.6810 93506406.8568 93494715.0326 3615.4539 0.1031 0.1042 0.1365 0.1378 0.1384 0.1410 0.1414 0.1414 0.1414 0.1414 0.1377 0.0007 0.0052 0.0090 0.0171 0.0213 0.0216 0.0216 0.0216 0.0216 0.0216 1.4359 0.1945 0.1674 0.1340 0.1335 0.1279 0.1036 0.0999 0.0999 0.0999 0.0999 0.1338  
52609 4 1.0235 1.0300 0.0196 0.0178 20719351.0870 16291293.2944 1376486153.1112 245237.7018 775030.0755 36916799.8638 102482761.6297 116699550.9692 117306346.7363 117315576.6700 117315576.6700 117315576.6700 117315576.6700 117315576.6700 91.2400 0.2420 0.0281 0.0180 0.0170 0.0169 0.0169 0.0169 0.0169 0.0169 0.0169 0.0170 0.0416 0.5143 1.3000 1.5275 1.5374 1.5376 1.5376 1.5376 1.5376 1.5376 1.5376 0.1153 0.0772 0.0599 0.0564 0.0563 0.0563 0.0563 0.0563 0.0563 0.0563 0.0570  
52609 12 0.9569 0.9539 0.0028 0.0027 11080177.5470 64320.2692 3558044403.1318 904087.6650 9275983.7380 462257953.4640 2359890759.8993 2455720297.3180 1829041588.1396 1364052572.6174 782983794.9383 325545893.7941 108926354.2224 42541844.0661 6.5562 0.1414 0.0040 0.0024 0.0029 0.0031 0.0032 0.0032 0.0032 0.0033 0.0035 0.0277 0.0186 0.1372 0.2786 0.3810 0.4352 0.4703 0.5138 0.5480 0.5643 0.5693 1.1640 0.1833 0.0834 0.0752 0.0705 0.0666 0.0659 0.0659 0.0658 0.0656 0.0652 0.0933  
52609 15 1.0761 1.0121 0.0012 0.0025 8781685.6033 1821415.3190 3100163695.2085 1580810.2295 499033877.6935 24799220619.9865 31642790137.6324 12874266047.9003 3760365990.8196 258297343.6487 3093027.4365 65772.7798 125529.4572 210930.3676 657.4104 0.2787 0.0011 0.0006 0.0008 0.0012 0.0071 0.4989 7.1150 4.9159 3.5580 0.0012 0.0038 0.0342 0.0808 0.1147 0.1548 0.1707 0.1721 0.1731 0.1761 0.1804 1.6453 0.2660 0.1783 0.1544 0.1347 0.1333 0.1333 0.1330 0.1073 0.1031 0.1014 0.2028  
52609 29 0.9352 0.9199 0.0192 0.0297 25190582.8122 1018241.7261 97489700.6736 104124.7510 53485.9573 2911906.4277 75580803.5394 329649366.4380 504819409.2635 372879225.3167 194506550.2819 83044923.0506 35328767.2894 20693611.4983 87.0871 5.6804 1.6421 0.0619 0.0204 0.0124 0.0232 0.0738 0.2052 0.4096 0.5676 0.0096 0.0008 0.0082 0.0282 0.0621 0.1093 0.1664 0.2317 0.3016 0.3756 0.4292 2.5550 0.3337 0.1243 0.0801 0.0710 0.0658 0.0608 0.0558 0.0513 0.0470 0.0443 0.0671  
52609 30 1.2727 0.9816 0.0325 0.0417 92234842.2558 59283.1188 471512480.3579 93080.3365 2511672.7540 57195024.5354 88732110.3207 82660404.5762 66354559.7218 56873723.5914 55535391.1906 55463025.5266 55460787.0387 55460787.0387 10.0646 0.0324 0.3337 0.8261 0.4416 0.0845 0.0239 0.0188 0.0186 0.0186 0.0186 0.6868 0.0092 0.1152 0.3963 0.8329 1.2515 1.4225 1.4449 1.4461 1.4461 1.4461 1.4461 0.1819 0.1284 0.0928 0.0716 0.0613 0.0569 0.0563 0.0563 0.0563 0.0563 0.0847  
52609 35 1.1079 0.8479 0.1046 0.3772 6657688.7078 98378.8806 51667079.8542 7137.5159 716556.6055 7214059.2060 12859057.8716 21043141.8883 17711528.7431 11801740.5060 9438472.4555 8988942.7426 8832595.2355 8670604.3453 0.0288 0.0378 1.1118 0.8659 0.2656 0.2489 0.1325 0.0380 0.0162 0.0142 0.0140 0.0151 0.0143 0.1168 0.2527 0.3549 0.4242 0.4826 0.5057 0.5111 0.5149 0.5194 1.4702 0.1365 0.1125 0.0812 0.0743 0.0719 0.0688 0.0665 0.0659 0.0658 0.0658 0.0598  
52609 36 0.8660 0.9061 0.0610 0.1043 106316484.8354 1157869.7908 155589470.8820 174880.2231 9470623537.5424 20172528802.6218 15886651348.5122 5758511341.5745 490376418.3321 84490994.1451 73462556.3721 73462556.3721 73453371.9329 73444187.4936 3272.5650 0.1032 0.1044 0.1371 0.1381 0.1386 0.1411 0.1415 0.1415 0.1415 0.1415 0.1381 0.0007 0.0052 0.0090 0.0171 0.0213 0.0216 0.0216 0.0216 0.0216 0.0216 1.4359 0.1944 0.1652 0.1340 0.1335 0.1287 0.1041 0.0999 0.0999 0.0999 0.0999 0.1338  
61369 4 1.0462 1.0185 0.0183 0.0174 21110113.0809 15928832.9317 1404169884.9771 251008.9782 670267.0630 34077843.7411 102615963.2163 120489542.6677 121382356.5739 121396551.4713 121396551.4713 121396551.4713 121396551.4713 121396551.4713 94.0090 0.2318 0.0281 0.0180 0.0166 0.0165 0.0165 0.0165 0.0165 0.0165 0.0165 0.0166 0.0416 0.5143 1.3000 1.5275 1.5374 1.5376 1.5376 1.5376 1.5376 1.5376 1.5376 0.1148 0.0764 0.0597 0.0564 0.0563 0.0563 0.0563 0.0563 0.0563 0.0563 0.0569  
61369 12 0.9505 0.9599 0.0028 0.0027 11010732.4155 84332.8422 3484985113.2004 865085.1351 19847930.9252 339987029.2906 1744581588.5255 2234393247.6983 1961920284.8416 1500889919.0776 861961686.7757 357916927.9824 119226801.5054 46078655.1683 10.0924 0.1133 0.0056 0.0024 0.0029 0.0031 0.0031 0.0032 0.0032 0.0032 0.0034 0.0201 0.0186 0.1372 0.2786 0.3810 0.4352 0.4703 0.5138 0.5480 0.5643 0.5693 1.1640 0.1856 0.0871 0.0745 0.0698 0.0664 0.0659 0.0659 0.0658 0.0657 0.0653 0.1018  
61369 15 1.0431 0.9606 0.0011 0.0021 8039548.3481 1757060.9696 3162494075.8342 1701170.6393 423228804.4445 20472796305.3859 29696110577.8438 14531609538.4778 4292100347.8648 294811813.9711 3516905.9929 46260.4022 69778.6035 103389.5149 448.4671 0.2819 0.0009 0.0006 0.0008 0.0010 0.0060 0.4232 8.1316 6.5359 5.1872 0.0015 0.0038 0.0342 0.0808 0.1147 0.1548 0.1707 0.1721 0.1731 0.1761 0.1804 1.6453 0.2700 0.1735 0.1529 0.1344 0.1333 0.1333 0.1330 0.1102 0.1060 0.1035 0.2028  
61369 29 0.8330 0.9138 0.0281 0.0397 23843384.2986 809288.7651 76483701.8239 97376.3361 29802.6606 1887536.6693 55880802.3695 290149483.2475 470103101.6682 347205233.7443 170643049.8100 60491439.8008 18659021.0381 8637972.1815 82.1650 5.7357 1.6861 0.0845 0.0276 0.0168 0.0315 0.0986 0.2886 0.6113 0.8444 0.0103 0.0008 0.0082 0.0282 0.0621 0.1093 0.1664 0.2317 0.3016 0.3756 0.4292 2.5550 0.3293 0.1232 0.0786 0.0699 0.0656 0.0609 0.0563 0.0526 0.0484 0.0455 0.0671  
61369 30 1.0688 0.9074 0.0227 0.0393 93036796.3143 53988.1666 502855403.8359 118460.9177 2589803.6774 38862991.9033 40813409.6738 38646018.1467 55104205.3021 64047264.1621 65322323.5181 65392233.1569 65394492.8972 65394492.8972 4.3735 0.0422 0.6381 1.4829 0.6714 0.0761 0.0222 0.0190 0.0188 0.0188 0.0188 1.3815 0.0092 0.1152 0.3963 0.8329 1.2515 1.4225 1.4449 1.4461 1.4461 1.4461 1.4461 0.1880 0.1306 0.0970 0.0698 0.0594 0.0566 0.0563 0.0563 0.0563 0.0563 0.0859  
61369 35 0.7180 0.9468 0.1589 0.5432 7136506.1628 91818.4330 44478440.7574 7907.3527 1976774.5446 14296393.0380 12037607.7413 15119745.2186 12870235.8439 9798223.6392 8570628.4128 8317154.5725 8186450.8022 8037650.6696 0.0267 0.0240 1.0254 1.3342 0.3795 0.3282 0.1586 0.0440 0.0200 0.0178 0.0176 0.0186 0.0143 0.1168 0.2527 0.3549 0.4242 0.4826 0.5057 0.5111 0.5149 0.5194 1.4702 0.1387 0.1153 0.0838 0.0747 0.0715 0.0683 0.0663 0.0659 0.0658 0.0658 0.0598  
61369 36 0.8771 0.9185 0.0614 0.1041 91295676.6145 901052.6285 134789222.0583 151453.1477 8369801207.5713 17874907905.0763 14109334011.1085 5109522191.2343 428201578.8396 67527482.2879 57727494.1327 57727494.1327 57720276.9231 57713059.7136 2906.6413 0.1029 0.1040 0.1367 0.1379 0.1383 0.1407 0.1412 0.1412 0.1412 0.1412 0.1378 0.0007 0.0052 0.0090 0.0171 0.0213 0.0216 0.0216 0.0216 0.0216 0.0216 1.4359 0.1944 0.1649 0.1340 0.1336 0.1292 0.1046 0.0999 0.0999 0.0999 0.0999 0.1338  
70129 4 0.9804 0.9835 0.0184 0.0174 21289156.3974 15534577.3240 1383873065.0296 262607.3837 332135.8572 20087263.3648 88988291.8848 120362247.1674 122198875.3103 122228801.6100 122228801.6100 122228801.6100 122228801.6100 122228801.6100 93.9519 0.2472 0.0283 0.0179 0.0169 0.0168 0.0168 0.0168 0.0168 0.0168 0.0168 0.0169 0.0416 0.5143 1.3000 1.5275 1.5374 1.5376 1.5376 1.5376 1.5376 1.5376 1.5376 0.1142 0.0742 0.0585 0.0564 0.0563 0.0563 0.0563 0.0563 0.0563 0.0563 0.0566  
70129 12 0.9499 0.9597 0.0029 0.0027 10932551.3671 82920.4949 3356582989.7991 822250.7223 17227748.4673 265220506.5681 1326113177.6936 2028453184.1904 2014434637.8401 1566564408.8761 899978194.1538 373417041.0930 124064332.4330 47648594.6483 11.0782 0.1141 0.0067 0.0024 0.0030 0.0032 0.0032 0.0032 0.0032 0.0033 0.0034 0.0172 0.0186 0.1372 0.2786 0.3810 0.4352 0.4703 0.5138 0.5480 0.5643 0.5693 1.1640 0.1822 0.0898 0.0740 0.0690 0.0663 0.0659 0.0659 0.0658 0.0657 0.0654 0.0997  
70129 15 1.0136 0.9938 0.0009 0.0018 7151174.5937 1828550.6374 3177656899.9647 1774435.5021 610803930.4917 20197026250.9082 28231632108.1300 15224632903.1392 4520167744.7362 310476486.8803 3702165.9207 41654.2335 50525.1044 63202.8733 586.1585 0.1972 0.0009 0.0005 0.0007 0.0009 0.0050 0.3504 8.6397 7.6482 6.5984 0.0012 0.0038 0.0342 0.0808 0.1147 0.1548 0.1707 0.1721 0.1731 0.1761 0.1804 1.6453 0.2730 0.1778 0.1517 0.1342 0.1333 0.1333 0.1331 0.1119 0.1087 0.1061 0.2028  
70129 29 0.6901 0.9156 0.0377 0.0573 17605522.3496 546990.4479 62420653.5237 81113.2712 44357.6452 1172911.2108 40492548.8669 253460547.4078 431814831.1242 320633319.8221 150997140.9963 44953318.5138 8925598.3325 2701586.5508 76.0812 5.6881 2.3539 0.1357 0.0374 0.0223 0.0367 0.0947 0.2813 0.7351 1.1620 0.0144 0.0008 0.0082 0.0282 0.0621 0.1093 0.1664 0.2317 0.3016 0.3756 0.4292 2.5550 0.3339 0.1369 0.0772 0.0690 0.0654 0.0610 0.0570 0.0542 0.0507 0.0475 0.0671  
70129 30 0.9869 0.9561 0.0208 0.0316 76392818.7347 53169.6593 491973422.6324 126608.5531 2366698.9867 35276697.5276 32426856.6053 21287448.4864 44553407.6669 64123436.1138 67438942.9130 67633313.3877 67640108.7855 67640108.7855 3.1869 0.0509 0.7938 1.7456 0.8358 0.0545 0.0200 0.0188 0.0187 0.0187 0.0187 1.9321 0.0092 0.1152 0.3963 0.8329 1.2515 1.4225 1.4449 1.4461 1.4461 1.4461 1.4461 0.1869 0.1318 0.1024 0.0703 0.0578 0.0564 0.0563 0.0563 0.0563 0.0563 0.0910  
70129 35 0.3581 0.8400 0.6424 0.7186 7496673.7734 5048.6698 35320606.2300 5677.3632 1483799.8525 10928853.3633 8232708.1152 9519934.1746 8844589.4127 8053321.6680 7728645.0230 7631858.9495 7523647.5411 7388087.7231 0.0245 0.0282 1.1916 1.6672 0.5864 0.4559 0.1941 0.0536 0.0270 0.0246 0.0243 0.0257 0.0143 0.1168 0.2527 0.3549 0.4242 0.4826 0.5057 0.5111 0.5149 0.5194 1.4702 0.1369 0.1152 0.0844 0.0749 0.0711 0.0679 0.0662 0.0659 0.0658 0.0658 0.0598  
70129 36 0.8417 0.8743 0.0581 0.1010 79808573.9569 823422.2198 116880966.9175 132844.5150 6218551212.8187 14519104273.2606 12322779982.3787 4460904703.9823 369354944.8933 54119964.0256 45554615.3977 45554615.3977 45548920.0664 45543224.7351 2539.5465 0.0989 0.1000 0.1337 0.1344 0.1347 0.1366 0.1370 0.1370 0.1370 0.1370 0.1343 0.0007 0.0052 0.0090 0.0171 0.0213 0.0216 0.0216 0.0216 0.0216 0.0216 1.4359 0.1944 0.1625 0.1340 0.1336 0.1296 0.1051 0.0999 0.0999 0.0999 0.0999 0.1338  
78889 4 0.9701 0.9801 0.0185 0.0172 20195227.2368 15448766.3125 1354453131.7334 257469.6087 329581.4192 17909563.9494 84806873.3102 117319142.4002 119228409.0314 119259498.4983 119259498.4983 119259498.4983 119259498.4983 119259498.4983 91.6338 0.2471 0.0285 0.0175 0.0167 0.0167 0.0167 0.0167 0.0167 0.0167 0.0167 0.0168 0.0416 0.5143 1.3000 1.5275 1.5374 1.5376 1.5376 1.5376 1.5376 1.5376 1.5376 0.1138 0.0749 0.0581 0.0563 0.0563 0.0563 0.0563 0.0563 0.0563 0.0563 0.0566  
78889 12 0.9657 0.9610 0.0030 0.0028 10939422.3472 79858.0856 3204419836.8011 781037.1170 19670062.3340 230634803.8989 1107900426.6786 1877901660.3263 1975248854.5392 1546769198.4390 888722738.2605 368619993.8032 122325680.2244 46847218.9737 10.7765 0.1117 0.0078 0.0026 0.0031 0.0033 0.0033 0.0033 0.0033 0.0034 0.0035 0.0184 0.0186 0.1372 0.2786 0.3810 0.4352 0.4703 0.5138 0.5480 0.5643 0.5693 1.1640 0.1829 0.0923 0.0736 0.0686 0.0662 0.0659 0.0659 0.0658 0.0657 0.0654 0.1007  
78889 15 0.9812 0.9561 0.0011 0.0019 7047158.2032 1960225.9306 3091685902.5297 1798546.3382 409570417.6148 17163895400.1346 27098403528.5265 15277458461.5291 4545226432.2154 312205339.8828 3730515.6981 47567.7411 50213.6627 53995.0871 357.9197 0.1697 0.0007 0.0005 0.0006 0.0009 0.0055 0.3957 8.9259 8.4884 7.9234 0.0018 0.0038 0.0342 0.0808 0.1147 0.1548 0.1707 0.1721 0.1731 0.1761 0.1804 1.6453 0.2708 0.1745 0.1510 0.1341 0.1333 0.1333 0.1331 0.1131 0.1115 0.1096 0.2028  
78889 29 0.4972 0.9204 0.0528 0.0940 11130323.3817 341014.2027 54775192.9710 55979.4687 76550.8519 588741.7050 26563869.3520 218156189.6924 393287770.5626 295575738.0184 137140448.9735 37337591.4091 5276833.6574 905408.2464 69.7694 5.6092 3.7482 0.2646 0.0530 0.0276 0.0369 0.0711 0.1832 0.5808 1.2252 0.0194 0.0008 0.0082 0.0282 0.0621 0.1093 0.1664 0.2317 0.3016 0.3756 0.4292 2.5550 0.3254 0.1596 0.0754 0.0680 0.0651 0.0610 0.0573 0.0555 0.0540 0.0519 0.0671  
78889 30 0.9928 1.1302 0.0281 0.0312 85704184.5094 53957.4884 474817383.1338 124955.6321 3851313.5425 73236404.6547 85425737.1039 33025487.9352 42936075.1607 61548637.1741 64910389.5423 65110247.8407 65117293.3733 65117293.3733 8.6491 0.0377 0.4757 1.1500 0.8979 0.0554 0.0195 0.0188 0.0187 0.0187 0.0187 1.4586 0.0092 0.1152 0.3963 0.8329 1.2515 1.4225 1.4449 1.4461 1.4461 1.4461 1.4461 0.1869 0.1301 0.1032 0.0759 0.0576 0.0563 0.0563 0.0563 0.0563 0.0563 0.0941  
78889 35 0.9616 0.8812 0.4920 0.6086 3919659.2940 3700.4275 29123144.9315 2033.0900 1016161.0419 7781820.1931 6216053.9846 7306197.0621 7229773.6592 7133247.6948 7082601.9747 7035511.0668 6939441.7557 6814845.3623 0.0226 0.0288 1.1955 1.5571 0.4355 0.3050 0.1186 0.0349 0.0202 0.0189 0.0188 0.0202 0.0143 0.1168 0.2527 0.3549 0.4242 0.4826 0.5057 0.5111 0.5149 0.5194 1.4702 0.1367 0.1152 0.0844 0.0749 0.0706 0.0675 0.0661 0.0659 0.0658 0.0658 0.0598  
78889 36 0.8493 0.8953 0.0590 0.0992 69671204.5296 565356.9907 100452797.4107 111809.8584 5167571790.7365 12353729805.0515 10668422060.4904 3860157289.0014 316513949.5097 43492623.4597 36074274.7266 36074274.7266 36069764.6469 36065254.5672 2198.8473 0.0974 0.0986 0.1299 0.1307 0.1310 0.1330 0.1335 0.1335 0.1335 0.1335 0.1306 0.0007 0.0052 0.0090 0.0171 0.0213 0.0216 0.0216 0.0216 0.0216 0.0216 1.4359 0.1943 0.1615 0.1339 0.1336 0.1299 0.1055 0.0998 0.0998 0.0998 0.0998 0.1338  
87673 4 1.0007 1.0041 0.0184 0.0170 16092900.1730 22817069.8405 1350709486.7141 249776.2926 636487.8408 27001769.4456 92207624.8966 116209897.3735 117536710.7534 117558065.9440 117558065.9440 117558065.9440 117558065.9440 117558065.9440 90.8944 0.2770 0.0327 0.0177 0.0163 0.0162 0.0162 0.0162 0.0162 0.0162 0.0162 0.0164 0.0416 0.5143 1.3000 1.5275 1.5374 1.5376 1.5376 1.5376 1.5376 1.5376 1.5376 0.1155 0.0771 0.0589 0.0564 0.0563 0.0563 0.0563 0.0563 0.0563 0.0563 0.0568  
87673 12 0.9311 0.9612 0.0032 0.0030 11103239.5923 81395.4376 3060107278.6326 754242.0077 17358252.1930 207994991.6650 920907184.3463 1726652541.5712 1932448691.8362 1524087289.8803 875817438.7240 363152207.9644 120379941.9384 45980845.2207 9.2033 0.1061 0.0083 0.0027 0.0033 0.0035 0.0035 0.0035 0.0035 0.0036 0.0037 0.0180 0.0186 0.1372 0.2786 0.3810 0.4352 0.4703 0.5138 0.5480 0.5643 0.5693 1.1640 0.1802 0.0937 0.0735 0.0683 0.0661 0.0659 0.0659 0.0658 0.0657 0.0654 0.1006  
87673 15 0.9653 0.9575 0.0011 0.0019 7033516.0236 1469328.2995 2973734358.1380 1764747.3031 370927365.9290 15478901158.9889 25225693022.5024 15041665078.7647 4486689697.6808 308183136.6102 3680831.4162 44506.8189 44763.3131 45129.9011 327.2356 0.1720 0.0007 0.0004 0.0006 0.0009 0.0056 0.4028 9.0337 8.8434 8.5723 0.0020 0.0038 0.0342 0.0808 0.1147 0.1548 0.1707 0.1721 0.1731 0.1761 0.1804 1.6453 0.2720 0.1738 0.1505 0.1341 0.1333 0.1333 0.1331 0.1136 0.1128 0.1118 0.2028  
87673 29 0.7596 0.9278 0.0430 0.1083 6775621.2805 255154.6390 50170407.5930 27835.7433 41824.9205 140267.7009 17453611.9029 189510757.4761 356575179.6790 271417181.3979 126616303.5515 34373289.2431 4746531.4867 770041.7264 63.4601 5.7433 4.9644 0.3260 0.0515 0.0264 0.0319 0.0486 0.0946 0.2775 0.6721 0.0189 0.0008 0.0082 0.0282 0.0621 0.1093 0.1664 0.2317 0.3016 0.3756 0.4292 2.5550 0.3194 0.1794 0.0708 0.0670 0.0649 0.0609 0.0574 0.0559 0.0554 0.0547 0.0671  
87673 30 0.9367 0.8788 0.0258 0.0362 82941513.9491 47781.6479 465256084.2399 124061.1236 1587625.7652 30538665.6303 44722620.3540 33118181.2081 45077882.1163 59872412.2563 62615067.7944 62780668.8052 62786632.0517 62786632.0517 4.8769 0.0493 0.6642 1.3549 0.8402 0.0707 0.0199 0.0188 0.0188 0.0188 0.0188 1.4386 0.0092 0.1152 0.3963 0.8329 1.2515 1.4225 1.4449 1.4461 1.4461 1.4461 1.4461 0.1862 0.1259 0.0967 0.0738 0.0582 0.0564 0.0563 0.0563 0.0563 0.0563 0.0909  
87673 35 1.7861 0.9003 0.1856 0.4651 2032501.3737 225247.2179 35752839.0028 1955.0921 669939.6928 5179373.4908 4897820.1281 6161135.4617 6365189.9363 6500474.8168 6540691.8936 6511862.4453 6424244.6205 6309065.1653 0.0209 0.0339 1.1308 1.3800 0.2143 0.1755 0.0668 0.0238 0.0166 0.0160 0.0159 0.0168 0.0143 0.1168 0.2527 0.3549 0.4242 0.4826 0.5057 0.5111 0.5149 0.5194 1.4702 0.1351 0.1148 0.0843 0.0746 0.0702 0.0672 0.0661 0.0659 0.0658 0.0658 0.0598  
87673 36 0.8660 0.9128 0.0581 0.0985 59626051.1514 738210.7938 86850073.2914 94959.0245 4752807621.4883 10926203468.3005 9164073550.2880 3313865125.0029 269495255.3893 34940640.4156 28567482.4351 28567482.4351 28563910.8700 28560339.3048 1888.5981 0.0971 0.0982 0.1293 0.1302 0.1306 0.1329 0.1335 0.1335 0.1335 0.1335 0.1302 0.0007 0.0052 0.0090 0.0171 0.0213 0.0216 0.0216 0.0216 0.0216 0.0216 1.4359 0.1944 0.1625 0.1339 0.1336 0.1302 0.1059 0.0998 0.0998 0.0998 0.0998 0.1338  
96433 4 1.0007 0.9992 0.0177 0.0170 16051275.0534 23303911.6777 1358518384.7094 249939.9331 663788.9231 25484757.6970 91533096.8709 116333630.9294 117704346.5125 117726482.3736 117726482.3736 117726482.3736 117726482.3736 117726482.3736 90.8176 0.2949 0.0323 0.0176 0.0163 0.0162 0.0162 0.0162 0.0162 0.0162 0.0162 0.0164 0.0416 0.5143 1.3000 1.5275 1.5374 1.5376 1.5376 1.5376 1.5376 1.5376 1.5376 0.1166 0.0763 0.0590 0.0564 0.0563 0.0563 0.0563 0.0563 0.0563 0.0563 0.0568  
96433 12 0.9555 0.9728 0.0032 0.0031 10749486.6787 106658.6038 2929695897.3873 702263.8954 33032054.4197 284981231.0064 796532561.5758 1592616883.5787 1873432664.2899 1485605043.8935 853797664.1645 353937175.1602 117228598.8681 44687766.0508 14.8194 0.0871 0.0090 0.0027 0.0034 0.0035 0.0035 0.0035 0.0035 0.0036 0.0037 0.0155 0.0186 0.1372 0.2786 0.3810 0.4352 0.4703 0.5138 0.5480 0.5643 0.5693 1.1640 0.1821 0.0998 0.0736 0.0680 0.0661 0.0659 0.0659 0.0658 0.0657 0.0654 0.1066  
96433 15 0.9818 1.0174 0.0011 0.0021 7523056.9504 1415483.4716 2908500421.1767 1703559.5527 705717811.1389 17930296712.2107 24856690360.0045 14363980374.8156 4278989608.1861 293919774.3285 3513814.1038 45475.5645 44695.0181 43579.5266 582.5564 0.1061 0.0007 0.0005 0.0006 0.0009 0.0063 0.4562 9.0838 9.0154 8.9126 0.0013 0.0038 0.0342 0.0808 0.1147 0.1548 0.1707 0.1721 0.1731 0.1761 0.1804 1.6453 0.2738 0.1808 0.1504 0.1340 0.1333 0.1333 0.1330 0.1138 0.1135 0.1131 0.2028  
96433 29 1.1402 0.9291 0.0346 0.0802 8212745.9122 240367.3575 45225425.5600 21144.8624 40154.3626 115377.0375 15023305.6923 169943482.2944 321409806.8059 244934846.1287 114294537.1223 31007392.9329 4266361.3659 686404.6200 57.2376 5.6872 5.4340 0.2184 0.0265 0.0280 0.0433 0.0666 0.1196 0.3232 0.7580 0.0215 0.0008 0.0082 0.0282 0.0621 0.1093 0.1664 0.2317 0.3016 0.3756 0.4292 2.5550 0.3023 0.1890 0.0696 0.0667 0.0649 0.0609 0.0574 0.0559 0.0554 0.0548 0.0671  
96433 30 1.0211 1.1620 0.0279 0.0323 85772616.2920 54209.6808 458215195.1547 116208.0911 3601089.2572 86456912.6952 99406882.4578 37179104.6808 43770095.0247 59063641.2348 61830995.6702 61995565.6530 62001369.0226 62001369.0226 9.8403 0.0399 0.4403 1.0104 0.7429 0.0576 0.0198 0.0187 0.0187 0.0187 0.0187 1.2593 0.0092 0.1152 0.3963 0.8329 1.2515 1.4225 1.4449 1.4461 1.4461 1.4461 1.4461 0.1862 0.1292 0.1026 0.0753 0.0582 0.0564 0.0563 0.0563 0.0563 0.0563 0.0926  
96433 35 0.7870 1.2618 0.2190 0.5016 1954616.7785 280082.1821 30805390.3537 3492.0260 2358030.3478 21227174.1937 9628305.7889 7577500.7517 6517127.6825 6211565.7397 6092095.0881 6038847.4579 5955277.2924 5848235.0121 0.0194 0.0245 0.9185 1.6679 0.1505 0.1372 0.0568 0.0220 0.0162 0.0157 0.0157 0.0166 0.0143 0.1168 0.2527 0.3549 0.4242 0.4826 0.5057 0.5111 0.5149 0.5194 1.4702 0.1354 0.1157 0.0880 0.0761 0.0703 0.0672 0.0661 0.0659 0.0658 0.0658 0.0598  
96433 36 0.8630 0.8978 0.0582 0.0986 52444680.8053 635357.6879 76942276.1136 82233.0646 3749063504.8353 9257177230.2843 8177093722.8437 2955782055.8046 237719249.4950 28305084.1239 22615024.7991 22615024.7991 22612197.4224 22609370.0457 1685.6372 0.0973 0.0987 0.1299 0.1307 0.1310 0.1332 0.1338 0.1338 0.1338 0.1338 0.1307 0.0007 0.0052 0.0090 0.0171 0.0213 0.0216 0.0216 0.0216 0.0216 0.0216 1.4359 0.1943 0.1614 0.1339 0.1336 0.1305 0.1065 0.0998 0.0998 0.0998 0.0998 0.1338  
