8761 4 0.8055 0.7865 0.1722 0.2137 24301772.8433 24113904.7449 251684191.1197 28434.8567 652003.3643 31256632.6312 33995926.3005 11929531.1751 10344031.6010 10317470.8628 10317470.8628 10317470.8628 10317470.8628 10317470.8628 9.5088 0.5291 0.2794 0.2557 0.2253 0.2148 0.2146 0.2146 0.2146 0.2146 0.2146 0.2311 0.0416 0.5143 1.3000 1.5275 1.5374 1.5376 1.5376 1.5376 1.5376 1.5376 1.5376 0.1125 0.0802 0.0663 0.0578 0.0563 0.0563 0.0563 0.0563 0.0563 0.0563 0.0645  
8761 12 1.6590 0.6931 0.0184 0.0306 16576810.0085 4436366.3570 1209136609.0040 43805.7827 825573533.2524 4148224148.6904 1514603102.4588 296658993.4360 90062539.5859 56422874.9180 34969934.8465 18425082.9423 10589674.9716 8188103.9877 296.7601 0.5630 0.0189 0.0269 0.0420 0.0472 0.0483 0.0491 0.0509 0.0536 0.0553 0.0134 0.0186 0.1372 0.2786 0.3810 0.4352 0.4703 0.5138 0.5480 0.5643 0.5693 1.1640 0.1878 0.1140 0.0853 0.0730 0.0673 0.0657 0.0651 0.0639 0.0620 0.0608 0.1159  
8761 15 0.8076 0.6280 0.2033 0.1810 585395780.3529 2882330.9879 1714094276.0977 485011.5395 772025204.8409 11288009096.4848 9747369139.3387 3175344703.2843 1530854032.2515 931972944.4260 886898869.5068 878276668.5055 854635296.6238 820848791.8951 1041.6539 1.1111 0.0099 0.0047 0.0403 0.2533 0.4557 0.4774 0.4780 0.4788 0.4802 0.2338 0.0038 0.0342 0.0808 0.1147 0.1548 0.1707 0.1721 0.1731 0.1761 0.1804 1.6453 0.2762 0.1980 0.1551 0.1331 0.1230 0.1148 0.1139 0.1139 0.1138 0.1137 0.1598  
8761 29 0.7065 0.6432 0.0579 0.1180 71583946.1804 210078059.6884 215254839.8541 90420.2831 2293606.1346 307427015.3128 796818509.5944 739285671.0451 511200506.1365 342203395.1992 233455364.7233 171140890.0901 143913950.3378 134827553.5081 146.4176 4.9343 1.3515 0.2772 0.0719 0.0470 0.0955 0.2822 0.5121 0.6401 0.6845 0.1576 0.0008 0.0082 0.0282 0.0621 0.1093 0.1664 0.2317 0.3016 0.3756 0.4292 2.5550 0.1768 0.1187 0.1033 0.0842 0.0695 0.0597 0.0529 0.0479 0.0442 0.0422 0.0966  
8761 30 0.1236 0.8876 0.0172 0.0369 21238708.5019 31235.5018 166775956.8727 3868.2558 28.0459 5405.7793 1314880.7520 10845257.9312 19964858.0025 21236390.6640 21172805.9148 21163703.7421 21163210.8165 21163210.8165 0.6144 1.1067 3.3910 0.8650 0.2089 0.0640 0.0299 0.0242 0.0238 0.0238 0.0238 0.2894 0.0092 0.1152 0.3963 0.8329 1.2515 1.4225 1.4449 1.4461 1.4461 1.4461 1.4461 0.1305 0.0878 0.0690 0.0640 0.0596 0.0568 0.0563 0.0563 0.0563 0.0563 0.0663  
8761 35 1.0383 0.4767 0.3046 0.5811 12228961.0949 2211223.4144 105167390.1200 13035.6266 5546722.2972 56600028.4643 61738832.9751 65894509.7558 45314327.3423 23108820.3908 14382364.7790 12834554.2057 12533643.5156 12296530.4455 0.0414 0.0667 1.6018 1.8468 0.2512 0.1893 0.1339 0.0677 0.0483 0.0464 0.0463 0.0524 0.0143 0.1168 0.2527 0.3549 0.4242 0.4826 0.5057 0.5111 0.5149 0.5194 1.4702 0.1366 0.1137 0.0843 0.0757 0.0726 0.0699 0.0669 0.0660 0.0658 0.0658 0.0598  
8761 36 0.4587 0.5400 0.0481 0.1072 169780833.0851 2464879.1822 272594125.8449 80923.9518 31483477661.8348 47824601443.9961 24240583878.8136 8847734268.7452 874517525.0477 260218065.7259 243526768.4832 243526768.4832 243496322.2679 243465876.0526 4977.4020 1.3413 0.1430 0.1446 0.1447 0.1460 0.1492 0.1494 0.1494 0.1494 0.1494 0.1446 0.0007 0.0052 0.0090 0.0171 0.0213 0.0216 0.0216 0.0216 0.0216 0.0216 1.4359 0.1898 0.1723 0.1293 0.1282 0.1192 0.0980 0.0960 0.0960 0.0960 0.0960 0.1289  
17545 4 6.5953 2.1852 0.0512 0.0586 16712194.4115 5539122.4970 629651941.2971 15407.4950 1968214.5858 92034244.6267 105249475.6176 36915965.1482 31870595.3625 31785749.7511 31785749.7511 31785749.7511 31785749.7511 31785749.7511 29.0210 0.2023 0.0479 0.0412 0.0371 0.0356 0.0356 0.0356 0.0356 0.0356 0.0356 0.0372 0.0416 0.5143 1.3000 1.5275 1.5374 1.5376 1.5376 1.5376 1.5376 1.5376 1.5376 0.1143 0.0800 0.0658 0.0577 0.0563 0.0563 0.0563 0.0563 0.0563 0.0563 0.0638  
17545 12 1.6196 1.6965 0.0097 0.0139 18515505.1959 194758.8867 2808938770.8341 684778.0333 1287030409.3962 7274113791.8894 4608983757.3464 1262829908.8918 245598935.0098 108411974.6744 63213114.7186 29750217.5403 13903337.5651 9046634.0916 465.5844 0.0989 0.0043 0.0085 0.0151 0.0179 0.0190 0.0192 0.0197 0.0205 0.0212 0.0025 0.0186 0.1372 0.2786 0.3810 0.4352 0.4703 0.5138 0.5480 0.5643 0.5693 1.1640 0.1875 0.1066 0.0829 0.0744 0.0691 0.0659 0.0654 0.0645 0.0628 0.0613 0.1106  
17545 15 1.0082 1.1073 0.2492 0.2174 450301744.5381 1082959.0653 1635401372.4216 707499.2369 656538629.6071 12859192030.3350 13995794249.6855 4686804248.2870 1610814398.3033 460217697.4213 375778937.8673 371434421.7633 361677908.2220 347734623.0064 633.0988 0.0973 0.0010 0.0009 0.0207 0.2042 0.6499 0.7470 0.7482 0.7476 0.7466 0.2627 0.0038 0.0342 0.0808 0.1147 0.1548 0.1707 0.1721 0.1731 0.1761 0.1804 1.6453 0.2788 0.1880 0.1557 0.1344 0.1279 0.1163 0.1139 0.1139 0.1138 0.1137 0.1681  
17545 29 1.1422 0.8702 0.0530 0.0927 19921461.1443 986718.3953 194011735.5256 119063.4150 831835.7016 100825813.2829 468028459.9063 682545270.3986 544635959.6674 356056387.9379 226922793.9955 156545092.6774 124399737.3067 112373088.2251 98.4385 3.8652 0.7479 0.2968 0.0518 0.0083 0.0096 0.0266 0.0625 0.1101 0.1441 0.2748 0.0008 0.0082 0.0282 0.0621 0.1093 0.1664 0.2317 0.3016 0.3756 0.4292 2.5550 0.2691 0.1141 0.0955 0.0810 0.0694 0.0605 0.0539 0.0486 0.0445 0.0423 0.0845  
17545 30 1.4471 1.8307 0.0031 0.0074 3855696.1226 1724682.2569 174762207.9123 36923.9287 3126393.6698 66669239.9434 92320715.7827 34959139.1129 17776387.6898 21651431.9761 22684605.3996 22749719.4062 22752051.6837 22752051.6837 8.8063 0.0067 0.0278 0.0979 0.0728 0.0084 0.0043 0.0037 0.0036 0.0036 0.0036 0.1513 0.0092 0.1152 0.3963 0.8329 1.2515 1.4225 1.4449 1.4461 1.4461 1.4461 1.4461 0.1834 0.1317 0.1023 0.0778 0.0588 0.0564 0.0563 0.0563 0.0563 0.0563 0.0933  
17545 35 0.9733 0.7808 0.2157 0.3109 10720532.0770 3360.1116 90436511.2857 10388.3510 761644.7299 9143979.2229 35774413.1849 57463621.0358 43496413.5360 22099406.9036 13606943.7115 12102130.6536 11813763.1860 11588887.8170 0.0386 0.0434 1.4027 0.7256 0.1807 0.1764 0.1159 0.0360 0.0110 0.0085 0.0083 0.0093 0.0143 0.1168 0.2527 0.3549 0.4242 0.4826 0.5057 0.5111 0.5149 0.5194 1.4702 0.1379 0.1081 0.0806 0.0746 0.0726 0.0701 0.0670 0.0660 0.0659 0.0658 0.0598  
17545 36 0.8797 0.8967 0.0636 0.1068 80913674.8122 1240866.3921 259430409.6743 303093.1516 23393832349.2890 39726138694.1564 24236833218.2072 8824226350.6533 824903014.2653 208592160.8734 191846202.6069 191846202.6069 191822217.6018 191798232.5967 4984.0081 0.1015 0.1067 0.1339 0.1352 0.1360 0.1384 0.1387 0.1387 0.1387 0.1387 0.1352 0.0007 0.0052 0.0090 0.0171 0.0213 0.0216 0.0216 0.0216 0.0216 0.0216 1.4359 0.1945 0.1728 0.1340 0.1332 0.1255 0.1024 0.0999 0.0999 0.0999 0.0999 0.1337  
26305 4 2.2107 1.5484 0.0251 0.0312 15122941.2383 50621903.5779 1039822522.4438 101617.2262 2839250.1977 135975062.0637 177961321.7330 75760009.7374 67583954.6659 67444825.5899 67444825.5899 67444825.5899 67444825.5899 67444825.5899 58.7557 0.1801 0.0344 0.0281 0.0275 0.0273 0.0273 0.0273 0.0273 0.0273 0.0273 0.0271 0.0416 0.5143 1.3000 1.5275 1.5374 1.5376 1.5376 1.5376 1.5376 1.5376 1.5376 0.1148 0.0787 0.0645 0.0573 0.0563 0.0563 0.0563 0.0563 0.0563 0.0563 0.0614  
26305 12 1.0048 0.9647 0.0056 0.0065 18889832.8329 237089.8557 3696781551.3568 1109093.7033 90228063.2720 3554884248.0634 6671407066.5188 2645964065.9528 611403027.2036 298372223.9886 170105026.6104 73548971.9992 27824451.7782 13811604.6800 116.6459 0.1101 0.0037 0.0045 0.0067 0.0075 0.0080 0.0081 0.0084 0.0091 0.0101 0.0033 0.0186 0.1372 0.2786 0.3810 0.4352 0.4703 0.5138 0.5480 0.5643 0.5693 1.1640 0.1589 0.0910 0.0802 0.0739 0.0693 0.0660 0.0657 0.0653 0.0642 0.0628 0.0978  
26305 15 1.0332 1.0845 0.1509 0.3323 418113913.7469 1516439.8603 1657279256.9999 713276.9896 576043727.6806 14377789718.6020 16766470766.2459 6307051457.5887 1848139637.2094 148136015.5564 24261755.6524 22844094.2336 23024410.5603 23282119.2501 453.3739 0.1109 0.0011 0.0010 0.0122 0.1432 1.1919 2.6394 2.6843 2.6500 2.5997 0.2585 0.0038 0.0342 0.0808 0.1147 0.1548 0.1707 0.1721 0.1731 0.1761 0.1804 1.6453 0.2772 0.1846 0.1548 0.1347 0.1322 0.1242 0.1143 0.1138 0.1135 0.1132 0.1907  
26305 29 0.8285 0.8882 0.0242 0.0781 30352639.0287 953086.1157 164181580.0156 135992.4971 260423.2588 23461773.6888 296793404.4443 590384164.9829 536768679.2052 358109612.9407 217482042.6384 137238566.6517 98118403.8148 82517591.2531 80.9182 4.8978 1.3324 0.2507 0.0348 0.0091 0.0153 0.0455 0.1112 0.2033 0.2711 0.1883 0.0008 0.0082 0.0282 0.0621 0.1093 0.1664 0.2317 0.3016 0.3756 0.4292 2.5550 0.3086 0.1132 0.0867 0.0782 0.0687 0.0607 0.0543 0.0490 0.0449 0.0426 0.0709  
26305 30 1.3629 1.2094 0.0043 0.0254 36902383.9921 3549796.6121 207926088.7453 53430.8141 3859563.8847 79698955.7820 125212919.0943 73575875.6550 32632555.1492 23515145.4985 22809079.1189 22782239.1017 22781754.3887 22781754.3887 12.3054 0.0123 0.1055 0.3430 0.2981 0.0610 0.0102 0.0086 0.0085 0.0085 0.0085 0.4131 0.0092 0.1152 0.3963 0.8329 1.2515 1.4225 1.4449 1.4461 1.4461 1.4461 1.4461 0.1834 0.1296 0.0963 0.0761 0.0620 0.0567 0.0563 0.0563 0.0563 0.0563 0.0898  
26305 35 0.8897 0.8871 0.2472 0.3184 10143514.1061 5371.4107 76056221.1514 10111.3299 848161.3824 6865704.0728 24826271.8824 47620124.9501 37687643.0554 19770137.1836 12631091.4195 11359274.8776 11100211.6748 10889430.6439 0.0359 0.0468 1.5344 0.7556 0.2021 0.1922 0.1249 0.0392 0.0130 0.0104 0.0102 0.0114 0.0143 0.1168 0.2527 0.3549 0.4242 0.4826 0.5057 0.5111 0.5149 0.5194 1.4702 0.1415 0.1117 0.0798 0.0742 0.0725 0.0700 0.0669 0.0660 0.0659 0.0658 0.0598  
26305 36 0.9362 0.9144 0.0607 0.1040 163617969.2188 1269901.6394 236159422.8658 266616.0142 18595593860.9437 34304791533.4779 23315775458.0794 8472704463.5004 761303447.1596 167175675.2015 151032454.0339 151032454.0339 151013571.6472 150994689.2605 4798.3549 0.1023 0.1030 0.1346 0.1360 0.1366 0.1390 0.1393 0.1393 0.1393 0.1393 0.1359 0.0007 0.0052 0.0090 0.0171 0.0213 0.0216 0.0216 0.0216 0.0216 0.0216 1.4359 0.1945 0.1698 0.1340 0.1334 0.1269 0.1030 0.0999 0.0999 0.0999 0.0999 0.1338  
35065 4 1.0270 1.0377 0.0346 0.0355 39560808.3172 15224596.9758 1212107996.6580 224641.8973 606101.5625 50247203.6232 116576460.0210 98227915.1525 95866863.8756 95824869.2543 95824869.2543 95824869.2543 95824869.2543 95824869.2543 75.4176 0.2456 0.0434 0.0375 0.0345 0.0341 0.0341 0.0341 0.0341 0.0341 0.0341 0.0344 0.0416 0.5143 1.3000 1.5275 1.5374 1.5376 1.5376 1.5376 1.5376 1.5376 1.5376 0.1120 0.0738 0.0613 0.0567 0.0563 0.0563 0.0563 0.0563 0.0563 0.0563 0.0578  
35065 12 0.9590 0.9494 0.0030 0.0032 11520362.3281 76229.1012 3948673882.0208 1114413.5425 11583472.8576 1775665722.3525 5827601035.3065 3320393588.9799 1045100703.2991 602917161.4722 343917687.4820 144966372.3341 50752748.3335 21880168.9500 15.2478 0.1531 0.0022 0.0024 0.0031 0.0034 0.0036 0.0036 0.0037 0.0039 0.0043 0.0091 0.0186 0.1372 0.2786 0.3810 0.4352 0.4703 0.5138 0.5480 0.5643 0.5693 1.1640 0.1647 0.0840 0.0777 0.0730 0.0685 0.0660 0.0658 0.0656 0.0651 0.0641 0.0941  
35065 15 1.3451 1.1136 0.0099 0.0528 69552704.0932 1855994.9982 1924003601.5668 736952.1373 755061894.8677 16500131775.8334 19332538095.2721 7767349790.4579 2267100935.2547 155780953.8630 1945026.4991 239521.2122 624452.9240 1174575.7706 523.8251 0.1326 0.0010 0.0008 0.0017 0.0097 0.1526 2.8197 5.1994 3.9999 3.2234 0.0081 0.0038 0.0342 0.0808 0.1147 0.1548 0.1707 0.1721 0.1731 0.1761 0.1804 1.6453 0.2788 0.1847 0.1541 0.1346 0.1333 0.1329 0.1245 0.1101 0.1074 0.1056 0.2024  
35065 29 0.9501 0.9249 0.0125 0.0266 23666765.1254 1182113.0629 141637339.4404 112675.5233 166211.3585 11838112.5251 231341709.9706 512764529.3316 511250912.5650 355535719.8444 211101997.0398 121726554.0391 77699095.7034 60635625.5577 76.5430 5.2968 1.2236 0.0611 0.0138 0.0082 0.0146 0.0439 0.1094 0.2017 0.2709 0.0331 0.0008 0.0082 0.0282 0.0621 0.1093 0.1664 0.2317 0.3016 0.3756 0.4292 2.5550 0.3328 0.1143 0.0838 0.0770 0.0680 0.0607 0.0546 0.0496 0.0454 0.0430 0.0675  
35065 30 0.9703 0.9841 0.0033 0.0293 53409761.4064 2180424.7592 264981488.0585 72822.7809 2246508.7359 54951671.0276 94481317.4897 79386784.3193 47727480.8018 30327281.6392 27804532.5626 27665470.7962 27660975.0483 27660975.0483 10.6907 0.0180 0.2099 0.5401 0.3059 0.0636 0.0146 0.0107 0.0105 0.0105 0.0105 0.5080 0.0092 0.1152 0.3963 0.8329 1.2515 1.4225 1.4449 1.4461 1.4461 1.4461 1.4461 0.1812 0.1275 0.0933 0.0721 0.0623 0.0572 0.0563 0.0563 0.0563 0.0563 0.0845  
35065 35 0.8814 0.8683 0.2707 0.3306 9308059.1820 5117.2325 67813823.6188 8995.8604 676053.3216 4385789.7673 16885238.7175 37380396.8266 30815992.0140 17092964.8510 11606688.2721 10618721.8623 10393558.9644 10197517.6440 0.0334 0.0424 1.5506 0.7437 0.2294 0.2168 0.1346 0.0408 0.0142 0.0116 0.0113 0.0126 0.0143 0.1168 0.2527 0.3549 0.4242 0.4826 0.5057 0.5111 0.5149 0.5194 1.4702 0.1420 0.1129 0.0789 0.0739 0.0724 0.0698 0.0668 0.0660 0.0659 0.0658 0.0598  
35065 36 0.8478 0.8797 0.0600 0.1036 149524149.2247 1185410.1916 211182871.5228 249595.8382 13656203545.3033 27945268421.7592 21211995375.7120 7700711365.1424 674824189.3769 133512086.6663 118803932.4618 118803932.4618 118789079.3508 118774226.2399 4368.3274 0.1024 0.1034 0.1364 0.1373 0.1378 0.1399 0.1402 0.1402 0.1402 0.1402 0.1372 0.0007 0.0052 0.0090 0.0171 0.0213 0.0216 0.0216 0.0216 0.0216 0.0216 1.4359 0.1945 0.1665 0.1340 0.1335 0.1277 0.1035 0.0999 0.0999 0.0999 0.0999 0.1338  
43825 4 1.0805 1.0938 0.0225 0.0206 20980879.8839 17659610.2663 1342730364.5895 230716.9372 993491.8473 60001176.2547 125760091.4772 111310836.8724 109604327.4784 109574150.7601 109574150.7601 109574150.7601 109574150.7601 109574150.7601 86.6903 0.2286 0.0281 0.0195 0.0180 0.0179 0.0179 0.0179 0.0179 0.0179 0.0179 0.0181 0.0416 0.5143 1.3000 1.5275 1.5374 1.5376 1.5376 1.5376 1.5376 1.5376 1.5376 0.1137 0.0773 0.0613 0.0566 0.0563 0.0563 0.0563 0.0563 0.0563 0.0563 0.0577  
43825 12 0.9562 0.9504 0.0026 0.0026 11023342.2334 60167.2091 3990244663.0948 1068764.2884 6091216.8041 938159041.9394 4692747065.6862 3487225162.7905 1394637385.5253 885289875.2374 505872292.4822 211512657.5820 72118583.7075 29400225.7380 5.3723 0.1963 0.0024 0.0023 0.0027 0.0029 0.0030 0.0030 0.0031 0.0032 0.0035 0.0256 0.0186 0.1372 0.2786 0.3810 0.4352 0.4703 0.5138 0.5480 0.5643 0.5693 1.1640 0.1808 0.0820 0.0759 0.0723 0.0678 0.0660 0.0659 0.0658 0.0654 0.0647 0.0888  
43825 15 1.1649 1.0791 0.0029 0.0066 10932679.2063 1885236.4140 2163689405.5127 991257.3002 732358754.5707 17987333357.3607 22045303614.4417 8682135356.0778 2530406419.1519 173862691.0146 2142826.3417 146788.7006 306657.6021 535133.3058 498.4622 0.1939 0.0013 0.0008 0.0011 0.0018 0.0151 1.0262 6.2673 3.9597 2.7616 0.0023 0.0038 0.0342 0.0808 0.1147 0.1548 0.1707 0.1721 0.1731 0.1761 0.1804 1.6453 0.2773 0.1825 0.1541 0.1346 0.1333 0.1333 0.1324 0.1056 0.1020 0.1007 0.2028  
43825 29 0.9376 0.9249 0.0158 0.0268 26218281.3705 1439979.9371 117942802.0737 107058.4067 490484.7119 9006378.1607 178330201.5132 440816667.8086 491524141.2512 352435208.4276 201252010.2848 103618826.7658 56466678.5333 39255964.8007 76.2678 5.1626 2.0281 0.0638 0.0140 0.0101 0.0196 0.0598 0.1538 0.2928 0.4009 0.0169 0.0008 0.0082 0.0282 0.0621 0.1093 0.1664 0.2317 0.3016 0.3756 0.4292 2.5550 0.3387 0.1373 0.0834 0.0759 0.0673 0.0606 0.0550 0.0502 0.0460 0.0435 0.0672  
43825 30 1.1496 0.9672 0.0159 0.0405 72788947.4136 210212.7969 306082347.2076 70658.9664 2629777.9526 52405198.1167 59460286.5420 60335721.6265 46988937.2880 36701609.2111 35504275.5782 35449488.4930 35448439.7748 35448439.7748 8.2571 0.0342 0.3965 1.0138 0.4339 0.0820 0.0236 0.0182 0.0179 0.0179 0.0179 0.8776 0.0092 0.1152 0.3963 0.8329 1.2515 1.4225 1.4449 1.4461 1.4461 1.4461 1.4461 0.1810 0.1305 0.0954 0.0706 0.0615 0.0570 0.0563 0.0563 0.0563 0.0563 0.0825  
43825 35 0.8365 0.8874 0.3159 0.4565 8994558.5973 5340.2578 55839868.7079 7929.2389 1189246.3548 5817643.4438 13638372.9900 28140585.3934 23698011.1275 14333062.8092 10583731.9473 9893909.1398 9703787.5952 9522463.7638 0.0310 0.0340 1.6439 1.1479 0.2876 0.2599 0.1515 0.0440 0.0162 0.0136 0.0133 0.0145 0.0143 0.1168 0.2527 0.3549 0.4242 0.4826 0.5057 0.5111 0.5149 0.5194 1.4702 0.1439 0.1157 0.0800 0.0739 0.0722 0.0694 0.0667 0.0660 0.0658 0.0658 0.0598  
43825 36 0.8675 0.9064 0.0600 0.1034 129223123.1370 1153265.7937 188107071.3189 211618.1728 11334393115.2812 24122430391.2870 18984011651.2249 6884851711.4548 591530196.9354 106658888.8550 93484302.2926 93484302.2926 93472614.6937 93460927.0948 3910.4682 0.1024 0.1033 0.1357 0.1368 0.1372 0.1395 0.1398 0.1398 0.1398 0.1398 0.1367 0.0007 0.0052 0.0090 0.0171 0.0213 0.0216 0.0216 0.0216 0.0216 0.0216 1.4359 0.1944 0.1650 0.1340 0.1335 0.1284 0.1039 0.0999 0.0999 0.0999 0.0999 0.1338  
52609 4 1.0548 1.0150 0.0198 0.0188 21989448.0279 17210803.4113 1389684265.6318 249294.0328 499544.7023 35823258.6245 106148565.7181 118861065.2214 119123721.7699 119126629.8504 119126629.8504 119126629.8504 119126629.8504 119126629.8504 92.5936 0.2100 0.0258 0.0194 0.0178 0.0177 0.0177 0.0177 0.0177 0.0177 0.0177 0.0178 0.0416 0.5143 1.3000 1.5275 1.5374 1.5376 1.5376 1.5376 1.5376 1.5376 1.5376 0.1118 0.0750 0.0599 0.0565 0.0563 0.0563 0.0563 0.0563 0.0563 0.0563 0.0571  
52609 12 0.9520 0.9514 0.0025 0.0025 10958128.8464 56617.6917 3911996752.1970 1021961.7700 5315733.8341 574449160.6345 3780280202.5807 3297996397.6987 1617503628.9091 1095998198.2903 627271732.3083 261357504.9933 88078879.6153 34976431.9958 4.2002 0.2033 0.0029 0.0023 0.0026 0.0028 0.0029 0.0029 0.0029 0.0030 0.0032 0.0332 0.0186 0.1372 0.2786 0.3810 0.4352 0.4703 0.5138 0.5480 0.5643 0.5693 1.1640 0.1841 0.0812 0.0749 0.0717 0.0673 0.0659 0.0659 0.0658 0.0656 0.0650 0.0868  
52609 15 1.0966 1.0145 0.0036 0.0066 14407431.3625 1889495.9970 2332093247.0304 1154751.1625 551097355.5465 16382487043.9869 22994142326.0308 10130219221.2233 2973794555.3337 204356340.7107 2541576.7818 153161.6094 216583.7746 307223.2350 324.8798 0.1546 0.0012 0.0009 0.0012 0.0023 0.0219 1.4122 8.0862 6.5108 5.1925 0.0049 0.0038 0.0342 0.0808 0.1147 0.1548 0.1707 0.1721 0.1731 0.1761 0.1804 1.6453 0.2776 0.1778 0.1534 0.1345 0.1333 0.1333 0.1321 0.1105 0.1065 0.1041 0.2028  
52609 29 0.9148 0.9189 0.0178 0.0275 25561598.3091 1232359.3793 95612788.6722 100381.9555 149900.7465 6916301.1333 144102226.4699 383405607.5371 458099461.1634 337599879.3773 186309832.8788 84065649.3718 37290537.1753 22066617.4145 71.7648 5.4699 1.6380 0.0532 0.0190 0.0130 0.0251 0.0781 0.2075 0.4001 0.5510 0.0134 0.0008 0.0082 0.0282 0.0621 0.1093 0.1664 0.2317 0.3016 0.3756 0.4292 2.5550 0.3357 0.1261 0.0827 0.0748 0.0668 0.0605 0.0554 0.0511 0.0469 0.0443 0.0671  
52609 30 1.0902 1.2276 0.0056 0.0302 70620704.1872 581237.3405 332906890.9239 81226.5684 5278479.8741 109403852.4901 113617844.9913 61042632.5895 44022815.1347 40633995.2643 40648623.7363 40663281.4888 40664517.3321 40664517.3321 13.1634 0.0238 0.2829 0.8450 0.3985 0.0559 0.0177 0.0148 0.0146 0.0146 0.0146 0.8920 0.0092 0.1152 0.3963 0.8329 1.2515 1.4225 1.4449 1.4461 1.4461 1.4461 1.4461 0.1818 0.1324 0.1014 0.0721 0.0607 0.0568 0.0563 0.0563 0.0563 0.0563 0.0867  
52609 35 0.9771 0.8580 0.2413 0.4831 7928262.1249 27642.1093 54311322.6883 6632.4203 1217906.4738 4376003.4778 9854199.4608 19927633.8545 17535514.0387 11915553.0367 9655629.3659 9221673.1472 9062154.7151 8894178.0978 0.0288 0.0283 1.6061 1.1386 0.3386 0.3004 0.1593 0.0447 0.0182 0.0157 0.0154 0.0167 0.0143 0.1168 0.2527 0.3549 0.4242 0.4826 0.5057 0.5111 0.5149 0.5194 1.4702 0.1474 0.1167 0.0800 0.0739 0.0719 0.0689 0.0665 0.0659 0.0658 0.0658 0.0598  
52609 36 0.9242 0.9640 0.0598 0.1032 116579529.8649 1360862.7126 174648804.0824 183572.0059 11178436258.9362 23070669962.5835 17651624126.6730 6392206508.3574 536917940.3401 85795043.8433 73537443.4139 73537443.4139 73528249.6121 73519055.8103 3635.8066 0.1021 0.1032 0.1343 0.1359 0.1365 0.1396 0.1401 0.1401 0.1401 0.1401 0.1359 0.0007 0.0052 0.0090 0.0171 0.0213 0.0216 0.0216 0.0216 0.0216 0.0216 1.4359 0.1945 0.1668 0.1340 0.1336 0.1290 0.1045 0.0999 0.0999 0.0999 0.0999 0.1338  
61369 4 0.9759 0.9912 0.0193 0.0179 21415607.1269 15126491.5415 1403974658.7084 262960.4082 296415.0405 23811558.2446 95509996.4394 119649748.2413 120741876.4836 120758766.2872 120758766.2872 120758766.2872 120758766.2872 120758766.2872 93.0443 0.2168 0.0276 0.0187 0.0169 0.0168 0.0168 0.0168 0.0168 0.0168 0.0168 0.0170 0.0416 0.5143 1.3000 1.5275 1.5374 1.5376 1.5376 1.5376 1.5376 1.5376 1.5376 0.1118 0.0743 0.0589 0.0564 0.0563 0.0563 0.0563 0.0563 0.0563 0.0563 0.0568  
61369 12 0.9521 0.9528 0.0026 0.0025 10932051.2768 56904.6421 3788990607.9797 972919.8538 6076466.7922 405053066.5466 3033300452.2231 2992087370.4552 1769274719.8291 1257790943.5268 720758705.5605 299710090.7742 100322677.9843 39219065.2845 4.1619 0.1931 0.0039 0.0024 0.0026 0.0029 0.0029 0.0029 0.0029 0.0030 0.0032 0.0381 0.0186 0.1372 0.2786 0.3810 0.4352 0.4703 0.5138 0.5480 0.5643 0.5693 1.1640 0.1857 0.0813 0.0743 0.0712 0.0670 0.0659 0.0659 0.0658 0.0656 0.0652 0.0897  
61369 15 0.9797 1.1371 0.0066 0.0095 34271758.2470 1691155.0407 2598418704.5279 1266268.9101 813868853.8775 22256379253.7025 27334583282.6287 10343051731.9523 3005974498.7084 206672000.4295 2678309.5797 249120.6980 269399.8169 298381.7091 592.1899 0.3208 0.0031 0.0007 0.0011 0.0027 0.0341 2.0188 8.8080 8.1746 7.4253 0.0048 0.0038 0.0342 0.0808 0.1147 0.1548 0.1707 0.1721 0.1731 0.1761 0.1804 1.6453 0.2791 0.1846 0.1539 0.1346 0.1333 0.1333 0.1310 0.1130 0.1112 0.1094 0.2028  
61369 29 0.8861 0.9153 0.0215 0.0288 23691461.0108 892397.4200 77209250.4709 91826.7582 85526.6133 5590780.1051 118928323.7794 332191929.6072 418384515.6483 320226879.5723 171210447.5539 64871154.0191 21264900.6840 10038816.7698 64.9201 5.5156 1.3615 0.0477 0.0195 0.0158 0.0326 0.0993 0.2776 0.5650 0.7767 0.0143 0.0008 0.0082 0.0282 0.0621 0.1093 0.1664 0.2317 0.3016 0.3756 0.4292 2.5550 0.3390 0.1208 0.0824 0.0742 0.0664 0.0604 0.0559 0.0522 0.0482 0.0455 0.0671  
61369 30 1.0724 1.1581 0.0068 0.0324 81179931.5058 680738.3766 363998266.4209 88554.1020 5110388.4959 125205446.7027 164130805.8425 98543024.2207 52106785.3515 43234870.3460 43337187.6606 43377867.5011 43380751.7970 43380751.7970 18.5910 0.0257 0.2308 0.6303 0.3979 0.0657 0.0171 0.0147 0.0146 0.0146 0.0146 0.6662 0.0092 0.1152 0.3963 0.8329 1.2515 1.4225 1.4449 1.4461 1.4461 1.4461 1.4461 0.1788 0.1293 0.0984 0.0744 0.0615 0.0567 0.0563 0.0563 0.0563 0.0563 0.0888  
61369 35 0.9819 0.9557 0.1932 0.6549 6631319.2759 97022.0689 46416629.4333 6480.6080 2650788.5521 8396653.9151 10113174.3830 15789795.7531 13858986.7574 10299684.2607 8869355.9493 8579417.3138 8440572.1506 8284764.7976 0.0266 0.0239 1.7032 1.8357 0.3680 0.2991 0.1454 0.0404 0.0185 0.0165 0.0163 0.0174 0.0143 0.1168 0.2527 0.3549 0.4242 0.4826 0.5057 0.5111 0.5149 0.5194 1.4702 0.1478 0.1185 0.0831 0.0745 0.0716 0.0684 0.0663 0.0659 0.0658 0.0658 0.0598  
61369 36 0.9131 0.9379 0.0610 0.1040 111800008.3308 1187526.7601 166336792.9136 169656.8759 9289468889.0494 20754147442.4408 17018344144.3247 6156470693.7425 505004365.1859 69585028.8420 57754112.4861 57754112.4861 57746891.9486 57739671.4112 3506.8023 0.1029 0.1042 0.1362 0.1376 0.1381 0.1411 0.1417 0.1417 0.1417 0.1417 0.1376 0.0007 0.0052 0.0090 0.0171 0.0213 0.0216 0.0216 0.0216 0.0216 0.0216 1.4359 0.1944 0.1651 0.1340 0.1336 0.1298 0.1053 0.0999 0.0999 0.0999 0.0999 0.1338  
70129 4 1.0642 1.0434 0.0174 0.0164 20274088.8585 16191429.7934 1450764478.6419 256622.0652 632062.0693 42429698.8661 116711752.3265 123596802.3517 123455224.0617 123451490.0243 123451490.0243 123451490.0243 123451490.0243 123451490.0243 96.0551 0.2036 0.0250 0.0168 0.0156 0.0155 0.0155 0.0155 0.0155 0.0155 0.0155 0.0157 0.0416 0.5143 1.3000 1.5275 1.5374 1.5376 1.5376 1.5376 1.5376 1.5376 1.5376 0.1123 0.0771 0.0601 0.0564 0.0563 0.0563 0.0563 0.0563 0.0563 0.0563 0.0572  
70129 12 0.9494 0.9559 0.0027 0.0025 10926059.9048 69345.8274 3642572569.2356 926297.7231 11155875.0198 328563255.9628 2477055017.9257 2704792800.5229 1843595967.4100 1350570000.1478 774514052.8521 321698393.2550 107267764.9644 41554091.5187 5.5102 0.1749 0.0054 0.0024 0.0027 0.0029 0.0030 0.0030 0.0030 0.0031 0.0032 0.0327 0.0186 0.1372 0.2786 0.3810 0.4352 0.4703 0.5138 0.5480 0.5643 0.5693 1.1640 0.1877 0.0833 0.0740 0.0706 0.0667 0.0659 0.0659 0.0658 0.0657 0.0653 0.0972  
70129 15 1.0547 1.0334 0.0059 0.0110 22957070.5502 1992294.4858 2761081159.9841 1240566.4942 563779108.5460 22265694120.5413 29959049722.1998 10881305850.1819 3152226831.1241 216690500.6885 2768041.8651 215006.3225 219856.7176 226788.7304 394.9296 0.1170 0.0007 0.0005 0.0009 0.0029 0.0400 2.2502 8.2958 8.1101 7.8451 0.0070 0.0038 0.0342 0.0808 0.1147 0.1548 0.1707 0.1721 0.1731 0.1761 0.1804 1.6453 0.2777 0.1770 0.1546 0.1348 0.1333 0.1333 0.1301 0.1137 0.1131 0.1124 0.2027  
70129 29 0.8070 0.9158 0.0261 0.0337 19329158.5407 802683.2065 65142265.1953 81370.5079 86264.5951 4583442.6348 98067184.2771 281807548.7214 373099028.9302 304016978.1204 161728541.2518 51813489.2953 11178957.4669 3630935.1532 56.0276 5.5306 1.4214 0.0528 0.0221 0.0209 0.0400 0.1022 0.2925 0.7160 1.0771 0.0180 0.0008 0.0082 0.0282 0.0621 0.1093 0.1664 0.2317 0.3016 0.3756 0.4292 2.5550 0.3419 0.1225 0.0823 0.0738 0.0660 0.0601 0.0564 0.0538 0.0504 0.0473 0.0671  
70129 30 1.1526 0.9573 0.0136 0.0381 88513192.2433 238458.4362 404214660.3756 94968.9606 3471431.1754 81323476.4711 114389501.0911 123974153.5045 69680747.0729 46929369.9791 45525798.6083 45503146.0482 45505050.8991 45505050.8991 16.2681 0.0301 0.2701 0.6961 0.3303 0.0777 0.0208 0.0170 0.0168 0.0168 0.0168 0.5979 0.0092 0.1152 0.3963 0.8329 1.2515 1.4225 1.4449 1.4461 1.4461 1.4461 1.4461 0.1747 0.1284 0.0931 0.0719 0.0627 0.0570 0.0563 0.0563 0.0563 0.0563 0.0831  
70129 35 0.8099 0.8818 0.1927 0.7039 6479281.2421 114145.1116 39684356.5437 6363.1820 2188001.4451 7193004.7205 7938167.1994 11505329.8482 10569287.6584 8794252.1627 8073951.5807 7908021.9917 7788799.7609 7645931.4472 0.0246 0.0231 1.6276 1.8485 0.4525 0.3617 0.1609 0.0448 0.0222 0.0201 0.0199 0.0210 0.0143 0.1168 0.2527 0.3549 0.4242 0.4826 0.5057 0.5111 0.5149 0.5194 1.4702 0.1459 0.1190 0.0832 0.0746 0.0712 0.0680 0.0663 0.0659 0.0658 0.0658 0.0598  
70129 36 0.9093 0.9162 0.0601 0.1032 108950049.4705 1034485.4740 156757135.6109 154910.3324 6543751077.8045 17752951406.4288 16642581470.5382 6016901235.8843 483356716.9336 57022710.1002 45438652.2208 45438652.2208 45432971.3875 45427290.5541 3431.5786 0.1018 0.1030 0.1356 0.1366 0.1369 0.1393 0.1400 0.1400 0.1400 0.1400 0.1366 0.0007 0.0052 0.0090 0.0171 0.0213 0.0216 0.0216 0.0216 0.0216 0.0216 1.4359 0.1944 0.1608 0.1340 0.1337 0.1305 0.1064 0.0999 0.0999 0.0999 0.0999 0.1338  
78889 4 0.9755 0.9848 0.0178 0.0172 20786336.3227 17599164.7935 1443650416.7411 273101.5594 247716.8514 21171105.8847 96728681.1509 125084354.8201 126428653.9447 126449693.6993 126449693.6993 126449693.6993 126449693.6993 126449693.6993 97.1441 0.2059 0.0241 0.0179 0.0167 0.0166 0.0166 0.0166 0.0166 0.0166 0.0166 0.0167 0.0416 0.5143 1.3000 1.5275 1.5374 1.5376 1.5376 1.5376 1.5376 1.5376 1.5376 0.1113 0.0730 0.0587 0.0564 0.0563 0.0563 0.0563 0.0563 0.0563 0.0563 0.0567  
78889 12 0.9414 0.9542 0.0028 0.0027 10904276.3438 63081.0213 3472821612.1546 879440.8661 6152876.8093 256072714.9961 2084869326.7402 2466164255.3575 1850818850.9061 1380056289.7390 791771567.9146 328654073.1870 109345048.9745 42136378.7180 4.3154 0.2011 0.0056 0.0025 0.0028 0.0030 0.0031 0.0031 0.0031 0.0032 0.0033 0.0341 0.0186 0.1372 0.2786 0.3810 0.4352 0.4703 0.5138 0.5480 0.5643 0.5693 1.1640 0.1843 0.0828 0.0738 0.0702 0.0666 0.0659 0.0659 0.0658 0.0657 0.0653 0.0929  
78889 15 1.0906 1.0009 0.0040 0.0088 19294606.8018 1852972.6324 2867094451.6858 1308412.8609 468791418.2675 21243027101.3625 29795045565.8273 11909224911.1167 3473834470.8690 238739670.3894 2987012.9399 171414.5509 170815.7978 169960.1742 362.0335 0.1291 0.0006 0.0005 0.0008 0.0023 0.0312 1.9062 9.0166 8.8990 8.7255 0.0071 0.0038 0.0342 0.0808 0.1147 0.1548 0.1707 0.1721 0.1731 0.1761 0.1804 1.6453 0.2772 0.1743 0.1542 0.1347 0.1333 0.1333 0.1311 0.1137 0.1134 0.1129 0.2028  
78889 29 0.7939 0.9191 0.0277 0.0409 13927180.1189 568802.8887 58534880.5795 65663.1978 39860.6050 3719119.7207 80740904.3495 235965180.2384 327573642.6524 286383064.2478 155418774.2963 45560459.4553 6897386.3371 1338193.0607 47.0492 5.6717 1.1390 0.0630 0.0327 0.0267 0.0424 0.0827 0.2131 0.6410 1.2282 0.0186 0.0008 0.0082 0.0282 0.0621 0.1093 0.1664 0.2317 0.3016 0.3756 0.4292 2.5550 0.3405 0.1150 0.0821 0.0736 0.0655 0.0596 0.0566 0.0551 0.0533 0.0509 0.0671  
78889 30 1.1015 1.0357 0.0193 0.0370 94926703.5346 225300.9606 442326815.2693 109457.4120 4424201.0360 101548599.2518 106532739.5305 113420645.5441 75316890.5687 52125789.9939 50135570.2203 50070644.9725 50071080.0607 50071080.0607 16.7126 0.0353 0.3464 0.8875 0.3012 0.0692 0.0231 0.0185 0.0183 0.0183 0.0183 0.7184 0.0092 0.1152 0.3963 0.8329 1.2515 1.4225 1.4449 1.4461 1.4461 1.4461 1.4461 0.1749 0.1314 0.0964 0.0701 0.0624 0.0571 0.0563 0.0563 0.0563 0.0563 0.0803  
78889 35 0.5822 0.8729 0.3076 0.8408 6362000.0390 50141.0400 31006127.3474 5153.6567 1883869.3444 7119207.2140 5214327.1445 7572898.2281 7722854.8219 7422494.2216 7285485.5894 7222205.0929 7121055.8554 6991369.4240 0.0225 0.0229 1.5237 2.1392 0.6162 0.4501 0.1804 0.0520 0.0288 0.0267 0.0265 0.0277 0.0143 0.1168 0.2527 0.3549 0.4242 0.4826 0.5057 0.5111 0.5149 0.5194 1.4702 0.1424 0.1195 0.0838 0.0746 0.0707 0.0676 0.0662 0.0659 0.0658 0.0658 0.0598  
78889 36 0.8914 0.9165 0.0602 0.1030 97584683.7555 983778.6274 142004336.8217 140855.0713 5080369822.0972 15440074476.9885 15382428368.3827 5558638516.6866 440802269.7670 46496661.9887 35782856.9431 35782856.9431 35778383.2971 35773909.6510 3172.6280 0.1016 0.1029 0.1352 0.1361 0.1364 0.1384 0.1390 0.1390 0.1390 0.1390 0.1361 0.0007 0.0052 0.0090 0.0171 0.0213 0.0216 0.0216 0.0216 0.0216 0.0216 1.4359 0.1943 0.1577 0.1339 0.1337 0.1310 0.1074 0.0999 0.0999 0.0999 0.0999 0.1338  
87673 4 0.9908 0.9891 0.0181 0.0164 16073729.5306 23665569.1935 1420589826.8887 266415.3569 247135.7599 20566272.9266 92297461.9799 123276696.2517 124962001.8270 124988992.6296 124988992.6296 124988992.6296 124988992.6296 124988992.6296 96.2707 0.2388 0.0254 0.0168 0.0159 0.0158 0.0158 0.0158 0.0158 0.0158 0.0158 0.0159 0.0416 0.5143 1.3000 1.5275 1.5374 1.5376 1.5376 1.5376 1.5376 1.5376 1.5376 0.1125 0.0749 0.0584 0.0564 0.0563 0.0563 0.0563 0.0563 0.0563 0.0563 0.0567  
87673 12 0.9496 0.9645 0.0029 0.0027 10855555.5358 99402.3500 3336323636.7725 827883.0414 22961639.6085 284997867.2796 1739011882.3615 2236726329.6733 1857514690.5964 1408346986.6879 808335261.5690 335333398.5983 111343667.8643 42700582.9171 9.4896 0.1660 0.0078 0.0025 0.0030 0.0032 0.0032 0.0032 0.0032 0.0033 0.0034 0.0214 0.0186 0.1372 0.2786 0.3810 0.4352 0.4703 0.5138 0.5480 0.5643 0.5693 1.1640 0.1886 0.0900 0.0737 0.0698 0.0665 0.0659 0.0659 0.0658 0.0657 0.0654 0.1064  
87673 15 1.0461 0.9729 0.0037 0.0073 17521388.3726 1753728.0109 2861637782.7248 1426950.0754 352219008.1979 19161704905.5801 28295496314.3843 12737120810.1657 3743830860.5076 257290106.1023 3213522.9863 178060.8643 174430.4792 169242.2210 321.4671 0.1724 0.0006 0.0005 0.0007 0.0020 0.0257 1.6447 9.0448 8.9896 8.9061 0.0074 0.0038 0.0342 0.0808 0.1147 0.1548 0.1707 0.1721 0.1731 0.1761 0.1804 1.6453 0.2755 0.1725 0.1533 0.1345 0.1333 0.1333 0.1316 0.1138 0.1136 0.1134 0.2028  
87673 29 0.5285 0.9256 0.0294 0.0443 9130627.0867 285936.9846 54387948.5807 52132.0231 52383.2436 3102863.5344 66630437.3421 198019526.3409 287884860.4385 268101376.6394 149930803.4387 43461230.9302 5988225.6004 946960.2796 39.6304 5.5296 1.5735 0.0703 0.0345 0.0301 0.0429 0.0618 0.1129 0.3174 0.7373 0.0225 0.0008 0.0082 0.0282 0.0621 0.1093 0.1664 0.2317 0.3016 0.3756 0.4292 2.5550 0.3332 0.1238 0.0822 0.0734 0.0650 0.0592 0.0565 0.0556 0.0552 0.0545 0.0671  
87673 30 0.9939 0.8724 0.0216 0.0362 86597649.3355 61571.9548 469515642.0168 120569.7877 2175520.5825 47254853.5210 50224525.0423 86113938.9042 70156662.4106 56923270.6083 56262615.4150 56268681.9015 56271429.4767 56271429.4767 10.9836 0.0536 0.5989 1.2442 0.3289 0.0665 0.0230 0.0191 0.0189 0.0189 0.0189 0.8135 0.0092 0.1152 0.3963 0.8329 1.2515 1.4225 1.4449 1.4461 1.4461 1.4461 1.4461 0.1707 0.1295 0.0943 0.0688 0.0616 0.0569 0.0563 0.0563 0.0563 0.0563 0.0772  
87673 35 0.4676 0.8186 0.5269 0.9599 5152653.9028 25977.8819 28261920.0281 3000.3727 1249268.0314 4240089.9694 2639267.0769 3995315.3684 5095058.6859 6131702.0147 6524125.7155 6554287.8666 6470211.1933 6353362.4125 0.0205 0.0245 1.5330 2.3672 0.8020 0.5118 0.1783 0.0541 0.0334 0.0316 0.0314 0.0326 0.0143 0.1168 0.2527 0.3549 0.4242 0.4826 0.5057 0.5111 0.5149 0.5194 1.4702 0.1403 0.1203 0.0838 0.0742 0.0699 0.0671 0.0661 0.0659 0.0658 0.0658 0.0598  
87673 36 0.8745 0.8935 0.0579 0.1017 89499060.1644 964807.6830 128651747.5228 125551.8521 3351167093.1326 12811963098.5781 14049581147.8942 5075885904.5755 398397312.9460 38018454.8033 28226483.6733 28226483.6733 28222954.7405 28219425.8077 2898.8226 0.1000 0.1013 0.1340 0.1347 0.1349 0.1367 0.1374 0.1374 0.1374 0.1374 0.1347 0.0007 0.0052 0.0090 0.0171 0.0213 0.0216 0.0216 0.0216 0.0216 0.0216 1.4359 0.1942 0.1538 0.1339 0.1337 0.1314 0.1083 0.0999 0.0999 0.0999 0.0999 0.1338  
96433 4 0.9871 0.9893 0.0177 0.0163 15969733.7223 23301232.2958 1398539258.7920 263953.9822 293679.2152 20384864.3828 91184950.0016 121388544.4039 122983124.2474 123008516.7098 123008516.7098 123008516.7098 123008516.7098 123008516.7098 94.7209 0.2070 0.0242 0.0166 0.0159 0.0159 0.0159 0.0159 0.0159 0.0159 0.0159 0.0160 0.0416 0.5143 1.3000 1.5275 1.5374 1.5376 1.5376 1.5376 1.5376 1.5376 1.5376 0.1119 0.0753 0.0584 0.0564 0.0563 0.0563 0.0563 0.0563 0.0563 0.0563 0.0567  
96433 12 0.9557 0.9626 0.0030 0.0028 10936743.9207 84309.3825 3196578438.8658 786150.7393 19029483.2321 264391958.7298 1480944222.1107 2039095138.7753 1848008759.1972 1419566517.7917 815030691.6227 337954419.4419 112035279.0835 42800928.6889 8.2204 0.1699 0.0075 0.0026 0.0031 0.0033 0.0033 0.0033 0.0034 0.0034 0.0035 0.0205 0.0186 0.1372 0.2786 0.3810 0.4352 0.4703 0.5138 0.5480 0.5643 0.5693 1.1640 0.1866 0.0905 0.0738 0.0694 0.0664 0.0659 0.0659 0.0658 0.0657 0.0654 0.1025  
96433 15 0.9808 0.9958 0.0039 0.0069 17139596.5992 1676427.0339 2818244077.4020 1492795.3800 428619852.2846 19553255525.0902 27573954484.4737 12631142009.5837 3716818652.9631 255440890.8602 3197939.2227 183903.7973 178896.5708 171740.6112 423.4261 0.1680 0.0006 0.0005 0.0007 0.0019 0.0247 1.5962 9.0509 9.0276 8.9921 0.0060 0.0038 0.0342 0.0808 0.1147 0.1548 0.1707 0.1721 0.1731 0.1761 0.1804 1.6453 0.2749 0.1754 0.1529 0.1344 0.1333 0.1333 0.1317 0.1139 0.1138 0.1137 0.2028  
96433 29 0.6315 0.9287 0.0329 0.0562 6197714.5776 301913.2987 51715293.4749 27553.6589 87073.3747 2495183.0580 52856153.3640 164856388.6417 255392343.1092 251913331.1673 144755702.3026 42284471.6546 5817407.1976 914435.8406 33.9660 5.3730 2.1411 0.1163 0.0465 0.0292 0.0347 0.0444 0.0685 0.1682 0.3962 0.0235 0.0008 0.0082 0.0282 0.0621 0.1093 0.1664 0.2317 0.3016 0.3756 0.4292 2.5550 0.3338 0.1369 0.0823 0.0730 0.0645 0.0589 0.0564 0.0557 0.0555 0.0552 0.0671  
96433 30 1.0639 0.9585 0.0188 0.0317 70046087.5776 57044.9026 482262755.4739 119840.3319 3184793.6883 47192080.1163 33846730.6259 54143660.7183 59817680.7915 60788117.5204 61778094.0111 61861303.9313 61865780.3359 61865780.3359 7.1985 0.0521 0.6531 1.5090 0.3098 0.0537 0.0217 0.0189 0.0188 0.0188 0.0188 0.9486 0.0092 0.1152 0.3963 0.8329 1.2515 1.4225 1.4449 1.4461 1.4461 1.4461 1.4461 0.1748 0.1347 0.0989 0.0675 0.0604 0.0567 0.0563 0.0563 0.0563 0.0563 0.0760  
96433 35 1.2895 0.9688 0.3555 0.9604 2999495.6505 95960.1650 24128125.4442 1403.0553 1505346.6070 5909054.2541 2969463.8783 3310496.1627 4272843.1020 5475226.0216 5937842.5568 5983129.8142 5908056.2533 5801712.4263 0.0188 0.0231 1.5596 2.7811 0.6447 0.3139 0.1021 0.0370 0.0269 0.0260 0.0259 0.0270 0.0143 0.1168 0.2527 0.3549 0.4242 0.4826 0.5057 0.5111 0.5149 0.5194 1.4702 0.1421 0.1201 0.0864 0.0749 0.0691 0.0667 0.0660 0.0659 0.0658 0.0658 0.0598  
96433 36 0.9033 0.9331 0.0579 0.0993 82056114.5659 931099.8646 116136146.7549 109799.7242 2884336322.6852 11560340541.0809 12884118399.5968 4652827116.5954 361944101.1316 31351414.0860 22368772.0986 22368772.0986 22365975.5090 22363178.9193 2658.5771 0.0972 0.0985 0.1288 0.1297 0.1299 0.1319 0.1328 0.1328 0.1328 0.1328 0.1297 0.0007 0.0052 0.0090 0.0171 0.0213 0.0216 0.0216 0.0216 0.0216 0.0216 1.4359 0.1941 0.1529 0.1339 0.1337 0.1317 0.1093 0.0998 0.0998 0.0998 0.0998 0.1338  
