8761 4 0.8138 0.7919 0.1682 0.2038 24275025.7322 24433316.0927 226079073.4816 28728.4910 543556.2106 29885607.2646 34105586.0376 12286374.6071 10726434.5569 10716861.8464 10716861.8464 10716861.8464 10716861.8464 10716861.8464 17.1003 0.5324 0.2661 0.2383 0.2203 0.2152 0.2152 0.2152 0.2152 0.2152 0.2152 0.2166 0.0406 0.5074 1.2979 1.5276 1.5375 1.5376 1.5376 1.5376 1.5376 1.5376 1.5376 0.1124 0.0803 0.0663 0.0577 0.0563 0.0563 0.0563 0.0563 0.0563 0.0563 0.0623  
8761 12 1.6128 0.6945 0.0179 0.0309 16716196.3877 4189702.2906 1285815174.2128 42585.7985 821693617.6854 4099324824.9737 1520333097.6932 354384701.1177 98531487.8443 56366342.6781 34688825.1654 18868803.4085 10919667.7880 8396313.6586 177.7445 0.5553 0.0195 0.0274 0.0421 0.0469 0.0482 0.0490 0.0506 0.0531 0.0547 0.0341 0.0185 0.1363 0.2773 0.3800 0.4347 0.4708 0.5142 0.5471 0.5637 0.5690 1.1640 0.1873 0.1144 0.0851 0.0731 0.0676 0.0657 0.0651 0.0639 0.0621 0.0609 0.1107  
8761 15 0.5343 0.6258 0.2014 0.1790 583692066.8986 0.0000 1654780325.4280 320876.1643 1192046939.8275 11969504811.4237 8466691226.1504 3185340423.4041 1546873376.8856 929042478.6931 887098738.4905 878116500.2521 853943635.6414 820972518.7521 0.0000 1.1208 0.0112 0.0034 0.0370 0.2491 0.4566 0.4767 0.4773 0.4781 0.4793 0.0000 0.0037 0.0340 0.0805 0.1143 0.1546 0.1709 0.1721 0.1732 0.1763 0.1805 1.6453 0.2788 0.2014 0.1550 0.1330 0.1232 0.1147 0.1139 0.1138 0.1138 0.1137 0.0000  
8761 29 1.3307 0.6459 0.0591 0.1198 72699678.3210 201956655.6227 217635597.6202 170307.5746 2316513.3556 322984181.8831 809471756.5750 734214885.1278 505156578.6804 340002515.6151 233477964.3236 172537829.0565 145991181.9009 136876938.2939 1.7870 4.8996 1.3123 0.2715 0.0766 0.0521 0.0991 0.2843 0.5055 0.6256 0.6695 0.7889 0.0008 0.0083 0.0282 0.0621 0.1093 0.1667 0.2325 0.3028 0.3770 0.4303 2.5550 0.1641 0.1183 0.1035 0.0843 0.0696 0.0597 0.0529 0.0479 0.0442 0.0421 0.0367  
8761 30 0.1018 0.8881 0.0185 0.0381 21267704.0182 37278.9176 167949604.3912 3183.9186 9.6133 4277.5774 1114563.5925 10431717.6389 20077105.6367 21383044.2344 21287521.8245 21277015.8965 21277015.8965 21277015.8965 23.9226 1.1947 3.3918 0.8721 0.2039 0.0650 0.0313 0.0255 0.0253 0.0253 0.0253 0.0253 0.0091 0.1159 0.3994 0.8385 1.2578 1.4239 1.4453 1.4461 1.4461 1.4461 1.4461 0.1354 0.0846 0.0687 0.0637 0.0594 0.0568 0.0563 0.0563 0.0563 0.0563 0.0563  
8761 35 1.1003 0.4603 0.2868 0.5563 12183997.9230 2151664.1160 98924606.3960 13814.7170 3828668.9390 46068382.8401 67188907.6567 62989677.7424 41449696.5105 21917255.4250 14131255.8916 12818365.6250 12482458.4857 12221100.2548 18.5121 0.4830 1.7688 1.7328 0.2559 0.1948 0.1345 0.0630 0.0436 0.0414 0.0412 0.2040 0.0143 0.1166 0.2528 0.3540 0.4233 0.4819 0.5056 0.5108 0.5152 0.5201 1.4702 0.1344 0.1123 0.0841 0.0760 0.0726 0.0698 0.0668 0.0660 0.0659 0.0658 0.0818  
8761 36 0.3328 0.5417 0.0441 0.1043 173343341.3576 1942520.8049 282623537.2502 58714.1921 31107893592.4280 47704417063.8524 24920576705.6831 9227685655.5122 879562875.4376 245484282.6306 231147986.6563 230444489.5482 230444489.5482 230427236.7303 0.0000 1.3301 0.1391 0.1485 0.1489 0.1531 0.1637 0.1645 0.1646 0.1646 0.1646 0.0000 0.0007 0.0052 0.0090 0.0170 0.0213 0.0216 0.0216 0.0216 0.0216 0.0216 1.4359 0.1897 0.1721 0.1292 0.1283 0.1196 0.0978 0.0961 0.0960 0.0960 0.0960 0.0000  
17545 4 4.7131 1.7579 0.0599 0.0650 16614293.9382 4667608.3937 535944644.9440 10688.2112 1103963.9761 52814509.0338 63783979.0584 30410437.9512 27986683.8558 27971606.8705 27971606.8705 27971606.8705 27971606.8705 27971606.8705 44.2991 0.2013 0.0569 0.0494 0.0459 0.0452 0.0452 0.0452 0.0452 0.0452 0.0452 0.0447 0.0406 0.5074 1.2979 1.5276 1.5375 1.5376 1.5376 1.5376 1.5376 1.5376 1.5376 0.1136 0.0801 0.0651 0.0573 0.0563 0.0563 0.0563 0.0563 0.0563 0.0563 0.0602  
17545 12 1.9343 1.9574 0.0082 0.0123 18030115.2880 198568.0018 3460913290.1495 684018.5943 1735401685.9824 9101275763.1942 5033287783.0590 1825999683.5968 355327620.4891 138903425.5990 78660581.1671 37493133.7133 16810771.2539 10246332.1850 351.8871 0.1042 0.0035 0.0076 0.0125 0.0147 0.0158 0.0160 0.0164 0.0171 0.0178 0.0038 0.0185 0.1363 0.2773 0.3800 0.4347 0.4708 0.5142 0.5471 0.5637 0.5690 1.1640 0.1877 0.1099 0.0823 0.0739 0.0697 0.0661 0.0654 0.0647 0.0631 0.0616 0.1107  
17545 15 1.2573 1.2025 0.1516 0.1375 304112580.8896 0.0000 1762742198.9727 546614.3699 2098362133.5304 15814440445.3839 12931101878.0272 4827326384.3535 1761447486.3223 587437519.7347 509952382.2444 503731444.5715 489555720.3707 470220420.8908 0.0000 0.3742 0.0045 0.0005 0.0133 0.1325 0.3968 0.4424 0.4435 0.4442 0.4452 0.0000 0.0037 0.0340 0.0805 0.1143 0.1546 0.1709 0.1721 0.1732 0.1763 0.1805 1.6453 0.2876 0.1984 0.1556 0.1342 0.1274 0.1159 0.1139 0.1139 0.1138 0.1137 0.0000  
17545 29 1.0394 0.8621 0.0536 0.0914 33861431.9663 607730.6340 185124459.7431 145110.2192 824662.9630 124642414.1409 499737339.1324 667299866.1903 513949815.3727 347891805.4812 226852123.2170 152745209.3397 116616270.7865 102389247.9481 1.0886 3.4295 0.5996 0.2798 0.0536 0.0115 0.0159 0.0436 0.1039 0.1897 0.2520 0.4589 0.0008 0.0083 0.0282 0.0621 0.1093 0.1667 0.2325 0.3028 0.3770 0.4303 2.5550 0.2234 0.1128 0.0966 0.0814 0.0694 0.0602 0.0538 0.0487 0.0446 0.0424 0.0367  
17545 30 1.6620 2.0437 0.0030 0.0068 3172000.8276 1705801.2286 180208485.6663 29129.5058 2610212.3028 78201867.0821 127968301.0955 42476778.2327 18939537.0248 21897259.5290 22808172.0319 22853899.8067 22853899.8067 22853899.8067 25.6956 0.0049 0.0174 0.0630 0.0567 0.0073 0.0036 0.0031 0.0031 0.0031 0.0031 0.0031 0.0091 0.1159 0.3994 0.8385 1.2578 1.4239 1.4453 1.4461 1.4461 1.4461 1.4461 0.1842 0.1286 0.1020 0.0791 0.0589 0.0564 0.0563 0.0563 0.0563 0.0563 0.0563  
17545 35 0.9956 0.7850 0.2146 0.2742 11338248.6291 1840.1909 83459197.8788 11280.1416 354097.0092 7788057.3824 42184326.4021 52346361.1484 37774246.4793 20222374.1424 13154112.4053 11960336.9473 11650064.7921 11406391.8956 14.4047 0.4427 1.2741 0.5164 0.2035 0.2021 0.1276 0.0372 0.0123 0.0095 0.0092 0.1836 0.0143 0.1166 0.2528 0.3540 0.4233 0.4819 0.5056 0.5108 0.5152 0.5201 1.4702 0.1346 0.1026 0.0810 0.0752 0.0726 0.0699 0.0668 0.0660 0.0659 0.0658 0.0771  
17545 36 0.9840 0.9257 0.0180 0.0774 58714439.1642 1274157.5674 301497150.5683 291618.7627 20880433872.4436 40316049954.1423 29139113485.8491 10757621695.9859 950293031.6945 205381009.6543 188538842.2617 187720661.1773 187720661.1773 187706606.9884 0.0000 0.0660 0.0684 0.0869 0.0882 0.0917 0.1040 0.1053 0.1053 0.1053 0.1053 0.0000 0.0007 0.0052 0.0090 0.0170 0.0213 0.0216 0.0216 0.0216 0.0216 0.0216 1.4359 0.1943 0.1698 0.1337 0.1331 0.1263 0.1024 0.0999 0.0997 0.0997 0.0997 0.0000  
26305 4 3.4389 1.8945 0.0231 0.0265 10422348.9125 42390896.6915 1060449214.5129 50375.0109 3339816.2195 135990922.1898 157427220.4671 74954861.2234 69268402.9877 69235229.2281 69235229.2281 69235229.2281 69235229.2281 69235229.2281 109.2659 0.1569 0.0310 0.0233 0.0201 0.0195 0.0195 0.0195 0.0195 0.0195 0.0195 0.0196 0.0406 0.5074 1.2979 1.5276 1.5375 1.5376 1.5376 1.5376 1.5376 1.5376 1.5376 0.1157 0.0807 0.0656 0.0572 0.0563 0.0563 0.0563 0.0563 0.0563 0.0563 0.0604  
26305 12 1.0111 0.9468 0.0050 0.0061 22478281.8174 239245.6553 4887328498.8771 1323123.2932 69701130.9324 3370520683.8444 7337177692.5841 4061821603.6011 1069949706.7176 538544138.7081 303337862.7547 133925555.5622 48819085.0122 21808501.9357 23.8417 0.0471 0.0031 0.0046 0.0061 0.0067 0.0071 0.0072 0.0074 0.0079 0.0086 0.0112 0.0185 0.1363 0.2773 0.3800 0.4347 0.4708 0.5142 0.5471 0.5637 0.5690 1.1640 0.1308 0.0927 0.0791 0.0734 0.0695 0.0661 0.0658 0.0655 0.0647 0.0635 0.1091  
26305 15 1.0356 1.1046 0.2111 0.3762 546521916.9460 0.0000 1676495717.1425 687274.4632 2946212857.8630 18395327265.9265 16049001143.7880 6481174173.7518 1925246456.4380 154250668.4111 38850406.5897 36737923.5852 36643763.2488 36515345.5194 0.0000 0.1266 0.0011 0.0006 0.0141 0.1755 1.3544 2.4742 2.5145 2.4886 2.4519 0.0000 0.0037 0.0340 0.0805 0.1143 0.1546 0.1709 0.1721 0.1732 0.1763 0.1805 1.6453 0.2846 0.1958 0.1547 0.1345 0.1318 0.1224 0.1142 0.1138 0.1136 0.1134 0.0000  
26305 29 0.9083 0.8770 0.0329 0.0915 27967458.2121 847688.2250 158723824.5704 150833.3513 160155.2055 29732944.4294 306193298.6670 569230918.9671 500372889.3554 351103736.8503 220749788.8109 135884322.5264 93003648.2269 75890934.5697 0.6397 5.1244 1.1941 0.2960 0.0434 0.0108 0.0159 0.0444 0.1074 0.1976 0.2647 0.4950 0.0008 0.0083 0.0282 0.0621 0.1093 0.1667 0.2325 0.3028 0.3770 0.4303 2.5550 0.2700 0.1097 0.0884 0.0789 0.0687 0.0602 0.0542 0.0492 0.0451 0.0428 0.0367  
26305 30 1.3490 1.0845 0.0035 0.0184 29116624.9651 4120072.9147 248842339.0499 48413.5171 1314160.4441 51456570.1289 123947691.1074 86044244.3129 41768183.5191 26729805.0667 24883278.6279 24810817.3844 24810817.3844 24810817.3844 27.8958 0.0093 0.0830 0.2061 0.2098 0.0426 0.0081 0.0067 0.0067 0.0067 0.0067 0.0067 0.0091 0.1159 0.3994 0.8385 1.2578 1.4239 1.4453 1.4461 1.4461 1.4461 1.4461 0.1806 0.1229 0.0926 0.0753 0.0621 0.0568 0.0563 0.0563 0.0563 0.0563 0.0563  
26305 35 0.8670 0.8750 0.2401 0.2666 10350305.5530 3001.8569 75525123.6960 11230.2527 464693.3549 6200290.2976 27556482.0662 42572900.6084 32935702.9046 18138373.2270 12138207.3741 11119481.8320 10840407.0901 10614662.3637 11.1366 0.4865 1.2731 0.4908 0.2211 0.2174 0.1358 0.0399 0.0142 0.0112 0.0109 0.2092 0.0143 0.1166 0.2528 0.3540 0.4233 0.4819 0.5056 0.5108 0.5152 0.5201 1.4702 0.1388 0.1072 0.0803 0.0746 0.0725 0.0698 0.0668 0.0660 0.0659 0.0658 0.0767  
26305 36 0.9305 0.8988 0.0481 0.0949 204951644.9812 976861.4445 292454169.0527 286953.8724 12583122850.6365 32768988001.5190 30237963578.7451 11145047992.4296 941195701.7214 166165883.7510 148642784.1957 147796264.6370 147796264.6370 147785199.4905 0.0000 0.0986 0.1007 0.1340 0.1349 0.1356 0.1388 0.1392 0.1393 0.1393 0.1393 0.0000 0.0007 0.0052 0.0090 0.0170 0.0213 0.0216 0.0216 0.0216 0.0216 0.0216 1.4359 0.1944 0.1619 0.1339 0.1335 0.1282 0.1034 0.1000 0.0999 0.0999 0.0999 0.0000  
35065 4 1.1419 1.1055 0.0279 0.0409 50098413.5030 17827039.3291 1289572240.7400 173234.4710 1182938.1149 56408831.6046 113924905.7903 106144861.0538 105129660.5215 105121704.2864 105121704.2864 105121704.2864 105121704.2864 105121704.2864 161.6543 0.2100 0.0546 0.0458 0.0396 0.0389 0.0389 0.0389 0.0389 0.0389 0.0389 0.0390 0.0406 0.5074 1.2979 1.5276 1.5375 1.5376 1.5376 1.5376 1.5376 1.5376 1.5376 0.1140 0.0775 0.0620 0.0566 0.0563 0.0563 0.0563 0.0563 0.0563 0.0563 0.0573  
35065 12 0.9969 0.9487 0.0023 0.0025 11540087.5250 34895.1604 5379201326.6971 1337860.7641 3247018.6116 867499247.6261 5675716323.6991 4795503149.3322 1974844700.4689 1244087763.1700 707545761.5303 307650160.2736 106759749.3116 43003027.1325 2.2330 0.0676 0.0015 0.0019 0.0022 0.0024 0.0024 0.0025 0.0025 0.0026 0.0028 0.0544 0.0185 0.1363 0.2773 0.3800 0.4347 0.4708 0.5142 0.5471 0.5637 0.5690 1.1640 0.1233 0.0835 0.0756 0.0724 0.0681 0.0660 0.0659 0.0658 0.0655 0.0649 0.0877  
35065 15 1.2482 1.1000 0.0188 0.0807 99157815.1426 0.0000 1944881024.6912 711714.8882 3417737371.2678 20583331695.3497 18150549127.6382 8120564938.7463 2396309278.1533 149309729.9985 2935587.0897 466291.7480 964518.3660 1644093.6549 0.0000 0.1289 0.0011 0.0004 0.0015 0.0143 0.2574 2.9779 4.9959 4.1235 3.4607 0.0000 0.0037 0.0340 0.0805 0.1143 0.1546 0.1709 0.1721 0.1732 0.1763 0.1805 1.6453 0.2838 0.1949 0.1541 0.1345 0.1333 0.1326 0.1229 0.1119 0.1093 0.1074 0.0000  
35065 29 0.8524 0.9181 0.0174 0.0353 25037598.1253 819380.7707 136650361.8465 137005.4201 43313.9986 12659963.8847 235853158.2421 491759623.8074 470652060.6717 346193647.4884 214228667.7646 121020119.7588 73189162.6276 54519019.2792 0.3432 5.9491 0.8801 0.0873 0.0179 0.0098 0.0169 0.0483 0.1190 0.2229 0.3036 0.5860 0.0008 0.0083 0.0282 0.0621 0.1093 0.1667 0.2325 0.3028 0.3770 0.4303 2.5550 0.3129 0.1049 0.0843 0.0776 0.0680 0.0601 0.0545 0.0498 0.0456 0.0433 0.0367  
35065 30 0.9060 1.1640 0.0024 0.0234 48400377.2947 2001686.3030 349388186.8208 65310.3079 2165391.0285 72206867.8853 131713910.6541 84530633.1056 57124115.6007 40134656.1954 36881662.2990 36722352.6031 36722352.6031 36722352.6031 41.2884 0.0144 0.1395 0.4146 0.2141 0.0470 0.0140 0.0101 0.0099 0.0099 0.0099 0.0099 0.0091 0.1159 0.3994 0.8385 1.2578 1.4239 1.4453 1.4461 1.4461 1.4461 1.4461 0.1796 0.1273 0.0947 0.0719 0.0614 0.0571 0.0563 0.0563 0.0563 0.0563 0.0563  
35065 35 0.8569 0.8958 0.2799 0.3512 9037652.0902 3495.9327 63555353.8599 9736.7551 665198.5117 7011318.0572 21908177.2533 34015010.2727 26890830.8826 15657283.9919 11096063.5994 10311512.0329 10069257.3248 9861377.5684 8.8583 0.4656 1.5309 0.8128 0.2431 0.2266 0.1365 0.0392 0.0146 0.0118 0.0116 0.2262 0.0143 0.1166 0.2528 0.3540 0.4233 0.4819 0.5056 0.5108 0.5152 0.5201 1.4702 0.1371 0.1110 0.0808 0.0745 0.0724 0.0696 0.0667 0.0660 0.0659 0.0658 0.0772  
35065 36 0.9233 0.9332 0.0557 0.0994 196773269.6193 1112385.0234 272358351.2189 267016.6033 9951519589.1436 29217533877.2647 28852797853.0078 10621449788.8884 874215288.9150 133867710.9245 117128772.4069 116322615.1141 116322615.1141 116313906.3231 0.0000 0.0987 0.1009 0.1335 0.1346 0.1352 0.1390 0.1396 0.1396 0.1396 0.1396 0.0000 0.0007 0.0052 0.0090 0.0170 0.0213 0.0216 0.0216 0.0216 0.0216 0.0216 1.4359 0.1943 0.1589 0.1339 0.1336 0.1291 0.1041 0.1001 0.0999 0.0999 0.0999 0.0000  
43825 4 1.0527 1.0327 0.0204 0.0215 21855396.3579 18112575.2388 1359606262.0834 197811.1460 594948.7779 32010389.1618 97815022.6782 116539557.8303 117367127.6868 117370645.2493 117370645.2493 117370645.2493 117370645.2493 117370645.2493 179.6355 0.2206 0.0300 0.0199 0.0182 0.0180 0.0180 0.0180 0.0180 0.0180 0.0180 0.0181 0.0406 0.5074 1.2979 1.5276 1.5375 1.5376 1.5376 1.5376 1.5376 1.5376 1.5376 0.1146 0.0771 0.0600 0.0564 0.0563 0.0563 0.0563 0.0563 0.0563 0.0563 0.0567  
43825 12 0.9938 0.9509 0.0019 0.0019 11369699.3068 22172.4343 5546502385.9865 1333709.2540 443997.6572 263103475.4187 3301871477.6589 4047370041.3589 2901664932.5723 2126751480.2586 1217572208.0523 526924286.6948 179973584.5035 69861962.9490 1.2097 0.1801 0.0018 0.0018 0.0019 0.0021 0.0021 0.0021 0.0021 0.0022 0.0023 0.1190 0.0185 0.1363 0.2773 0.3800 0.4347 0.4708 0.5142 0.5471 0.5637 0.5690 1.1640 0.1558 0.0783 0.0737 0.0709 0.0669 0.0659 0.0659 0.0658 0.0657 0.0654 0.0573  
43825 15 1.1966 1.0057 0.0038 0.0109 14996223.2039 0.0000 2147191886.3188 888357.4159 2940025156.4436 18493217050.5674 19063411743.0583 9692415278.9886 2880485248.0452 179304919.0183 3318442.0133 222499.7859 448053.5744 755706.3130 0.0000 0.1397 0.0010 0.0004 0.0006 0.0018 0.0290 1.3094 6.8424 4.6033 3.2988 0.0000 0.0037 0.0340 0.0805 0.1143 0.1546 0.1709 0.1721 0.1732 0.1763 0.1805 1.6453 0.2812 0.1906 0.1530 0.1343 0.1333 0.1333 0.1320 0.1075 0.1033 0.1016 0.0000  
43825 29 0.8855 0.9248 0.0124 0.0190 23946852.2676 986098.9419 117613548.6611 116780.4282 32630.5940 8971021.3684 186879807.9877 420373218.4476 441324231.3456 339585132.7709 207326470.9056 108076500.0890 56800024.8569 37398045.4734 0.1575 6.2761 0.8135 0.0300 0.0128 0.0106 0.0199 0.0581 0.1445 0.2704 0.3736 0.7420 0.0008 0.0083 0.0282 0.0621 0.1093 0.1667 0.2325 0.3028 0.3770 0.4303 2.5550 0.3282 0.1054 0.0833 0.0767 0.0673 0.0599 0.0548 0.0504 0.0463 0.0439 0.0367  
43825 30 1.0972 1.0312 0.0046 0.0296 65282506.2545 936148.4250 432626140.5237 59168.6495 2126927.1979 62818647.1719 103844358.3482 78671235.9867 62649451.7471 51496484.4394 49404338.2518 49303548.5344 49303548.5344 49303548.5344 55.4340 0.0238 0.2398 0.6132 0.3231 0.0582 0.0178 0.0140 0.0138 0.0138 0.0138 0.0138 0.0091 0.1159 0.3994 0.8385 1.2578 1.4239 1.4453 1.4461 1.4461 1.4461 1.4461 0.1784 0.1268 0.0941 0.0718 0.0607 0.0569 0.0563 0.0563 0.0563 0.0563 0.0563  
43825 35 0.8292 0.8694 0.3430 0.3885 8985127.4821 3494.9419 54569116.2554 8343.4432 771516.4191 6905808.3904 16426226.7641 25097312.6798 20487299.6744 13070236.9146 10052511.3351 9518770.9003 9314877.4866 9124793.9811 6.5241 0.5076 1.3164 0.8052 0.3091 0.2856 0.1602 0.0443 0.0175 0.0145 0.0142 0.2914 0.0143 0.1166 0.2528 0.3540 0.4233 0.4819 0.5056 0.5108 0.5152 0.5201 1.4702 0.1359 0.1121 0.0809 0.0745 0.0722 0.0692 0.0666 0.0660 0.0658 0.0658 0.0770  
43825 36 0.8729 0.8949 0.0574 0.1004 175415467.6479 1280673.3147 241132205.4916 246523.8544 7106992699.7520 24461106551.0361 25983882575.8164 9559308408.6642 774593957.5786 107354235.2392 92268239.1274 91543014.8439 91543014.8439 91536161.2413 0.0000 0.0984 0.1008 0.1342 0.1349 0.1354 0.1390 0.1397 0.1397 0.1397 0.1397 0.0000 0.0007 0.0052 0.0090 0.0170 0.0213 0.0216 0.0216 0.0216 0.0216 0.0216 1.4359 0.1943 0.1549 0.1339 0.1336 0.1298 0.1047 0.1001 0.0999 0.0999 0.0999 0.0000  
52609 4 0.9824 0.9868 0.0189 0.0176 20246998.1979 15702844.9612 1368270529.2532 208232.1943 238052.2910 16000070.7793 83479660.5374 117419411.6505 119341924.5608 119352487.2596 119352487.2596 119352487.2596 119352487.2596 119352487.2596 182.1746 0.2433 0.0271 0.0175 0.0167 0.0167 0.0167 0.0167 0.0167 0.0167 0.0167 0.0167 0.0406 0.5074 1.2979 1.5276 1.5375 1.5376 1.5376 1.5376 1.5376 1.5376 1.5376 0.1144 0.0749 0.0584 0.0563 0.0563 0.0563 0.0563 0.0563 0.0563 0.0563 0.0565  
52609 12 0.9774 0.9523 0.0019 0.0018 11343969.4038 20193.2603 5539806273.2280 1325399.3536 291832.4978 89118993.3984 1564667533.0001 3189420452.9019 3500189566.6348 2736811507.7423 1570925443.4052 678792294.4112 230624913.1225 88390337.7319 0.9656 0.2283 0.0024 0.0018 0.0019 0.0020 0.0020 0.0020 0.0020 0.0020 0.0021 0.1341 0.0185 0.1363 0.2773 0.3800 0.4347 0.4708 0.5142 0.5471 0.5637 0.5690 1.1640 0.1795 0.0755 0.0727 0.0691 0.0663 0.0659 0.0659 0.0659 0.0658 0.0655 0.0510  
52609 15 1.0996 1.0725 0.0018 0.0054 11642758.4506 0.0000 2233270052.3635 1063024.0790 5603424609.5891 20507472136.9281 18519968184.2523 10791345166.1560 3229550741.1323 200970823.7455 3643156.7679 120347.5513 222113.6365 360921.3993 0.0000 0.1282 0.0012 0.0003 0.0004 0.0013 0.0186 0.8991 7.5144 5.5287 4.1559 0.0000 0.0037 0.0340 0.0805 0.1143 0.1546 0.1709 0.1721 0.1732 0.1763 0.1805 1.6453 0.2852 0.1983 0.1516 0.1341 0.1333 0.1333 0.1326 0.1088 0.1044 0.1024 0.0000  
52609 29 0.9058 0.9182 0.0179 0.0261 24530556.2180 985371.4981 99119940.6010 103409.1138 52993.3112 7381924.3190 154238945.4885 359591139.1599 400586574.5448 324659873.7460 196189792.6284 92524480.0034 41073105.3669 23153353.5761 0.0548 6.2801 1.2425 0.0441 0.0207 0.0144 0.0263 0.0780 0.1957 0.3598 0.4961 1.0192 0.0008 0.0083 0.0282 0.0621 0.1093 0.1667 0.2325 0.3028 0.3770 0.4303 2.5550 0.3255 0.1148 0.0832 0.0761 0.0668 0.0597 0.0550 0.0510 0.0472 0.0448 0.0367  
52609 30 0.9538 1.1657 0.0025 0.0231 59152084.7515 1428144.0280 504269652.0427 64920.0504 2980948.5076 93173681.4221 146876523.5587 83436873.5950 66274681.3343 61503649.0991 60436926.3538 60378826.1824 60378826.1824 60378826.1824 67.8863 0.0169 0.1716 0.5076 0.2795 0.0437 0.0137 0.0107 0.0106 0.0106 0.0106 0.0106 0.0091 0.1159 0.3994 0.8385 1.2578 1.4239 1.4453 1.4461 1.4461 1.4461 1.4461 0.1768 0.1281 0.0972 0.0721 0.0600 0.0567 0.0563 0.0563 0.0563 0.0563 0.0563  
52609 35 0.8614 0.8617 0.3609 0.4919 8341419.3236 3751.2489 48429644.7309 6918.4271 931439.5224 6314464.7114 12363471.0976 17572033.2897 14889770.9905 10754095.6832 9067096.1680 8750083.5508 8580704.7912 8407700.2918 4.6112 0.4770 1.4662 1.0737 0.3909 0.3447 0.1755 0.0472 0.0206 0.0177 0.0174 0.3646 0.0143 0.1166 0.2528 0.3540 0.4233 0.4819 0.5056 0.5108 0.5152 0.5201 1.4702 0.1375 0.1138 0.0817 0.0746 0.0718 0.0687 0.0664 0.0659 0.0658 0.0658 0.0780  
52609 36 0.8718 0.9038 0.0583 0.1009 156107490.2633 950914.6394 214350439.0459 215181.5478 5648226293.6389 21008170158.9522 22995681992.0176 8455131039.2830 676896281.2832 86103351.8803 72745787.7145 72104546.8039 72104546.8039 72099148.5120 0.0000 0.0985 0.1011 0.1343 0.1350 0.1354 0.1382 0.1388 0.1388 0.1388 0.1388 0.0000 0.0007 0.0052 0.0090 0.0170 0.0213 0.0216 0.0216 0.0216 0.0216 0.0216 1.4359 0.1942 0.1534 0.1339 0.1336 0.1302 0.1052 0.1001 0.0999 0.0999 0.0999 0.0000  
61369 4 1.0737 1.0461 0.0172 0.0161 19683338.0617 16374339.4812 1425891084.0453 204568.6350 562432.1695 33908086.5666 103244679.0473 121779611.8901 122635939.7777 122640627.0202 122640627.0202 122640627.0202 122640627.0202 122640627.0202 187.6439 0.2195 0.0263 0.0162 0.0156 0.0155 0.0155 0.0155 0.0155 0.0155 0.0155 0.0155 0.0406 0.5074 1.2979 1.5276 1.5375 1.5376 1.5376 1.5376 1.5376 1.5376 1.5376 0.1149 0.0781 0.0599 0.0564 0.0563 0.0563 0.0563 0.0563 0.0563 0.0563 0.0567  
61369 12 0.9496 0.9531 0.0019 0.0019 11175236.5480 20047.6605 5312340496.5729 1295440.7764 166324.0753 32300686.0154 769335632.5127 2686993208.6990 3630035751.9040 2901400458.2490 1666824419.8551 719886114.5371 244187265.7617 93215095.6328 0.7863 0.2376 0.0033 0.0018 0.0019 0.0020 0.0020 0.0020 0.0020 0.0020 0.0021 0.1388 0.0185 0.1363 0.2773 0.3800 0.4347 0.4708 0.5142 0.5471 0.5637 0.5690 1.1640 0.1781 0.0748 0.0713 0.0674 0.0660 0.0659 0.0659 0.0659 0.0658 0.0656 0.0502  
61369 15 1.0642 1.0167 0.0019 0.0041 10716026.0769 0.0000 2286642426.0051 1168937.7277 5416932914.5503 21599775038.7331 18433327133.8599 11235342089.1589 3369757099.6262 209700582.8860 3802133.1546 104860.1934 148006.3268 206857.1767 0.0000 0.0789 0.0008 0.0003 0.0004 0.0010 0.0144 0.7197 8.1558 6.6434 5.3692 0.0000 0.0037 0.0340 0.0805 0.1143 0.1546 0.1709 0.1721 0.1732 0.1763 0.1805 1.6453 0.2803 0.1996 0.1510 0.1340 0.1333 0.1333 0.1328 0.1104 0.1063 0.1039 0.0000  
61369 29 0.8589 0.9126 0.0209 0.0262 23821751.5443 1007205.2203 83045375.2653 93664.8085 17080.0366 6052016.4568 128354484.0157 302667425.2883 354687501.8418 309867737.8050 185785816.9167 76384834.8769 27149002.3502 12671394.6855 0.0137 6.2601 0.6550 0.0323 0.0211 0.0174 0.0340 0.0988 0.2567 0.4790 0.6508 1.3463 0.0008 0.0083 0.0282 0.0621 0.1093 0.1667 0.2325 0.3028 0.3770 0.4303 2.5550 0.3295 0.1019 0.0829 0.0758 0.0662 0.0593 0.0553 0.0519 0.0483 0.0460 0.0367  
61369 30 1.3077 1.0004 0.0035 0.0254 64892943.8231 1318428.3530 584798474.6665 61918.1012 2181877.1446 64691797.4940 111415071.0306 90611576.3765 81800940.0163 71121197.7576 68690071.8683 68564113.4193 68564113.4193 68564113.4193 77.0894 0.0230 0.2078 0.5365 0.2850 0.0487 0.0154 0.0125 0.0123 0.0123 0.0123 0.0123 0.0091 0.1159 0.3994 0.8385 1.2578 1.4239 1.4453 1.4461 1.4461 1.4461 1.4461 0.1770 0.1255 0.0938 0.0714 0.0601 0.0567 0.0563 0.0563 0.0563 0.0563 0.0563  
61369 35 0.7718 0.8961 0.2167 0.5952 6917995.8094 48814.5876 39057784.7657 5959.6126 996024.1198 7174877.2934 10012837.4540 12942976.2604 11351856.3540 9129971.9525 8220054.7412 8031098.8175 7886324.0640 7728653.0649 3.4392 0.5556 1.5544 1.4441 0.4319 0.3570 0.1652 0.0450 0.0224 0.0200 0.0197 0.3936 0.0143 0.1166 0.2528 0.3540 0.4233 0.4819 0.5056 0.5108 0.5152 0.5201 1.4702 0.1372 0.1146 0.0832 0.0749 0.0714 0.0682 0.0663 0.0659 0.0658 0.0658 0.0797  
61369 36 0.9419 0.9860 0.0585 0.1010 138564334.9198 850749.7385 190317534.3195 187603.2901 7506086764.7136 21311701172.5741 20673568010.3786 7593078765.4231 600409646.0690 69284064.3283 57275555.5397 56699887.5689 56699887.5689 56695642.5864 0.0000 0.0986 0.1010 0.1331 0.1345 0.1350 0.1394 0.1404 0.1405 0.1405 0.1405 0.0000 0.0007 0.0052 0.0090 0.0170 0.0213 0.0216 0.0216 0.0216 0.0216 0.0216 1.4359 0.1943 0.1587 0.1339 0.1337 0.1306 0.1058 0.1002 0.0999 0.0999 0.0999 0.0000  
70129 4 0.9752 0.9974 0.0184 0.0167 21058961.8873 16335499.2991 1449974043.8443 219650.2023 251066.2143 20192497.5237 92782178.7007 124033498.2597 125716280.3641 125725362.4394 125725362.4394 125725362.4394 125725362.4394 125725362.4394 191.8886 0.2435 0.0268 0.0172 0.0164 0.0163 0.0163 0.0163 0.0163 0.0163 0.0163 0.0164 0.0406 0.5074 1.2979 1.5276 1.5375 1.5376 1.5376 1.5376 1.5376 1.5376 1.5376 0.1142 0.0751 0.0587 0.0564 0.0563 0.0563 0.0563 0.0563 0.0563 0.0563 0.0565  
70129 12 0.9360 0.9535 0.0020 0.0019 10877574.9785 23705.9497 5018275345.6759 1230136.4780 309771.4866 13398434.6338 455618385.4858 2397270942.1419 3528497118.5267 2842060474.5569 1633221948.4342 705264453.0661 239100755.0016 91154763.4736 0.6978 0.2418 0.0104 0.0019 0.0020 0.0020 0.0020 0.0020 0.0020 0.0020 0.0021 0.1290 0.0185 0.1363 0.2773 0.3800 0.4347 0.4708 0.5142 0.5471 0.5637 0.5690 1.1640 0.1824 0.0768 0.0695 0.0665 0.0660 0.0659 0.0659 0.0659 0.0658 0.0656 0.0535  
70129 15 0.9700 1.0218 0.0015 0.0035 9623547.4511 0.0000 2291338583.7078 1244004.4964 5257490587.8699 23395152163.9122 18906383872.7634 11070221757.7372 3314541270.0214 206250046.4620 3722766.6536 77844.8851 96235.3898 121319.8495 0.0000 0.0815 0.0008 0.0003 0.0004 0.0009 0.0124 0.6227 8.5512 7.5533 6.5356 0.0000 0.0037 0.0340 0.0805 0.1143 0.1546 0.1709 0.1721 0.1732 0.1763 0.1805 1.6453 0.2798 0.1994 0.1511 0.1340 0.1333 0.1333 0.1329 0.1119 0.1087 0.1061 0.0000  
70129 29 0.8032 0.9103 0.0255 0.0344 21109521.1312 979670.1766 69187200.6955 80448.2324 48453.1203 5185429.7105 107739142.5234 254481947.1600 311884383.8915 291742381.0230 172670325.4855 61052329.1620 16421546.7394 6131313.0642 0.0020 6.2037 1.5568 0.0520 0.0238 0.0221 0.0409 0.1081 0.2969 0.6103 0.8358 1.8715 0.0008 0.0083 0.0282 0.0621 0.1093 0.1667 0.2325 0.3028 0.3770 0.4303 2.5550 0.3173 0.1207 0.0833 0.0757 0.0657 0.0589 0.0557 0.0531 0.0498 0.0476 0.0367  
70129 30 0.9034 0.9731 0.0022 0.0215 61897766.4673 1288343.6479 644610379.5061 80972.2570 2278917.3013 53878491.5902 74969156.9442 54790823.5736 73427626.2520 81501461.0067 82176224.8225 82191286.2483 82191286.2483 82191286.2483 92.4110 0.0208 0.2957 0.7521 0.3026 0.0403 0.0131 0.0104 0.0103 0.0103 0.0103 0.0103 0.0091 0.1159 0.3994 0.8385 1.2578 1.4239 1.4453 1.4461 1.4461 1.4461 1.4461 0.1785 0.1285 0.0958 0.0690 0.0592 0.0567 0.0563 0.0563 0.0563 0.0563 0.0563  
70129 35 0.7711 0.8325 0.2085 0.6440 5959208.3547 55316.5002 34001029.6521 4599.8230 543547.0716 3747634.2611 6780510.0325 8415496.0498 8055374.8922 7611763.2210 7420712.9205 7350299.5444 7228536.7568 7085353.7908 2.2406 0.5633 1.7327 1.4918 0.5215 0.4050 0.1657 0.0454 0.0246 0.0224 0.0222 0.4815 0.0143 0.1166 0.2528 0.3540 0.4233 0.4819 0.5056 0.5108 0.5152 0.5201 1.4702 0.1378 0.1141 0.0830 0.0749 0.0709 0.0677 0.0662 0.0659 0.0658 0.0658 0.0796  
70129 36 0.8433 0.8795 0.0587 0.1009 122017506.3178 832413.8496 164407242.3522 176705.5710 5641744812.3362 17533308588.2102 17804979179.7736 6537866318.0252 513072678.3160 55461719.4341 45115344.6869 44619778.9240 44619778.9240 44616438.3498 0.0000 0.0984 0.1008 0.1346 0.1351 0.1355 0.1388 0.1397 0.1397 0.1397 0.1397 0.0000 0.0007 0.0052 0.0090 0.0170 0.0213 0.0216 0.0216 0.0216 0.0216 0.0216 1.4359 0.1943 0.1559 0.1339 0.1337 0.1309 0.1064 0.1002 0.0999 0.0999 0.0999 0.0000  
78889 4 1.0644 1.0453 0.0163 0.0153 19589782.9725 16357026.9067 1517875373.5570 214196.9577 674510.2489 34530335.9953 110267127.6366 129463839.2428 130234511.5808 130237712.4851 130237712.4851 130237712.4851 130237712.4851 130237712.4851 199.0767 0.2143 0.0273 0.0158 0.0145 0.0145 0.0145 0.0145 0.0145 0.0145 0.0145 0.0145 0.0406 0.5074 1.2979 1.5276 1.5375 1.5376 1.5376 1.5376 1.5376 1.5376 1.5376 0.1162 0.0776 0.0598 0.0564 0.0563 0.0563 0.0563 0.0563 0.0563 0.0563 0.0567  
78889 12 0.9317 0.9537 0.0022 0.0020 10730823.5421 26999.1794 4707893543.9239 1151420.5376 743009.1696 8540805.0453 327098645.5186 2196956267.9471 3348346463.1725 2704886259.9098 1554573341.6105 671268410.5654 227536149.0188 86709208.8764 0.7248 0.2150 0.0286 0.0020 0.0021 0.0021 0.0021 0.0021 0.0021 0.0021 0.0022 0.1006 0.0185 0.1363 0.2773 0.3800 0.4347 0.4708 0.5142 0.5471 0.5637 0.5690 1.1640 0.1826 0.0869 0.0678 0.0661 0.0659 0.0659 0.0659 0.0659 0.0658 0.0656 0.0625  
78889 15 0.9953 1.0246 0.0015 0.0033 8880614.4568 0.0000 2312562866.7056 1206730.6102 4315767454.2946 26133155704.6641 19661753130.3490 10810184857.6584 3227601533.3276 200844512.1988 3628979.2009 75821.1875 82466.7749 91531.3085 0.0000 0.1066 0.0008 0.0003 0.0004 0.0009 0.0114 0.5781 8.8053 8.2188 7.5295 0.0000 0.0037 0.0340 0.0805 0.1143 0.1546 0.1709 0.1721 0.1732 0.1763 0.1805 1.6453 0.2782 0.1977 0.1519 0.1341 0.1333 0.1333 0.1330 0.1128 0.1107 0.1086 0.0000  
78889 29 0.7772 0.9137 0.0262 0.0351 16611759.3970 546478.0907 59645835.1277 64615.7898 20612.7615 4346943.6109 91159096.2923 214986223.5691 273594574.6967 271204608.6274 159904236.0880 50541543.1125 10252922.9833 2887320.9740 0.0001 6.1721 1.1746 0.0408 0.0264 0.0280 0.0452 0.0960 0.2581 0.6290 0.9710 3.0864 0.0008 0.0083 0.0282 0.0621 0.1093 0.1667 0.2325 0.3028 0.3770 0.4303 2.5550 0.3089 0.1118 0.0831 0.0757 0.0652 0.0586 0.0560 0.0544 0.0519 0.0497 0.0367  
78889 30 1.3766 1.0176 0.0165 0.0277 80927456.9841 53364.5712 653042271.6506 73149.5745 3706098.8018 74605951.7803 69753866.1168 40422858.2270 64828252.7270 84101139.8187 87168457.2639 87303318.0649 87303318.0649 87303318.0649 98.1586 0.0371 0.4112 1.0461 0.5852 0.0488 0.0185 0.0169 0.0169 0.0169 0.0169 0.0169 0.0091 0.1159 0.3994 0.8385 1.2578 1.4239 1.4453 1.4461 1.4461 1.4461 1.4461 0.1773 0.1306 0.1003 0.0712 0.0581 0.0564 0.0563 0.0563 0.0563 0.0563 0.0563  
78889 35 0.7946 0.8981 0.2102 0.7379 4599422.2811 85932.4370 27877304.2876 3546.7126 617223.5453 4222197.2510 5232121.1983 5882426.9662 6096260.7380 6546123.2759 6717446.8194 6708445.0049 6603199.2888 6473243.4652 1.5817 0.4522 1.7072 1.8892 0.5555 0.3817 0.1410 0.0427 0.0270 0.0253 0.0252 0.4933 0.0143 0.1166 0.2528 0.3540 0.4233 0.4819 0.5056 0.5108 0.5152 0.5201 1.4702 0.1383 0.1150 0.0844 0.0751 0.0702 0.0672 0.0661 0.0659 0.0658 0.0658 0.0820  
78889 36 0.8995 0.9259 0.0584 0.1012 107049671.1760 540244.4599 148510966.0518 149015.3222 4871710424.5041 15654366442.5953 16143536680.0511 5924693816.8491 459981890.9624 44911731.3058 35527186.7920 35078228.4659 35078228.4659 35075602.2444 0.0000 0.0986 0.1012 0.1345 0.1354 0.1358 0.1396 0.1407 0.1407 0.1407 0.1407 0.0000 0.0007 0.0052 0.0090 0.0170 0.0213 0.0216 0.0216 0.0216 0.0216 0.0216 1.4359 0.1943 0.1566 0.1339 0.1337 0.1312 0.1070 0.1003 0.0999 0.0999 0.0999 0.0000  
87673 4 1.0178 1.0082 0.0161 0.0157 20858833.9924 15802206.9355 1546846010.2356 227995.8321 326373.6731 24195232.7289 103171228.6324 133138374.4613 134635794.6058 134643167.3830 134643167.3830 134643167.3830 134643167.3830 134643167.3830 205.4663 0.2302 0.0275 0.0165 0.0150 0.0149 0.0149 0.0149 0.0149 0.0149 0.0149 0.0149 0.0406 0.5074 1.2979 1.5276 1.5375 1.5376 1.5376 1.5376 1.5376 1.5376 1.5376 0.1149 0.0755 0.0590 0.0564 0.0563 0.0563 0.0563 0.0563 0.0563 0.0563 0.0565  
87673 12 0.9325 0.9540 0.0023 0.0022 10688123.0855 34607.8980 4405595476.4927 1072779.0047 1310974.8199 10813069.2312 277522933.9762 2039967596.7491 3144033737.8005 2542178536.9140 1461117920.2530 630909882.2200 213851089.1558 81489486.1999 0.7699 0.1985 0.0334 0.0021 0.0022 0.0022 0.0022 0.0022 0.0023 0.0023 0.0023 0.0743 0.0185 0.1363 0.2773 0.3800 0.4347 0.4708 0.5142 0.5471 0.5637 0.5690 1.1640 0.1816 0.0996 0.0669 0.0660 0.0659 0.0659 0.0659 0.0659 0.0658 0.0656 0.0742  
87673 15 0.9978 1.1130 0.0020 0.0038 21710228.8312 0.0000 2362424551.4442 1201113.0705 6135023841.3921 34528720236.4614 20515254468.1390 10492478739.7915 3122958642.9207 194348198.4379 3527272.6023 87540.6929 88731.0649 90354.7558 0.0000 0.2801 0.0026 0.0002 0.0003 0.0009 0.0141 0.7099 8.9247 8.6829 8.3596 0.0000 0.0037 0.0340 0.0805 0.1143 0.1546 0.1709 0.1721 0.1732 0.1763 0.1805 1.6453 0.2836 0.2016 0.1529 0.1342 0.1333 0.1333 0.1329 0.1135 0.1125 0.1114 0.0000  
87673 29 0.7363 0.9148 0.0305 0.0453 13653052.4545 510918.4756 52803176.3511 50217.7029 12101.1599 3629691.5905 76330879.2173 181983460.2451 240560473.4700 248042204.7511 146520515.5307 43811049.2608 7416030.0484 1640847.1811 0.0000 6.0892 1.1260 0.0617 0.0397 0.0338 0.0476 0.0835 0.2043 0.5595 1.0040 5.8144 0.0008 0.0083 0.0282 0.0621 0.1093 0.1667 0.2325 0.3028 0.3770 0.4303 2.5550 0.2972 0.1092 0.0830 0.0756 0.0648 0.0584 0.0561 0.0552 0.0538 0.0522 0.0367  
87673 30 0.9062 0.9175 0.0043 0.0224 73124242.7620 382760.5704 641087524.3033 100695.2013 3155373.8100 46856183.7910 37791949.0061 25279655.4664 60249711.9374 83742411.2621 87365812.8755 87523119.4528 87523119.4528 87523119.4528 98.4058 0.0373 0.6533 1.5029 0.5892 0.0369 0.0151 0.0141 0.0141 0.0141 0.0141 0.0141 0.0091 0.1159 0.3994 0.8385 1.2578 1.4239 1.4453 1.4461 1.4461 1.4461 1.4461 0.1780 0.1325 0.1020 0.0683 0.0575 0.0564 0.0563 0.0563 0.0563 0.0563 0.0563  
87673 35 0.8094 0.8646 0.1974 0.7447 3546475.2605 117150.1696 29431349.6331 2818.1223 334037.2294 2329324.2204 3505622.7206 4054836.1796 4746416.2310 5701820.4113 6076343.9427 6103131.0713 6011178.4399 5893496.9450 1.0673 0.5209 1.8948 1.9776 0.5453 0.3398 0.1170 0.0411 0.0296 0.0284 0.0283 0.5000 0.0143 0.1166 0.2528 0.3540 0.4233 0.4819 0.5056 0.5108 0.5152 0.5201 1.4702 0.1382 0.1145 0.0843 0.0750 0.0695 0.0669 0.0660 0.0659 0.0658 0.0658 0.0822  
87673 36 0.9031 0.9281 0.0588 0.1009 93238902.5205 743451.3502 134312750.2147 134033.0676 4158031152.4094 14002026443.9471 14737086768.7144 5406108380.0281 415659735.9003 36612068.1059 28041977.2794 27632421.7285 27632421.7285 27630352.9563 0.0000 0.0980 0.1008 0.1336 0.1345 0.1347 0.1377 0.1387 0.1387 0.1387 0.1387 0.0000 0.0007 0.0052 0.0090 0.0170 0.0213 0.0216 0.0216 0.0216 0.0216 0.0216 1.4359 0.1943 0.1560 0.1339 0.1337 0.1315 0.1079 0.1003 0.0999 0.0999 0.0999 0.0000  
96433 4 1.0092 1.0090 0.0159 0.0148 19181703.1540 16758073.3249 1556782873.1135 232058.7070 346588.5362 23989554.4917 102859996.6198 135003879.3240 136701273.9004 136710254.6916 136710254.6916 136710254.6916 136710254.6916 136710254.6916 208.6568 0.1998 0.0253 0.0153 0.0141 0.0140 0.0140 0.0140 0.0140 0.0140 0.0140 0.0140 0.0406 0.5074 1.2979 1.5276 1.5375 1.5376 1.5376 1.5376 1.5376 1.5376 1.5376 0.1145 0.0762 0.0588 0.0564 0.0563 0.0563 0.0563 0.0563 0.0563 0.0563 0.0565  
96433 12 0.9325 0.9545 0.0025 0.0023 10710055.8394 39395.3677 4120302873.5841 1000314.0706 2344261.4233 16958472.1165 253527758.3718 1902662328.4270 2942620029.2971 2380010491.3923 1367932069.7941 590675650.6737 200217343.1625 76297913.7534 0.9586 0.1946 0.0324 0.0022 0.0024 0.0024 0.0024 0.0024 0.0024 0.0024 0.0025 0.0555 0.0185 0.1363 0.2773 0.3800 0.4347 0.4708 0.5142 0.5471 0.5637 0.5690 1.1640 0.1835 0.1041 0.0667 0.0659 0.0659 0.0659 0.0659 0.0659 0.0658 0.0656 0.0850  
96433 15 0.9508 0.9568 0.0020 0.0042 8790918.7309 0.0000 2371406402.7648 1198420.2102 3694367044.8868 31698663387.9219 21309746715.5181 10420417835.1120 3093222545.6352 192500180.7627 3496210.4562 88441.6735 87301.4773 85746.3015 0.0000 0.1000 0.0005 0.0001 0.0002 0.0009 0.0156 0.7835 9.0636 8.9618 8.8174 0.0000 0.0037 0.0340 0.0805 0.1143 0.1546 0.1709 0.1721 0.1732 0.1763 0.1805 1.6453 0.2709 0.1949 0.1536 0.1343 0.1333 0.1333 0.1328 0.1137 0.1133 0.1128 0.0000  
96433 29 0.7590 0.9185 0.0327 0.0475 10050616.1347 345071.6009 48572438.3599 36976.8330 10540.2500 3067693.6419 64046628.0632 151964168.7153 208693057.1117 227692708.7795 137209378.3585 40674807.8732 6558975.3765 1335783.9417 0.0000 6.1113 1.2831 0.0663 0.0408 0.0355 0.0478 0.0724 0.1537 0.4248 0.8445 6.4339 0.0008 0.0083 0.0282 0.0621 0.1093 0.1667 0.2325 0.3028 0.3770 0.4303 2.5550 0.2883 0.1120 0.0831 0.0755 0.0644 0.0581 0.0562 0.0555 0.0548 0.0540 0.0367  
96433 30 1.1983 0.9208 0.0166 0.0241 63721012.3098 42591.9988 609932734.5264 91248.3377 3120011.1172 31170384.1170 16844292.6078 15411198.4139 53510711.6804 80315118.9786 84634625.5982 84826715.4133 84826715.4133 84826715.4133 95.3741 0.0585 0.9331 2.0632 0.7128 0.0350 0.0192 0.0185 0.0185 0.0185 0.0185 0.0185 0.0091 0.1159 0.3994 0.8385 1.2578 1.4239 1.4453 1.4461 1.4461 1.4461 1.4461 0.1781 0.1350 0.1054 0.0667 0.0569 0.0563 0.0563 0.0563 0.0563 0.0563 0.0563  
96433 35 0.8578 0.9995 0.2376 0.7952 2817956.6020 178084.0786 24621001.1655 2280.9283 541369.2976 3779953.3263 4911761.2687 4068497.5098 4238196.2333 5174267.2374 5549473.2429 5579281.4221 5495958.3650 5388659.7992 1.1880 0.5914 2.0566 2.3584 0.5039 0.2430 0.0838 0.0324 0.0249 0.0241 0.0240 0.3971 0.0143 0.1166 0.2528 0.3540 0.4233 0.4819 0.5056 0.5108 0.5152 0.5201 1.4702 0.1385 0.1152 0.0862 0.0762 0.0693 0.0667 0.0660 0.0659 0.0658 0.0658 0.0875  
96433 36 0.8993 0.9107 0.0567 0.0974 85963061.3009 697406.3494 125395493.0110 121041.5000 2924526502.8863 12005778014.6501 13592720208.8479 4985187637.0924 379959828.6011 30171466.6019 22262916.4920 21885335.8692 21885335.8692 21883697.3674 0.0000 0.0930 0.0962 0.1278 0.1285 0.1288 0.1321 0.1333 0.1333 0.1333 0.1333 0.0000 0.0007 0.0052 0.0090 0.0170 0.0213 0.0216 0.0216 0.0216 0.0216 0.0216 1.4359 0.1942 0.1529 0.1339 0.1337 0.1318 0.1088 0.1004 0.0998 0.0998 0.0998 0.0000  
