8761 4 0.7964 0.7996 0.1624 0.1953 24028263.4390 21525163.7385 219662723.1596 28112.4807 597117.5656 30015785.0037 33485345.4810 12540876.8367 11085790.6066 11077412.2781 11077412.2781 11077412.2781 11077412.2781 11077412.2781 17.8081 0.5052 0.2509 0.2293 0.2101 0.2041 0.2040 0.2040 0.2040 0.2040 0.2040 0.2072 0.0406 0.5074 1.2979 1.5276 1.5375 1.5376 1.5376 1.5376 1.5376 1.5376 1.5376 0.1129 0.0805 0.0664 0.0577 0.0563 0.0563 0.0563 0.0563 0.0563 0.0563 0.0624  
8761 12 1.6315 0.6928 0.0181 0.0308 16642320.0132 3674475.7637 1234940142.2864 43080.4120 794096446.8992 4131236718.5549 1515670713.7838 338974557.9696 94054598.7294 54041979.4615 33385411.7578 18304690.7074 10726946.7531 8321461.0581 180.4185 0.5656 0.0189 0.0273 0.0420 0.0469 0.0483 0.0492 0.0510 0.0536 0.0554 0.0344 0.0185 0.1363 0.2773 0.3800 0.4347 0.4708 0.5142 0.5471 0.5637 0.5690 1.1640 0.1875 0.1143 0.0852 0.0732 0.0676 0.0657 0.0651 0.0639 0.0621 0.0609 0.1106  
8761 15 0.5341 0.6274 0.2007 0.1784 580409218.7385 0.0000 1692364303.5283 320775.0726 880452306.4465 11477893015.5467 9437923934.1506 3142951206.8186 1526383259.5846 929267624.3215 888670362.8511 879696426.2548 855476624.5761 822441486.7739 0.0000 1.1146 0.0101 0.0021 0.0361 0.2499 0.4551 0.4747 0.4754 0.4762 0.4774 0.0000 0.0037 0.0340 0.0805 0.1143 0.1546 0.1709 0.1721 0.1732 0.1763 0.1805 1.6453 0.2783 0.1994 0.1553 0.1332 0.1231 0.1147 0.1139 0.1138 0.1138 0.1137 0.0000  
8761 29 1.3516 0.6462 0.0751 0.1155 72528442.3062 194013960.4865 219362804.7328 172981.9854 2447605.5747 336965568.2038 799621427.4588 706501479.7229 516583488.5906 350390398.9214 236152370.3101 173162919.7582 146265587.8743 137105449.5233 1.7870 4.9147 1.3132 0.2740 0.0727 0.0443 0.0905 0.2775 0.5020 0.6235 0.6678 0.7889 0.0008 0.0083 0.0282 0.0621 0.1093 0.1667 0.2325 0.3028 0.3770 0.4303 2.5550 0.1649 0.1185 0.1040 0.0842 0.0693 0.0597 0.0529 0.0479 0.0442 0.0421 0.0367  
8761 30 0.0918 0.8894 0.0170 0.0369 20971401.3585 30376.1413 167575087.4381 2872.7591 17.9500 4376.4422 1236373.8639 11110493.9373 20274745.4804 21258525.1848 21143823.5248 21133471.3628 21133471.3628 21133471.3628 23.7612 0.9875 3.4196 0.8422 0.1986 0.0636 0.0301 0.0244 0.0241 0.0241 0.0241 0.0241 0.0091 0.1159 0.3994 0.8385 1.2578 1.4239 1.4453 1.4461 1.4461 1.4461 1.4461 0.1346 0.0860 0.0686 0.0638 0.0595 0.0568 0.0563 0.0563 0.0563 0.0563 0.0563  
8761 35 1.0807 0.4567 0.2878 0.5725 12239064.0731 1896079.3998 110218856.7160 13568.4645 3693520.3931 41008577.5709 59827536.2009 66039581.2701 45804736.8322 23388055.3895 14388890.7440 12881808.8857 12524727.5337 12260206.8498 18.5677 0.4731 1.8606 1.8132 0.2512 0.1887 0.1323 0.0627 0.0434 0.0411 0.0409 0.1948 0.0143 0.1166 0.2528 0.3540 0.4233 0.4819 0.5056 0.5108 0.5152 0.5201 1.4702 0.1351 0.1128 0.0839 0.0758 0.0726 0.0699 0.0669 0.0660 0.0659 0.0658 0.0815  
8761 36 0.3361 0.5429 0.0441 0.1025 170728069.2243 1915672.7104 279326567.7037 59284.7528 31134066248.4554 47829204340.2585 25068370436.9574 9283202345.6272 885698041.1502 247868692.6485 233447593.0159 232739841.4919 232739841.4919 232722416.8266 0.0000 1.3295 0.1367 0.1409 0.1412 0.1448 0.1539 0.1546 0.1547 0.1547 0.1547 0.0000 0.0007 0.0052 0.0090 0.0170 0.0213 0.0216 0.0216 0.0216 0.0216 0.0216 1.4359 0.1897 0.1720 0.1292 0.1283 0.1196 0.0978 0.0961 0.0960 0.0960 0.0960 0.0000  
17545 4 3.9220 1.6169 0.0615 0.0672 16223092.0067 4451714.3263 441387207.7658 11079.9357 837984.9062 43494340.1824 54447061.3887 28143842.0144 26241289.1852 26229853.4143 26229853.4143 26229853.4143 26229853.4143 26229853.4143 41.3317 0.1997 0.0640 0.0557 0.0467 0.0451 0.0451 0.0451 0.0451 0.0451 0.0451 0.0454 0.0406 0.5074 1.2979 1.5276 1.5375 1.5376 1.5376 1.5376 1.5376 1.5376 1.5376 0.1123 0.0799 0.0649 0.0572 0.0563 0.0563 0.0563 0.0563 0.0563 0.0563 0.0597  
17545 12 1.7294 1.8104 0.0092 0.0132 18216141.0409 201281.7128 3001711949.4127 676277.4225 1619446031.6531 8169816469.9083 4326049764.8197 1678814075.4521 312785220.7271 113922200.5261 64546096.2754 31410459.4205 14762907.8477 9478991.6833 340.0154 0.1041 0.0037 0.0083 0.0138 0.0161 0.0173 0.0176 0.0180 0.0188 0.0195 0.0044 0.0185 0.1363 0.2773 0.3800 0.4347 0.4708 0.5142 0.5471 0.5637 0.5690 1.1640 0.1859 0.1094 0.0823 0.0739 0.0699 0.0661 0.0654 0.0645 0.0629 0.0614 0.1106  
17545 15 1.3766 1.4067 0.1547 0.1400 304560645.6121 0.0000 2013748126.2313 574616.2156 1614283370.3908 22456982421.3739 17363788684.1966 4575542617.6190 1647451618.4465 580966140.4155 510485707.2439 504384590.4777 490189881.5670 470828687.4537 0.0000 0.2327 0.0018 0.0005 0.0140 0.1394 0.3998 0.4422 0.4433 0.4440 0.4450 0.0000 0.0037 0.0340 0.0805 0.1143 0.1546 0.1709 0.1721 0.1732 0.1763 0.1805 1.6453 0.2862 0.1996 0.1571 0.1347 0.1271 0.1157 0.1139 0.1139 0.1138 0.1137 0.0000  
17545 29 1.0296 0.8609 0.0583 0.0976 34254207.1488 666213.5516 188437302.9056 146859.9397 839586.8027 123114473.0686 453405941.2295 637935098.0729 558246510.3841 373107689.9739 230880347.6452 153044554.4820 116546743.2228 102250929.1612 1.0830 3.5767 0.6196 0.3048 0.0563 0.0111 0.0154 0.0433 0.1047 0.1917 0.2548 0.4641 0.0008 0.0083 0.0282 0.0621 0.1093 0.1667 0.2325 0.3028 0.3770 0.4303 2.5550 0.2256 0.1137 0.0976 0.0806 0.0688 0.0605 0.0540 0.0487 0.0446 0.0424 0.0367  
17545 30 2.3925 2.5678 0.0030 0.0064 2860527.2112 2087146.4725 187917664.0086 28688.0717 4914283.3695 131463123.7472 195719596.3755 65752214.7847 21855741.4829 21978195.7001 22675085.0594 22713562.9567 22713562.9567 22713562.9567 25.5378 0.0026 0.0102 0.0380 0.0427 0.0074 0.0031 0.0026 0.0026 0.0026 0.0026 0.0026 0.0091 0.1159 0.3994 0.8385 1.2578 1.4239 1.4453 1.4461 1.4461 1.4461 1.4461 0.1811 0.1299 0.1018 0.0806 0.0599 0.0565 0.0563 0.0563 0.0563 0.0563 0.0563  
17545 35 1.0056 0.8303 0.2235 0.3112 11140627.5488 2361.8173 88804762.0944 10831.4416 754898.2323 10060620.3816 38627486.3903 58611610.1500 44076500.7418 22407881.7546 13634855.2701 12167356.8262 11824703.9823 11573417.9276 15.4172 0.4967 1.6082 0.7179 0.1863 0.1782 0.1186 0.0360 0.0115 0.0086 0.0083 0.1705 0.0143 0.1166 0.2528 0.3540 0.4233 0.4819 0.5056 0.5108 0.5152 0.5201 1.4702 0.1363 0.1088 0.0810 0.0748 0.0726 0.0702 0.0670 0.0660 0.0659 0.0658 0.0774  
17545 36 0.8857 0.9044 0.0178 0.0789 59283645.2454 1054253.9891 266048861.5512 293617.5523 23345427905.0034 40186497492.9109 25264147200.1371 9337315143.6426 849433039.9452 204739088.1098 190162800.8235 189452002.0530 189452002.0530 189437818.2429 0.0000 0.0660 0.0710 0.0934 0.0945 0.0970 0.1052 0.1060 0.1060 0.1060 0.1060 0.0000 0.0007 0.0052 0.0090 0.0170 0.0213 0.0216 0.0216 0.0216 0.0216 0.0216 1.4359 0.1944 0.1715 0.1338 0.1331 0.1258 0.1021 0.0999 0.0997 0.0997 0.0997 0.0000  
26305 4 2.4015 1.5456 0.0270 0.0344 10880592.5117 35021462.0841 755503964.6725 43455.2859 1618600.0973 77576364.0939 98441092.1472 53163989.1641 49813339.6121 49792113.2827 49792113.2827 49792113.2827 49792113.2827 49792113.2827 78.3681 0.1640 0.0390 0.0324 0.0282 0.0274 0.0274 0.0274 0.0274 0.0274 0.0274 0.0277 0.0406 0.5074 1.2979 1.5276 1.5375 1.5376 1.5376 1.5376 1.5376 1.5376 1.5376 0.1137 0.0802 0.0647 0.0570 0.0563 0.0563 0.0563 0.0563 0.0563 0.0563 0.0592  
26305 12 1.0058 0.9499 0.0051 0.0063 20169506.5550 238555.4244 4382407481.8801 1169575.6415 84449757.6851 2820020891.6596 6694592309.3811 3980325515.9629 876972305.1716 373947353.5491 208602320.0935 93151314.7675 35152486.0757 16745014.1995 30.6127 0.0536 0.0032 0.0047 0.0062 0.0067 0.0072 0.0074 0.0076 0.0082 0.0090 0.0096 0.0185 0.1363 0.2773 0.3800 0.4347 0.4708 0.5142 0.5471 0.5637 0.5690 1.1640 0.1340 0.0938 0.0787 0.0735 0.0701 0.0662 0.0657 0.0653 0.0644 0.0630 0.1093  
26305 15 1.0809 0.9840 0.1658 0.3736 574549399.8507 0.0000 2027937699.2877 791003.2809 533396998.0294 16671036437.7017 21724309688.5170 7618195394.9409 2229252605.7305 167657827.1269 33336198.5563 30947650.5285 31044646.5478 31176961.2831 0.0000 0.1505 0.0008 0.0006 0.0136 0.1729 1.3461 2.6271 2.6828 2.6513 2.6070 0.0000 0.0037 0.0340 0.0805 0.1143 0.1546 0.1709 0.1721 0.1732 0.1763 0.1805 1.6453 0.2780 0.1793 0.1560 0.1351 0.1319 0.1231 0.1144 0.1138 0.1136 0.1133 0.0000  
26305 29 0.9335 0.8776 0.0312 0.1042 27862866.6502 837218.0127 162488443.2450 151207.4049 109813.5421 22210762.8767 239317299.5070 536306475.3925 566596110.6778 387480675.8438 226068729.2964 135551249.0632 92479909.8736 75591096.7750 0.6377 4.8056 1.3834 0.3483 0.0447 0.0100 0.0148 0.0432 0.1069 0.1973 0.2641 0.4929 0.0008 0.0083 0.0282 0.0621 0.1093 0.1667 0.2325 0.3028 0.3770 0.4303 2.5550 0.2533 0.1088 0.0877 0.0769 0.0678 0.0608 0.0545 0.0493 0.0451 0.0428 0.0367  
26305 30 1.2727 1.0149 0.0037 0.0197 28676175.7543 5445665.2728 281670384.3709 68635.1601 1519562.4206 55685363.6772 166102606.0526 135232532.1091 56049262.2105 28368101.0911 25306232.6143 25197704.4459 25197704.4459 25197704.4459 28.3308 0.0100 0.0346 0.0798 0.1633 0.0466 0.0084 0.0067 0.0066 0.0066 0.0066 0.0066 0.0091 0.1159 0.3994 0.8385 1.2578 1.4239 1.4453 1.4461 1.4461 1.4461 1.4461 0.1806 0.1195 0.0902 0.0752 0.0636 0.0571 0.0563 0.0563 0.0563 0.0563 0.0563  
26305 35 0.9533 0.8643 0.2262 0.2642 10470958.6444 3681.1729 75621846.4656 10891.6502 361784.6378 4536536.2448 24500730.2476 47825161.9888 38219870.8327 20070237.7412 12681486.5085 11438671.3796 11129852.6941 10893848.0143 11.9931 0.4736 1.4789 0.5176 0.2030 0.1989 0.1297 0.0396 0.0136 0.0105 0.0102 0.1947 0.0143 0.1166 0.2528 0.3540 0.4233 0.4819 0.5056 0.5108 0.5152 0.5201 1.4702 0.1380 0.1079 0.0793 0.0742 0.0726 0.0701 0.0669 0.0660 0.0659 0.0658 0.0758  
26305 36 0.9403 0.9156 0.0480 0.0949 167682808.2104 1063242.8611 244264907.2384 260060.7228 18737034532.4584 34821638606.6927 24117866225.6879 8898030877.5745 780289563.1043 163709524.6817 149768895.4473 149092296.5309 149092296.5309 149081134.3536 0.0000 0.0985 0.1002 0.1333 0.1346 0.1355 0.1393 0.1397 0.1397 0.1397 0.1397 0.0000 0.0007 0.0052 0.0090 0.0170 0.0213 0.0216 0.0216 0.0216 0.0216 0.0216 1.4359 0.1945 0.1696 0.1340 0.1334 0.1271 0.1027 0.1000 0.0999 0.0999 0.0999 0.0000  
35065 4 1.4613 1.2428 0.0447 0.0433 41250521.5186 10558687.6565 1031238408.2317 104358.8875 1272216.6248 67303730.3308 109314702.4597 79851626.6852 77457329.7498 77442287.5533 77442287.5533 77442287.5533 77442287.5533 77442287.5533 119.9329 0.2102 0.0539 0.0464 0.0424 0.0420 0.0420 0.0420 0.0420 0.0420 0.0420 0.0418 0.0406 0.5074 1.2979 1.5276 1.5375 1.5376 1.5376 1.5376 1.5376 1.5376 1.5376 0.1135 0.0788 0.0632 0.0568 0.0563 0.0563 0.0563 0.0563 0.0563 0.0563 0.0579  
35065 12 0.9985 0.9489 0.0026 0.0027 11492455.5201 49360.1547 4732922127.7659 1176408.9003 4959673.0007 675510951.9385 5325322690.1097 4576363351.0428 1633912568.3284 966199094.8099 547935400.8287 238958745.3987 83741770.8843 34480357.2890 2.6828 0.0821 0.0020 0.0022 0.0024 0.0026 0.0027 0.0027 0.0028 0.0029 0.0031 0.0472 0.0185 0.1363 0.2773 0.3800 0.4347 0.4708 0.5142 0.5471 0.5637 0.5690 1.1640 0.1328 0.0842 0.0749 0.0726 0.0686 0.0661 0.0658 0.0657 0.0654 0.0646 0.0904  
35065 15 1.2234 1.0333 0.0116 0.0616 93630983.4417 0.0000 2248216060.1120 854997.1431 557204473.0507 16273191380.0656 21948825151.5950 9625343779.4651 2834779791.8023 176483187.6318 3310181.0130 358896.9729 860484.2920 1544643.4905 0.0000 0.1993 0.0008 0.0002 0.0009 0.0098 0.1834 2.5770 4.9604 3.9295 3.2316 0.0000 0.0037 0.0340 0.0805 0.1143 0.1546 0.1709 0.1721 0.1732 0.1763 0.1805 1.6453 0.2812 0.1788 0.1540 0.1346 0.1333 0.1328 0.1247 0.1109 0.1082 0.1063 0.0000  
35065 29 0.8662 0.9202 0.0188 0.0396 25626301.8469 834223.8935 138393026.5616 141157.6754 37906.7362 7907057.1616 163937830.3902 456113358.1958 549930623.6778 387768500.6030 217977010.5042 118267536.7616 71006283.8674 53131856.1339 0.3359 6.0117 1.2424 0.1006 0.0206 0.0103 0.0162 0.0480 0.1225 0.2319 0.3157 0.6042 0.0008 0.0083 0.0282 0.0621 0.1093 0.1667 0.2325 0.3028 0.3770 0.4303 2.5550 0.2984 0.1095 0.0833 0.0747 0.0670 0.0608 0.0550 0.0499 0.0456 0.0432 0.0367  
35065 30 0.6828 1.1916 0.0026 0.0272 68617315.7410 1490508.6206 409894882.1413 87352.3417 3643347.4802 106418232.2531 179430903.5754 124177661.2094 74848321.0037 45928379.7730 41204848.7910 40992797.7625 40992797.7625 40992797.7625 46.0899 0.0141 0.1418 0.4305 0.2242 0.0563 0.0162 0.0104 0.0102 0.0102 0.0102 0.0102 0.0091 0.1159 0.3994 0.8385 1.2578 1.4239 1.4453 1.4461 1.4461 1.4461 1.4461 0.1796 0.1286 0.0940 0.0718 0.0623 0.0574 0.0563 0.0563 0.0563 0.0563 0.0563  
35065 35 0.8484 0.8665 0.2783 0.3147 9915856.5959 4213.6578 66500281.3437 10382.6370 364694.8205 3788851.8821 16337698.5191 36826050.3065 30740226.2918 17152445.7764 11600669.3026 10655356.9206 10389265.7654 10170915.2047 8.9969 0.4794 1.5033 0.6466 0.2434 0.2325 0.1450 0.0426 0.0151 0.0119 0.0116 0.2363 0.0143 0.1166 0.2528 0.3540 0.4233 0.4819 0.5056 0.5108 0.5152 0.5201 1.4702 0.1366 0.1109 0.0786 0.0739 0.0724 0.0698 0.0668 0.0660 0.0659 0.0658 0.0754  
35065 36 0.8546 0.8713 0.0555 0.0991 155704243.1268 1056627.3490 218948294.0475 244531.7120 13055161076.6016 27793442813.0659 22087596306.7261 8141982226.5649 696209768.9696 130668880.3689 117882233.9274 117263587.1188 117263587.1188 117254807.8796 0.0000 0.0985 0.1005 0.1345 0.1352 0.1360 0.1398 0.1403 0.1403 0.1403 0.1403 0.0000 0.0007 0.0052 0.0090 0.0170 0.0213 0.0216 0.0216 0.0216 0.0216 0.0216 1.4359 0.1944 0.1652 0.1340 0.1335 0.1280 0.1032 0.1000 0.0999 0.0999 0.0999 0.0000  
43825 4 1.2649 1.1251 0.0274 0.0273 24922629.1779 21691400.4370 1200265704.9060 152498.2055 1119790.1142 54341786.3030 106520341.1298 99733169.9218 98871001.4743 98864806.2462 98864806.2462 98864806.2462 98864806.2462 98864806.2462 152.5145 0.2068 0.0346 0.0263 0.0243 0.0241 0.0241 0.0241 0.0241 0.0241 0.0241 0.0242 0.0406 0.5074 1.2979 1.5276 1.5375 1.5376 1.5376 1.5376 1.5376 1.5376 1.5376 0.1143 0.0786 0.0618 0.0566 0.0563 0.0563 0.0563 0.0563 0.0563 0.0563 0.0572  
43825 12 0.9757 0.9507 0.0022 0.0022 11390469.0914 33263.7926 4723431218.8160 1174598.5411 1750024.1851 265799156.7675 3792427806.4428 4022220266.5403 2157774515.5620 1478426091.4486 844143019.8122 366222942.1003 126136778.0906 49940589.8119 1.5317 0.1700 0.0027 0.0021 0.0022 0.0024 0.0025 0.0025 0.0025 0.0025 0.0027 0.0906 0.0185 0.1363 0.2773 0.3800 0.4347 0.4708 0.5142 0.5471 0.5637 0.5690 1.1640 0.1743 0.0779 0.0735 0.0716 0.0674 0.0660 0.0659 0.0658 0.0656 0.0652 0.0610  
43825 15 1.1797 1.1189 0.0024 0.0062 24718226.6376 0.0000 2608448473.3685 1046020.4812 804688270.4537 20196102107.1008 24374269842.1179 11406557892.9635 3373418497.2204 209944901.7217 3836669.5113 198323.0980 425738.6169 735930.7228 0.0000 0.4922 0.0040 0.0002 0.0003 0.0009 0.0143 0.7172 5.9218 3.6226 2.5164 0.0000 0.0037 0.0340 0.0805 0.1143 0.1546 0.1709 0.1721 0.1732 0.1763 0.1805 1.6453 0.2792 0.1862 0.1531 0.1344 0.1333 0.1333 0.1326 0.1050 0.1016 0.1006 0.0000  
43825 29 0.9012 0.9257 0.0141 0.0220 24217271.4867 900196.4810 116249156.0893 122277.8102 31190.4030 4551901.4536 109720628.0034 388285020.1074 537234515.5274 384208899.7092 205361340.2053 99626185.4895 51333226.1960 34261432.3422 0.1483 6.1320 1.2639 0.0403 0.0158 0.0105 0.0183 0.0574 0.1519 0.2921 0.4026 0.7811 0.0008 0.0083 0.0282 0.0621 0.1093 0.1667 0.2325 0.3028 0.3770 0.4303 2.5550 0.3131 0.1127 0.0815 0.0728 0.0664 0.0608 0.0554 0.0506 0.0463 0.0438 0.0367  
43825 30 1.4140 1.1313 0.0268 0.0293 78106852.8367 61941.9178 532667573.0588 59645.0939 4234227.8986 109740773.8053 203399367.2819 138587965.5040 81018881.9901 61355295.8607 58806397.3970 58702224.7991 58702224.7991 58702224.7991 66.0013 0.0236 0.1507 0.4059 0.2729 0.0585 0.0171 0.0128 0.0126 0.0126 0.0126 0.0126 0.0091 0.1159 0.3994 0.8385 1.2578 1.4239 1.4453 1.4461 1.4461 1.4461 1.4461 0.1813 0.1263 0.0935 0.0736 0.0615 0.0569 0.0563 0.0563 0.0563 0.0563 0.0563  
43825 35 0.8134 0.8770 0.3374 0.4244 8877724.3735 3969.3004 56035383.3843 8808.1738 562373.0611 4163253.2850 13123329.1640 27449916.7596 23402722.8981 14301164.7017 10576965.6002 9927355.5714 9702842.3461 9500929.7376 6.7568 0.5001 1.7746 1.0139 0.2876 0.2618 0.1527 0.0430 0.0163 0.0133 0.0130 0.2749 0.0143 0.1166 0.2528 0.3540 0.4233 0.4819 0.5056 0.5108 0.5152 0.5201 1.4702 0.1377 0.1138 0.0796 0.0739 0.0722 0.0694 0.0666 0.0660 0.0659 0.0658 0.0763  
43825 36 0.8937 0.9163 0.0574 0.1002 135361205.8638 1015861.2001 197049437.5104 208981.6157 10817402365.8344 24309040776.5233 20215173391.2932 7443654311.9570 622636270.3946 104548375.0373 92834627.3870 92269401.9326 92269401.9326 92262493.9471 0.0000 0.0984 0.1006 0.1338 0.1348 0.1356 0.1393 0.1398 0.1398 0.1398 0.1398 0.0000 0.0007 0.0052 0.0090 0.0170 0.0213 0.0216 0.0216 0.0216 0.0216 0.0216 1.4359 0.1944 0.1639 0.1340 0.1335 0.1287 0.1037 0.1001 0.0999 0.0999 0.0999 0.0000  
52609 4 0.9695 0.9983 0.0234 0.0222 23062366.9435 17471836.7234 1243585265.9419 192891.0267 318116.4342 21422704.8099 83276130.9141 105891408.0994 106992644.6220 106997970.3913 106997970.3913 106997970.3913 106997970.3913 106997970.3913 163.5634 0.2478 0.0318 0.0223 0.0209 0.0208 0.0208 0.0208 0.0208 0.0208 0.0208 0.0209 0.0406 0.5074 1.2979 1.5276 1.5375 1.5376 1.5376 1.5376 1.5376 1.5376 1.5376 0.1137 0.0752 0.0593 0.0564 0.0563 0.0563 0.0563 0.0563 0.0563 0.0563 0.0566  
52609 12 0.9563 0.9516 0.0022 0.0022 11147410.4439 39561.3521 4553263950.7173 1146046.2436 2402130.9094 177639256.8987 2891254049.2086 3499489941.3407 2347506298.8393 1697255036.0656 971321936.9474 420764147.9341 144188279.8411 56411437.0293 1.2914 0.1818 0.0041 0.0021 0.0022 0.0024 0.0024 0.0024 0.0024 0.0025 0.0026 0.0974 0.0185 0.1363 0.2773 0.3800 0.4347 0.4708 0.5142 0.5471 0.5637 0.5690 1.1640 0.1843 0.0758 0.0731 0.0708 0.0669 0.0659 0.0659 0.0658 0.0657 0.0653 0.0594  
52609 15 1.0805 1.0217 0.0017 0.0039 11283367.2557 0.0000 2743163757.2715 1233942.1932 504094117.8763 19214905192.1427 26387283303.2092 12282550196.0516 3630600842.8670 225922309.4672 4088874.7652 123724.2493 223876.8333 360483.8013 0.0000 0.4820 0.0014 0.0002 0.0003 0.0009 0.0140 0.7066 7.3708 5.3075 3.9473 0.0000 0.0037 0.0340 0.0805 0.1143 0.1546 0.1709 0.1721 0.1732 0.1763 0.1805 1.6453 0.2773 0.1798 0.1529 0.1344 0.1333 0.1333 0.1328 0.1081 0.1038 0.1019 0.0000  
52609 29 0.8658 0.9199 0.0209 0.0349 24510748.5036 960657.5175 94848258.1137 110199.1550 47915.4320 2933286.4780 76139588.8918 332675260.2755 506572516.0274 370923207.6638 190202023.1432 79641126.4016 32926515.9656 18590244.4060 0.0471 6.1453 2.1227 0.0820 0.0217 0.0135 0.0244 0.0783 0.2150 0.4194 0.5796 1.1092 0.0008 0.0083 0.0282 0.0621 0.1093 0.1667 0.2325 0.3028 0.3770 0.4303 2.5550 0.3080 0.1288 0.0804 0.0710 0.0659 0.0608 0.0559 0.0515 0.0473 0.0447 0.0367  
52609 30 1.0984 1.1448 0.0029 0.0188 59629556.1882 2336947.5209 667122230.5044 84336.7715 5019147.3004 120874996.9528 243858949.8856 164028512.8709 95142939.7883 77939565.5959 76040311.9086 75967395.8790 75967395.8790 75967395.8790 85.4132 0.0116 0.0841 0.2721 0.1624 0.0354 0.0106 0.0083 0.0082 0.0082 0.0082 0.0082 0.0091 0.1159 0.3994 0.8385 1.2578 1.4239 1.4453 1.4461 1.4461 1.4461 1.4461 0.1808 0.1272 0.0932 0.0732 0.0612 0.0568 0.0563 0.0563 0.0563 0.0563 0.0563  
52609 35 0.8741 0.8523 0.4177 0.5007 8540047.0888 2777.0167 48613962.9270 7164.5287 433556.7337 3479762.8182 10478763.1528 18697355.0729 16430325.6458 11559219.5381 9560630.8824 9190566.7130 9006317.2228 8821136.5569 4.7020 0.5039 1.8445 1.1280 0.3792 0.3336 0.1748 0.0471 0.0197 0.0167 0.0164 0.3631 0.0143 0.1166 0.2528 0.3540 0.4233 0.4819 0.5056 0.5108 0.5152 0.5201 1.4702 0.1389 0.1131 0.0804 0.0741 0.0719 0.0689 0.0665 0.0659 0.0659 0.0658 0.0770  
52609 36 0.8946 0.9176 0.0581 0.1007 124154063.7067 867819.4417 176886670.0156 186769.5432 8878000696.3476 21277740472.4734 18575432698.6978 6833450508.9590 560306214.5867 83831868.9436 73058991.0223 72540394.5299 72540394.5299 72534963.6072 0.0000 0.0985 0.1009 0.1343 0.1353 0.1360 0.1400 0.1407 0.1407 0.1407 0.1407 0.0000 0.0007 0.0052 0.0090 0.0170 0.0213 0.0216 0.0216 0.0216 0.0216 0.0216 1.4359 0.1944 0.1625 0.1340 0.1336 0.1293 0.1042 0.1001 0.0999 0.0999 0.0999 0.0000  
61369 4 1.0719 1.0437 0.0194 0.0180 19144010.4467 16363558.3510 1306674820.7727 187007.1425 582831.1837 33864392.9637 95569550.5513 110408649.9527 111035356.3198 111038567.8112 111038567.8112 111038567.8112 111038567.8112 111038567.8112 170.2384 0.2105 0.0267 0.0179 0.0169 0.0168 0.0168 0.0168 0.0168 0.0168 0.0168 0.0169 0.0406 0.5074 1.2979 1.5276 1.5375 1.5376 1.5376 1.5376 1.5376 1.5376 1.5376 0.1139 0.0783 0.0599 0.0564 0.0563 0.0563 0.0563 0.0563 0.0563 0.0563 0.0567  
61369 12 0.9508 0.9523 0.0023 0.0022 10930059.6390 48771.5534 4361573739.0351 1095910.8590 4326528.9655 135235177.9716 2212849503.7299 3056530602.8770 2440237833.1707 1823374529.9871 1044916414.4517 452258774.9628 154533992.2690 60045175.7571 1.1535 0.1608 0.0065 0.0021 0.0023 0.0024 0.0024 0.0024 0.0024 0.0025 0.0026 0.0921 0.0185 0.1363 0.2773 0.3800 0.4347 0.4708 0.5142 0.5471 0.5637 0.5690 1.1640 0.1822 0.0766 0.0729 0.0701 0.0666 0.0659 0.0659 0.0658 0.0657 0.0654 0.0619  
61369 15 1.0595 1.0337 0.0016 0.0038 10732484.1196 0.0000 2880733319.9750 1333260.6838 478762847.1160 20276895416.5493 27541675548.2724 12912890115.9315 3818643450.5210 237620375.5146 4292788.8689 101031.8333 144210.0065 203104.5567 0.0000 0.3693 0.0013 0.0003 0.0004 0.0010 0.0133 0.6680 8.1432 6.6836 5.4288 0.0000 0.0037 0.0340 0.0805 0.1143 0.1546 0.1709 0.1721 0.1732 0.1763 0.1805 1.6453 0.2758 0.1797 0.1530 0.1344 0.1333 0.1333 0.1329 0.1106 0.1066 0.1041 0.0000  
61369 29 0.6872 0.9147 0.0408 0.0561 22136155.6973 792980.9146 76197475.5098 95407.6319 52708.7576 1927647.4513 54360816.1365 287716673.7051 468828186.7538 348712165.8926 170575773.8874 59627997.7781 18129021.8747 8116966.1468 0.0096 6.2605 2.5829 0.1466 0.0323 0.0177 0.0311 0.0966 0.2810 0.5842 0.8094 1.5515 0.0008 0.0083 0.0282 0.0621 0.1093 0.1667 0.2325 0.3028 0.3770 0.4303 2.5550 0.3150 0.1365 0.0794 0.0699 0.0655 0.0608 0.0564 0.0528 0.0488 0.0461 0.0367  
61369 30 1.1489 0.9283 0.0036 0.0245 84315125.5356 979683.8687 824165966.8647 92633.4068 2225643.9983 54360665.5091 120599870.8120 136791919.9637 116392594.2757 98226236.3517 95185343.8437 95048734.0492 95048734.0492 95048734.0492 106.8671 0.0195 0.2172 0.5109 0.2526 0.0496 0.0140 0.0110 0.0109 0.0109 0.0109 0.0109 0.0091 0.1159 0.3994 0.8385 1.2578 1.4239 1.4453 1.4461 1.4461 1.4461 1.4461 0.1799 0.1239 0.0889 0.0709 0.0609 0.0568 0.0563 0.0563 0.0563 0.0563 0.0563  
61369 35 0.7728 0.8745 0.2056 0.6019 7164191.4587 50988.8971 40725881.8884 6262.5784 560907.3289 3808040.8462 9044635.5840 12728850.9648 11507197.6860 9472189.1186 8633108.0051 8452304.0523 8299325.3142 8130466.4604 3.3317 0.5534 1.9416 1.4434 0.4446 0.3673 0.1690 0.0454 0.0221 0.0196 0.0193 0.4091 0.0143 0.1166 0.2528 0.3540 0.4233 0.4819 0.5056 0.5108 0.5152 0.5201 1.4702 0.1398 0.1139 0.0822 0.0746 0.0714 0.0682 0.0663 0.0659 0.0658 0.0658 0.0794  
61369 36 0.8798 0.8985 0.0578 0.1004 113059217.6695 620041.1905 160854493.9626 167084.9314 6601499999.8547 17914908640.6327 16943649355.4485 6229311039.6984 502394579.9362 67408768.4758 57573931.9984 57101402.1771 57101402.1771 57097127.1341 0.0000 0.0983 0.1003 0.1338 0.1346 0.1352 0.1388 0.1394 0.1395 0.1395 0.1395 0.0000 0.0007 0.0052 0.0090 0.0170 0.0213 0.0216 0.0216 0.0216 0.0216 0.0216 1.4359 0.1944 0.1598 0.1339 0.1336 0.1299 0.1048 0.1001 0.0999 0.0999 0.0999 0.0000  
70129 4 1.0593 1.0366 0.0184 0.0177 20671377.1213 16829988.3548 1379341692.2924 200460.5206 518519.1345 34614298.7921 101241104.4433 116373875.9002 116940426.5038 116943087.3886 116943087.3886 116943087.3886 116943087.3886 116943087.3886 179.3091 0.1959 0.0262 0.0182 0.0171 0.0171 0.0171 0.0171 0.0171 0.0171 0.0171 0.0171 0.0406 0.5074 1.2979 1.5276 1.5375 1.5376 1.5376 1.5376 1.5376 1.5376 1.5376 0.1123 0.0775 0.0599 0.0564 0.0563 0.0563 0.0563 0.0563 0.0563 0.0563 0.0567  
70129 12 0.9460 0.9531 0.0024 0.0023 10890363.0613 56747.0581 4151404701.1742 1042002.9456 6527831.8959 110609874.0756 1709726058.4996 2696943532.5528 2461940070.7562 1878931116.3511 1077669573.4483 466189509.5886 159009298.8721 61519650.7745 1.2561 0.1476 0.0099 0.0022 0.0024 0.0025 0.0025 0.0025 0.0025 0.0026 0.0027 0.0762 0.0185 0.1363 0.2773 0.3800 0.4347 0.4708 0.5142 0.5471 0.5637 0.5690 1.1640 0.1804 0.0794 0.0727 0.0695 0.0664 0.0659 0.0659 0.0659 0.0657 0.0655 0.0721  
70129 15 1.0725 0.9866 0.0018 0.0033 9788236.6284 0.0000 2979310307.9597 1412528.1083 326346174.3869 18378520244.7436 26999657855.6533 13921584801.4374 4138784379.3235 257543789.4642 4652939.4896 99559.9735 116484.9724 139570.5093 0.0000 0.4665 0.0011 0.0003 0.0003 0.0009 0.0117 0.5932 8.6152 7.7039 6.7552 0.0000 0.0037 0.0340 0.0805 0.1143 0.1546 0.1709 0.1721 0.1732 0.1763 0.1805 1.6453 0.2698 0.1759 0.1524 0.1343 0.1333 0.1333 0.1329 0.1121 0.1092 0.1067 0.0000  
70129 29 0.7216 0.9181 0.0414 0.0589 15790315.2355 574574.6591 64635635.2986 65561.4317 11569.4389 923573.0726 36458098.5529 246155657.3898 429227822.0310 327120197.4271 155898334.9838 46569870.6421 9694415.9652 3020653.6486 0.0008 6.2582 1.8108 0.1441 0.0384 0.0209 0.0326 0.0860 0.2578 0.6481 1.0089 2.4326 0.0008 0.0083 0.0282 0.0621 0.1093 0.1667 0.2325 0.3028 0.3770 0.4303 2.5550 0.3256 0.1210 0.0765 0.0687 0.0652 0.0608 0.0569 0.0544 0.0511 0.0483 0.0367  
70129 30 1.4649 0.8917 0.0203 0.0300 87063402.0608 50845.3744 886467297.3663 106430.7508 1398327.4416 23460333.1811 22730913.8295 50445657.4576 93687640.5152 113602963.9331 116471174.7289 116593764.7870 116593764.7870 116593764.7870 131.0911 0.0534 0.7679 1.6005 0.3922 0.0517 0.0210 0.0183 0.0182 0.0182 0.0182 0.0182 0.0091 0.1159 0.3994 0.8385 1.2578 1.4239 1.4453 1.4461 1.4461 1.4461 1.4461 0.1785 0.1306 0.0920 0.0667 0.0590 0.0566 0.0563 0.0563 0.0563 0.0563 0.0563  
70129 35 0.8286 0.8559 0.2217 0.6816 6262173.0289 44912.8441 33355478.1482 4839.8756 453804.7524 2996206.2200 6917735.2686 8034313.3133 7820860.4542 7795337.6347 7774208.4894 7728068.6775 7600598.9582 7447410.9744 2.1743 0.5652 2.0444 1.5926 0.5600 0.4200 0.1671 0.0466 0.0262 0.0240 0.0238 0.5161 0.0143 0.1166 0.2528 0.3540 0.4233 0.4819 0.5056 0.5108 0.5152 0.5201 1.4702 0.1400 0.1138 0.0828 0.0750 0.0707 0.0675 0.0662 0.0659 0.0658 0.0658 0.0807  
70129 36 0.9010 0.9265 0.0583 0.1011 101616130.0454 665959.7544 146995400.1960 147000.3879 5668662764.3365 15990607000.8447 15457232488.5378 5678695689.5335 451315006.4009 54271250.6649 45294270.2111 44863681.4713 44863681.4713 44860322.6367 0.0000 0.0987 0.1013 0.1343 0.1353 0.1359 0.1403 0.1413 0.1413 0.1413 0.1413 0.0000 0.0007 0.0052 0.0090 0.0170 0.0213 0.0216 0.0216 0.0216 0.0216 0.0216 1.4359 0.1943 0.1587 0.1339 0.1336 0.1304 0.1055 0.1002 0.0999 0.0999 0.0999 0.0000  
78889 4 1.0329 1.0401 0.0181 0.0171 20498452.0485 17381040.2301 1437456451.3147 212347.5401 573246.6530 37940992.5837 110599719.4346 122790863.7368 122951625.7766 122950211.2239 122950211.2239 122950211.2239 122950211.2239 122950211.2239 188.5078 0.1707 0.0268 0.0180 0.0162 0.0161 0.0161 0.0161 0.0161 0.0161 0.0161 0.0161 0.0406 0.5074 1.2979 1.5276 1.5375 1.5376 1.5376 1.5376 1.5376 1.5376 1.5376 0.1117 0.0776 0.0600 0.0564 0.0563 0.0563 0.0563 0.0563 0.0563 0.0563 0.0567  
78889 12 0.9410 0.9534 0.0025 0.0024 10839830.9541 58995.1809 3922597589.3664 985769.7730 6970424.2372 95896258.3048 1392164451.3175 2427166403.8909 2405643649.5679 1857152381.1102 1065663277.1908 460869445.5032 157048159.7323 60624549.9055 1.2340 0.1461 0.0121 0.0023 0.0025 0.0026 0.0026 0.0026 0.0026 0.0027 0.0028 0.0635 0.0185 0.1363 0.2773 0.3800 0.4347 0.4708 0.5142 0.5471 0.5637 0.5690 1.1640 0.1782 0.0819 0.0725 0.0690 0.0663 0.0659 0.0659 0.0659 0.0657 0.0655 0.0791  
78889 15 1.0451 1.0791 0.0019 0.0031 23589878.6077 0.0000 3160861588.8774 1514894.7426 842765939.2416 22760147001.4809 28004640803.9910 15016506220.1770 4474550506.4850 278453298.4587 5046334.2509 119012.7451 123961.5108 130711.6187 0.0000 0.5468 0.0038 0.0001 0.0002 0.0007 0.0113 0.5830 8.8708 8.4115 7.8492 0.0000 0.0037 0.0340 0.0805 0.1143 0.1546 0.1709 0.1721 0.1732 0.1763 0.1805 1.6453 0.2779 0.1852 0.1517 0.1342 0.1333 0.1333 0.1329 0.1131 0.1114 0.1096 0.0000  
78889 29 0.5222 0.9185 0.0608 0.1069 11349516.9031 422507.8506 57483017.6144 47310.4552 35266.8131 357784.5429 22280089.0837 205259076.0822 384331316.0237 305105665.8871 146435275.1966 40319017.3991 6235357.1042 1243739.5872 0.0000 6.3012 3.7176 0.3082 0.0598 0.0296 0.0382 0.0708 0.1768 0.5133 0.9983 5.3671 0.0008 0.0083 0.0282 0.0621 0.1093 0.1667 0.2325 0.3028 0.3770 0.4303 2.5550 0.3250 0.1506 0.0740 0.0676 0.0648 0.0605 0.0571 0.0556 0.0541 0.0525 0.0367  
78889 30 1.0124 0.9428 0.0135 0.0227 63006613.8588 50993.9977 851299073.8682 155907.6814 1556495.3700 21670410.0778 7748200.0393 17018349.7920 73349804.1862 112362028.2231 118683790.2155 118966055.5645 118966055.5645 118966055.5645 133.7583 0.0677 1.0553 2.8075 0.3783 0.0289 0.0193 0.0185 0.0185 0.0185 0.0185 0.0185 0.0091 0.1159 0.3994 0.8385 1.2578 1.4239 1.4453 1.4461 1.4461 1.4461 1.4461 0.1791 0.1380 0.1089 0.0620 0.0570 0.0564 0.0563 0.0563 0.0563 0.0563 0.0563  
78889 35 0.7293 0.8659 0.1886 0.7578 4839637.3291 100624.2755 28314811.4468 4010.1463 434682.1709 2646968.2233 4459844.6725 4986823.8341 5627726.0751 6625410.3705 7016283.5799 7039793.0679 6930603.1057 6791852.6729 1.3354 0.5774 1.9804 1.8700 0.6285 0.4049 0.1404 0.0439 0.0290 0.0275 0.0273 0.5886 0.0143 0.1166 0.2528 0.3540 0.4233 0.4819 0.5056 0.5108 0.5152 0.5201 1.4702 0.1406 0.1151 0.0837 0.0751 0.0698 0.0670 0.0661 0.0659 0.0658 0.0658 0.0825  
78889 36 0.9568 0.9785 0.0586 0.1010 91151702.2885 575907.9124 137293499.1494 132446.6105 5861522138.1538 15647846698.6398 14655565220.4367 5378938539.5094 420775244.3183 44179796.6183 35665146.1670 35257461.4224 35257461.4224 35254821.7821 0.0000 0.0986 0.1009 0.1332 0.1346 0.1352 0.1399 0.1410 0.1411 0.1411 0.1411 0.0000 0.0007 0.0052 0.0090 0.0170 0.0213 0.0216 0.0216 0.0216 0.0216 0.0216 1.4359 0.1944 0.1609 0.1339 0.1337 0.1309 0.1063 0.1002 0.0999 0.0999 0.0999 0.0000  
87673 4 0.9974 0.9949 0.0182 0.0165 20289463.9869 15797970.8695 1435776136.7327 219330.2627 309295.4470 25321933.4392 100586264.1055 124359512.7830 125267657.5907 125269869.0416 125269869.0416 125269869.0416 125269869.0416 125269869.0416 191.5576 0.1692 0.0247 0.0170 0.0158 0.0157 0.0157 0.0157 0.0157 0.0157 0.0157 0.0158 0.0406 0.5074 1.2979 1.5276 1.5375 1.5376 1.5376 1.5376 1.5376 1.5376 1.5376 0.1101 0.0751 0.0589 0.0564 0.0563 0.0563 0.0563 0.0563 0.0563 0.0563 0.0565  
87673 12 0.9383 0.9552 0.0026 0.0025 10804397.0754 68860.7687 3695890170.2051 927605.4110 14634475.9812 95391575.1469 1181997126.2730 2214633160.3300 2310629883.3848 1795683250.0366 1030660968.9534 445662978.2460 151786268.2290 58518773.1329 1.3542 0.1120 0.0146 0.0023 0.0026 0.0028 0.0028 0.0028 0.0028 0.0028 0.0029 0.0508 0.0185 0.1363 0.2773 0.3800 0.4347 0.4708 0.5142 0.5471 0.5637 0.5690 1.1640 0.1825 0.0873 0.0724 0.0687 0.0662 0.0659 0.0659 0.0659 0.0658 0.0655 0.0875  
87673 15 1.0246 0.9570 0.0021 0.0045 13512617.7732 0.0000 3203779947.8347 1583235.0543 343406397.7144 18158627713.4563 27857686621.9884 15695672381.7434 4687374082.7884 291710263.3341 5299643.1417 135992.2697 135362.9389 134504.5980 0.0000 0.2287 0.0005 0.0001 0.0002 0.0009 0.0170 0.8435 9.0116 8.8774 8.6899 0.0000 0.0037 0.0340 0.0805 0.1143 0.1546 0.1709 0.1721 0.1732 0.1763 0.1805 1.6453 0.2669 0.1763 0.1515 0.1342 0.1333 0.1333 0.1326 0.1137 0.1132 0.1126 0.0000  
87673 29 0.9343 0.9322 0.0318 0.0824 6242788.6257 143622.8848 53145360.9666 24703.6354 13019.6579 80480.7998 16181915.9050 179010659.9139 346710412.7943 281887480.5004 137214527.4576 37669663.4417 5655389.7790 1060952.5707 0.0000 6.3238 4.2823 0.2286 0.0408 0.0248 0.0313 0.0433 0.0699 0.1625 0.3327 7.0190 0.0008 0.0083 0.0282 0.0621 0.1093 0.1667 0.2325 0.3028 0.3770 0.4303 2.5550 0.3331 0.1584 0.0694 0.0668 0.0646 0.0603 0.0571 0.0560 0.0555 0.0552 0.0367  
87673 30 0.9265 0.9922 0.0180 0.0206 65060276.0591 44671.0573 794778792.9274 157838.9916 2168440.7397 42695222.9676 22346015.0721 15244441.0084 66262069.8916 105189053.2323 111654814.2210 111946521.8887 111946521.8887 111946521.8887 125.8660 0.0531 0.7528 2.0515 0.6928 0.0245 0.0185 0.0184 0.0184 0.0184 0.0184 0.0184 0.0091 0.1159 0.3994 0.8385 1.2578 1.4239 1.4453 1.4461 1.4461 1.4461 1.4461 0.1759 0.1353 0.1102 0.0645 0.0564 0.0563 0.0563 0.0563 0.0563 0.0563 0.0563  
87673 35 0.7870 0.8837 0.2478 0.8686 4009875.4906 65935.2502 25602093.1215 2924.7117 551977.6835 2760192.6515 2863197.0407 2994457.4311 4113324.0544 5680985.2189 6301857.1981 6365873.9857 6271721.0211 6146852.4037 0.7874 0.5752 1.8531 2.2500 0.7338 0.3849 0.1244 0.0471 0.0358 0.0346 0.0345 0.7069 0.0143 0.1166 0.2528 0.3540 0.4233 0.4819 0.5056 0.5108 0.5152 0.5201 1.4702 0.1400 0.1167 0.0849 0.0751 0.0689 0.0666 0.0660 0.0659 0.0658 0.0658 0.0847  
87673 36 0.9042 0.9064 0.0562 0.0970 86708024.1224 657272.5264 127761097.4635 126721.5438 3910682600.6982 13189621377.2599 13891320736.6414 5097026269.2139 393593426.9947 36345937.1521 28268737.4239 27882553.0927 27882553.0927 27880465.5939 0.0000 0.0933 0.0956 0.1292 0.1300 0.1303 0.1338 0.1348 0.1348 0.1348 0.1348 0.0000 0.0007 0.0052 0.0090 0.0170 0.0213 0.0216 0.0216 0.0216 0.0216 0.0216 1.4359 0.1943 0.1563 0.1339 0.1337 0.1313 0.1074 0.1003 0.0998 0.0998 0.0998 0.0000  
96433 4 1.0061 0.9849 0.0163 0.0156 19440038.6924 14940840.5973 1421053240.5603 218760.2621 230955.4929 20555598.4862 93009246.4093 122609307.4584 124035078.7313 124041136.0656 124041136.0656 124041136.0656 124041136.0656 124041136.0656 189.6095 0.1631 0.0212 0.0157 0.0154 0.0154 0.0154 0.0154 0.0154 0.0154 0.0154 0.0154 0.0406 0.5074 1.2979 1.5276 1.5375 1.5376 1.5376 1.5376 1.5376 1.5376 1.5376 0.1094 0.0750 0.0583 0.0564 0.0563 0.0563 0.0563 0.0563 0.0563 0.0563 0.0565  
96433 12 0.9337 0.9582 0.0028 0.0026 10776981.6149 92292.0452 3487657389.2009 870417.8131 29971453.9904 113636678.5399 1003778416.1902 2023608583.5320 2217116290.6257 1733358630.7371 995120615.1868 430233455.4594 146459553.3696 56398389.7164 2.1524 0.0782 0.0149 0.0024 0.0028 0.0029 0.0029 0.0029 0.0029 0.0030 0.0031 0.0343 0.0185 0.1363 0.2773 0.3800 0.4347 0.4708 0.5142 0.5471 0.5637 0.5690 1.1640 0.1802 0.0962 0.0724 0.0684 0.0662 0.0659 0.0659 0.0659 0.0658 0.0655 0.0974  
96433 15 1.0361 0.9795 0.0043 0.0065 19214837.5620 0.0000 3194911520.9051 1622197.3798 456485001.4862 17232522874.9429 25491477515.3632 16595496948.0027 4989194675.8098 310632642.8675 5788570.8591 290141.6556 282288.2589 271576.4458 0.0000 0.2203 0.0005 0.0001 0.0002 0.0013 0.0248 1.1696 8.9069 8.8686 8.8131 0.0000 0.0037 0.0340 0.0805 0.1143 0.1546 0.1709 0.1721 0.1732 0.1763 0.1805 1.6453 0.2715 0.1783 0.1502 0.1340 0.1333 0.1333 0.1320 0.1138 0.1137 0.1136 0.0000  
96433 29 1.0003 0.9282 0.0337 0.0605 8112344.9593 99748.7554 48216274.8301 23080.9472 10716.5415 64586.5115 14027240.5856 158980160.2493 310325933.1026 254915252.3671 125030171.9180 34447403.2198 5198505.7955 982940.9100 0.0000 6.3748 4.3353 0.1300 0.0275 0.0321 0.0486 0.0659 0.0936 0.1843 0.3482 6.9814 0.0008 0.0083 0.0282 0.0621 0.1093 0.1667 0.2325 0.3028 0.3770 0.4303 2.5550 0.3311 0.1592 0.0687 0.0666 0.0645 0.0602 0.0571 0.0560 0.0555 0.0553 0.0367  
96433 30 0.9293 0.9449 0.0191 0.0213 62143815.6952 36967.8851 742572806.2801 146244.7788 1674733.5441 32533477.2525 19416824.9618 15418558.1373 62352729.8929 98162337.7760 104119646.8179 104388643.8785 104388643.8785 104388643.8785 117.3684 0.0529 0.7821 2.0378 0.7329 0.0272 0.0185 0.0184 0.0184 0.0184 0.0184 0.0184 0.0091 0.1159 0.3994 0.8385 1.2578 1.4239 1.4453 1.4461 1.4461 1.4461 1.4461 0.1768 0.1330 0.1071 0.0657 0.0565 0.0563 0.0563 0.0563 0.0563 0.0563 0.0563  
96433 35 0.7296 0.9494 0.2387 0.8103 2924548.3631 110463.3534 23621720.5090 2301.8472 532202.3396 3430971.5895 3137043.3761 2560380.6397 3478520.0692 5062095.7573 5693622.9084 5762734.7428 5678828.5744 5566108.5565 0.7184 0.5523 1.7632 2.3439 0.5612 0.2439 0.0826 0.0404 0.0345 0.0339 0.0338 0.4774 0.0143 0.1166 0.2528 0.3540 0.4233 0.4819 0.5056 0.5108 0.5152 0.5201 1.4702 0.1380 0.1161 0.0865 0.0757 0.0683 0.0664 0.0660 0.0659 0.0658 0.0658 0.0876  
96433 36 0.9137 0.9296 0.0552 0.0960 81284353.3868 699592.7085 118578270.5857 114583.4171 3092979527.5083 11739539204.8060 12942925685.6946 4747283353.0456 363000557.8966 29993991.7944 22464869.6684 22105277.4975 22105277.4975 22103622.5291 0.0000 0.0931 0.0957 0.1269 0.1277 0.1280 0.1312 0.1323 0.1323 0.1323 0.1323 0.0000 0.0007 0.0052 0.0090 0.0170 0.0213 0.0216 0.0216 0.0216 0.0216 0.0216 1.4359 0.1942 0.1542 0.1339 0.1337 0.1317 0.1084 0.1003 0.0998 0.0998 0.0998 0.0000  
