8761 4 0.7742 0.7962 0.1581 0.1995 24039684.7920 22863646.9115 279376940.2299 27328.3502 570289.5462 30280221.5953 34735717.2673 12322843.7427 10729652.4108 10720083.1178 10720083.1178 10720083.1178 10720083.1178 10720083.1178 17.1108 0.5161 0.2609 0.2315 0.2173 0.2140 0.2140 0.2140 0.2140 0.2140 0.2140 0.2123 0.0406 0.5074 1.2979 1.5276 1.5375 1.5376 1.5376 1.5376 1.5376 1.5376 1.5376 0.1128 0.0803 0.0663 0.0578 0.0563 0.0563 0.0563 0.0563 0.0563 0.0563 0.0622  
8761 12 1.5981 0.6928 0.0178 0.0305 16570421.5609 3880647.1170 1217176214.1924 42197.4612 805447428.2912 4128236679.3010 1485612337.6533 346026861.4319 100282384.4886 58663045.2005 36029217.1724 19444844.7620 11111735.4125 8466520.2381 191.6773 0.5640 0.0191 0.0270 0.0416 0.0464 0.0477 0.0486 0.0503 0.0530 0.0548 0.0345 0.0185 0.1363 0.2773 0.3800 0.4347 0.4708 0.5142 0.5471 0.5637 0.5690 1.1640 0.1868 0.1146 0.0851 0.0731 0.0675 0.0657 0.0651 0.0639 0.0621 0.0609 0.1107  
8761 15 0.5339 0.6274 0.2029 0.1789 582201883.3504 0.0000 1660240244.1870 320644.4099 1039861082.8265 11862162037.0800 8937743283.2207 3112028537.8915 1520533806.8887 928252854.7568 887972570.1211 879013906.4689 854822192.7653 821825366.3278 0.0000 1.1044 0.0105 0.0026 0.0366 0.2500 0.4560 0.4758 0.4764 0.4772 0.4784 0.0000 0.0037 0.0340 0.0805 0.1143 0.1546 0.1709 0.1721 0.1732 0.1763 0.1805 1.6453 0.2779 0.2006 0.1552 0.1331 0.1231 0.1147 0.1139 0.1138 0.1138 0.1137 0.0000  
8761 29 1.3201 0.6433 0.0557 0.1184 71538091.7308 207900912.8293 214646516.6823 168948.2667 2438746.5474 334184911.5238 810559791.8792 716459575.6376 501243367.8548 338485838.6076 231153196.1519 170393060.3870 143941913.8265 134808513.1026 1.7534 4.9959 1.3273 0.2737 0.0749 0.0485 0.0964 0.2877 0.5165 0.6401 0.6851 0.8079 0.0008 0.0083 0.0282 0.0621 0.1093 0.1667 0.2325 0.3028 0.3770 0.4303 2.5550 0.1652 0.1185 0.1037 0.0843 0.0695 0.0597 0.0529 0.0479 0.0442 0.0421 0.0367  
8761 30 0.0879 0.8897 0.0163 0.0365 20961553.0254 24621.6691 168992505.7863 2748.6646 14.6526 3147.7682 1004401.5182 10118621.7064 19959562.6713 21521354.4503 21478895.2277 21471064.0716 21471064.0716 21471064.0716 24.1408 1.0056 3.5744 0.8562 0.1978 0.0625 0.0299 0.0244 0.0241 0.0241 0.0241 0.0241 0.0091 0.1159 0.3994 0.8385 1.2578 1.4239 1.4453 1.4461 1.4461 1.4461 1.4461 0.1373 0.0859 0.0685 0.0637 0.0594 0.0568 0.0563 0.0563 0.0563 0.0563 0.0563  
8761 35 1.0732 0.4540 0.2877 0.5675 12210533.7345 1828076.2003 105597301.9450 13474.0069 3268679.9246 39584217.0645 61605592.1396 65216177.2236 44634875.2737 23002166.4691 14332600.6728 12878148.9467 12526437.9429 12262315.7911 18.5361 0.5250 1.8873 1.7900 0.2518 0.1900 0.1329 0.0633 0.0441 0.0419 0.0417 0.1990 0.0143 0.1166 0.2528 0.3540 0.4233 0.4819 0.5056 0.5108 0.5152 0.5201 1.4702 0.1338 0.1123 0.0839 0.0758 0.0726 0.0699 0.0668 0.0660 0.0659 0.0658 0.0814  
8761 36 0.3456 0.5427 0.0448 0.1026 168816815.6711 2281068.0685 276902722.9525 60965.6762 31829024799.2343 48050792961.4423 24361835892.4557 9023080383.2984 865996063.5616 246427725.3786 232419498.5335 231731445.5521 231731445.5521 231714096.3830 0.0000 1.3292 0.1368 0.1421 0.1425 0.1469 0.1581 0.1590 0.1590 0.1590 0.1590 0.0000 0.0007 0.0052 0.0090 0.0170 0.0213 0.0216 0.0216 0.0216 0.0216 0.0216 1.4359 0.1897 0.1723 0.1292 0.1283 0.1195 0.0978 0.0961 0.0960 0.0960 0.0960 0.0000  
17545 4 9.4796 2.4872 0.0422 0.0498 16066109.2612 5329587.2259 704296506.3917 11056.2817 2053299.4047 106721674.3749 123661485.9240 46322160.4281 40702212.1998 40667005.9279 40667005.9279 40667005.9279 40667005.9279 40667005.9279 64.8775 0.1731 0.0378 0.0320 0.0301 0.0294 0.0294 0.0294 0.0294 0.0294 0.0294 0.0289 0.0406 0.5074 1.2979 1.5276 1.5375 1.5376 1.5376 1.5376 1.5376 1.5376 1.5376 0.1133 0.0804 0.0660 0.0577 0.0563 0.0563 0.0563 0.0563 0.0563 0.0563 0.0620  
17545 12 1.4483 1.5671 0.0088 0.0128 17838127.5357 193912.4228 2864460700.9652 679016.8445 914227715.4103 5921225622.5200 3905939748.7797 1713631869.6051 425922242.3566 207840645.5283 118528545.1327 54645053.4366 22551213.1143 12365131.6369 213.8596 0.1009 0.0041 0.0080 0.0131 0.0151 0.0161 0.0163 0.0167 0.0175 0.0183 0.0050 0.0185 0.1363 0.2773 0.3800 0.4347 0.4708 0.5142 0.5471 0.5637 0.5690 1.1640 0.1847 0.1070 0.0815 0.0736 0.0692 0.0660 0.0655 0.0648 0.0634 0.0620 0.1105  
17545 15 1.3152 1.3206 0.1587 0.1418 304058369.3408 42671.2859 1852380194.7687 558538.1116 1424139505.0660 20378312518.6605 15768372197.6561 4220095823.0790 1548714365.9949 574408513.1567 509935291.6933 503947423.6229 489767260.9678 470425907.5831 0.0000 0.1356 0.0011 0.0003 0.0145 0.1441 0.4023 0.4427 0.4437 0.4444 0.4454 0.0000 0.0037 0.0340 0.0805 0.1143 0.1546 0.1709 0.1721 0.1732 0.1763 0.1805 1.6453 0.2839 0.1981 0.1570 0.1346 0.1269 0.1157 0.1139 0.1139 0.1138 0.1137 0.0000  
17545 29 1.0474 0.8601 0.0545 0.0937 33634590.3963 661422.5068 181231764.1528 140668.2256 863096.9277 124689153.5645 492328549.3423 664313200.3576 520385875.2856 342612988.8548 218998272.9255 148921164.0763 114550633.3554 100603356.8076 1.0639 3.7800 0.6263 0.2886 0.0549 0.0114 0.0159 0.0444 0.1056 0.1917 0.2544 0.4629 0.0008 0.0083 0.0282 0.0621 0.1093 0.1667 0.2325 0.3028 0.3770 0.4303 2.5550 0.2308 0.1139 0.0970 0.0813 0.0693 0.0604 0.0538 0.0487 0.0446 0.0424 0.0367  
17545 30 1.5875 1.9384 0.0031 0.0065 2738008.9668 1891484.9638 181375361.3382 28739.3287 2826541.6103 70934590.1114 111248136.0147 38886037.1725 18952308.7709 21986614.1456 22887057.5794 22932382.5760 22932382.5760 22932382.5760 25.7838 0.0044 0.0176 0.0619 0.0544 0.0070 0.0035 0.0030 0.0029 0.0029 0.0029 0.0029 0.0091 0.1159 0.3994 0.8385 1.2578 1.4239 1.4453 1.4461 1.4461 1.4461 1.4461 0.1862 0.1294 0.1019 0.0785 0.0588 0.0564 0.0563 0.0563 0.0563 0.0563 0.0563  
17545 35 1.0347 0.8309 0.2159 0.2801 11061708.8338 1478.6032 90294812.2674 11068.9315 695491.2009 11759586.5722 37701433.3752 57272112.9733 43232982.8778 22152450.5384 13615365.3154 12185356.9898 11846051.7603 11594454.6624 15.0328 0.3590 1.2639 0.5847 0.1859 0.1821 0.1198 0.0360 0.0116 0.0087 0.0084 0.1696 0.0143 0.1166 0.2528 0.3540 0.4233 0.4819 0.5056 0.5108 0.5152 0.5201 1.4702 0.1322 0.1082 0.0809 0.0748 0.0726 0.0701 0.0669 0.0660 0.0659 0.0658 0.0770  
17545 36 0.9417 0.9174 0.0183 0.0788 60966219.9058 1466757.4164 285208538.2767 287937.2343 22076553163.6490 40391089994.8883 27465096254.9681 10143949048.6692 906829340.2381 205227326.2300 189364376.2615 188592588.9218 188592588.9218 188578469.4539 0.0000 0.0660 0.0708 0.0940 0.0952 0.0975 0.1054 0.1062 0.1063 0.1063 0.1063 0.0000 0.0007 0.0052 0.0090 0.0170 0.0213 0.0216 0.0216 0.0216 0.0216 0.0216 1.4359 0.1943 0.1708 0.1338 0.1331 0.1261 0.1022 0.0999 0.0997 0.0997 0.0997 0.0000  
26305 4 1.3692 1.1924 0.0272 0.0263 10901442.4862 54024922.8905 965791977.4078 104809.5833 911241.4580 55709282.6796 98589461.9583 75600323.7555 73574924.9408 73561453.5576 73561453.5576 73561453.5576 73561453.5576 73561453.5576 113.5453 0.1769 0.0302 0.0240 0.0227 0.0225 0.0225 0.0225 0.0225 0.0225 0.0225 0.0225 0.0406 0.5074 1.2979 1.5276 1.5375 1.5376 1.5376 1.5376 1.5376 1.5376 1.5376 0.1129 0.0776 0.0629 0.0568 0.0563 0.0563 0.0563 0.0563 0.0563 0.0563 0.0576  
26305 12 1.0406 0.9706 0.0047 0.0055 16862773.7627 210619.0812 3887064044.2953 983386.4325 77683083.4451 2046215526.7356 5075803789.1559 3244297026.5577 1081013489.4966 624885060.8453 354881136.9688 156105616.6713 56248439.0849 24556447.0670 18.4958 0.1015 0.0033 0.0038 0.0054 0.0059 0.0062 0.0062 0.0063 0.0067 0.0073 0.0128 0.0185 0.1363 0.2773 0.3800 0.4347 0.4708 0.5142 0.5471 0.5637 0.5690 1.1640 0.1616 0.0929 0.0783 0.0729 0.0685 0.0660 0.0658 0.0656 0.0650 0.0639 0.1081  
26305 15 1.0497 1.1576 0.2058 0.3961 558492840.2255 0.0000 2018997606.3280 734574.1268 1515034042.5585 24690144766.3368 21508192729.3196 6633164559.7463 1925977340.2144 150670718.1345 34998771.4999 32926231.0385 32963836.9670 33015145.1884 0.0000 0.1267 0.0008 0.0004 0.0153 0.1958 1.4153 2.5775 2.6212 2.5917 2.5500 0.0000 0.0037 0.0340 0.0805 0.1143 0.1546 0.1709 0.1721 0.1732 0.1763 0.1805 1.6453 0.2827 0.1913 0.1568 0.1352 0.1316 0.1223 0.1143 0.1138 0.1136 0.1133 0.0000  
26305 29 0.9007 0.8769 0.0277 0.0917 28118979.0845 745364.6076 153805291.4471 147332.1856 129772.4991 24908762.6176 294525573.9552 576612044.9301 518301041.9155 344574065.3717 208227844.9722 129926181.1899 90269783.8545 73844217.6897 0.6176 5.1306 1.3148 0.2976 0.0423 0.0106 0.0160 0.0466 0.1120 0.2035 0.2718 0.5071 0.0008 0.0083 0.0282 0.0621 0.1093 0.1667 0.2325 0.3028 0.3770 0.4303 2.5550 0.2660 0.1091 0.0874 0.0784 0.0687 0.0607 0.0543 0.0491 0.0450 0.0428 0.0367  
26305 30 2.0264 1.4360 0.0034 0.0149 28723809.8534 4170782.4190 258380616.8392 45622.5495 4536138.9584 113429798.6223 201459533.5847 106488265.5656 45021801.6323 27150536.7549 25004227.9580 24919647.7723 24919647.7723 24919647.7723 28.0182 0.0051 0.0559 0.1742 0.1280 0.0321 0.0077 0.0064 0.0064 0.0064 0.0064 0.0064 0.0091 0.1159 0.3994 0.8385 1.2578 1.4239 1.4453 1.4461 1.4461 1.4461 1.4461 0.1841 0.1274 0.0966 0.0762 0.0623 0.0569 0.0563 0.0563 0.0563 0.0563 0.0563  
26305 35 0.8787 0.8806 0.2538 0.2968 10754527.1847 2744.4343 78420421.8246 11453.1109 633683.4057 9210669.4217 25188660.7838 46826705.3397 37313902.3692 19794981.5494 12665777.9851 11464170.1720 11158901.7065 10922394.1462 11.8030 0.3414 1.1908 0.6362 0.2136 0.2064 0.1338 0.0405 0.0139 0.0108 0.0105 0.2010 0.0143 0.1166 0.2528 0.3540 0.4233 0.4819 0.5056 0.5108 0.5152 0.5201 1.4702 0.1326 0.1101 0.0801 0.0743 0.0726 0.0700 0.0669 0.0660 0.0659 0.0658 0.0761  
26305 36 0.9261 0.9081 0.0479 0.0949 180212501.1642 1153836.5538 248494283.2583 271149.3522 17766467084.1973 34713651003.2823 25405782162.6285 9370311439.5449 813861272.6045 163959267.3065 149265245.1644 148552938.5858 148552938.5858 148541816.7890 0.0000 0.0987 0.1003 0.1333 0.1344 0.1352 0.1384 0.1388 0.1388 0.1388 0.1388 0.0000 0.0007 0.0052 0.0090 0.0170 0.0213 0.0216 0.0216 0.0216 0.0216 0.0216 1.4359 0.1945 0.1674 0.1340 0.1335 0.1276 0.1029 0.1000 0.0999 0.0999 0.0999 0.0000  
35065 4 1.2599 1.1202 0.0262 0.0263 26831504.7100 11002968.6830 1132583712.0242 143506.9799 750688.1451 45752856.7590 97504975.4261 92989335.4209 92253540.0685 92248218.6989 92248218.6989 92248218.6989 92248218.6989 92248218.6989 141.8364 0.1963 0.0360 0.0277 0.0248 0.0246 0.0246 0.0246 0.0246 0.0246 0.0246 0.0247 0.0406 0.5074 1.2979 1.5276 1.5375 1.5376 1.5376 1.5376 1.5376 1.5376 1.5376 0.1119 0.0783 0.0616 0.0566 0.0563 0.0563 0.0563 0.0563 0.0563 0.0563 0.0571  
35065 12 1.0033 0.9503 0.0029 0.0030 11877385.4464 52797.0096 4148355644.6616 1023323.7204 3879306.7219 530640092.6034 3788358291.9133 3502728158.0786 1744960089.6028 1172811202.9472 669565052.5455 291303284.3686 101280702.3439 40973086.5520 2.3302 0.1430 0.0026 0.0025 0.0028 0.0030 0.0031 0.0031 0.0032 0.0033 0.0035 0.0553 0.0185 0.1363 0.2773 0.3800 0.4347 0.4708 0.5142 0.5471 0.5637 0.5690 1.1640 0.1535 0.0838 0.0752 0.0719 0.0675 0.0660 0.0659 0.0658 0.0655 0.0649 0.0872  
35065 15 1.4164 1.0400 0.0138 0.0690 86212049.3006 0.0000 2528031960.3633 771093.9077 654593640.9563 21120375784.1048 24973235668.9571 9966544205.9262 2917471029.1871 181653823.7943 3430145.7778 389655.6223 896672.8391 1588238.3657 0.0000 0.1250 0.0007 0.0004 0.0012 0.0114 0.2086 2.6578 4.9472 3.9657 3.2800 0.0000 0.0037 0.0340 0.0805 0.1143 0.1546 0.1709 0.1721 0.1732 0.1763 0.1805 1.6453 0.2721 0.1829 0.1551 0.1348 0.1333 0.1327 0.1242 0.1112 0.1085 0.1066 0.0000  
35065 29 0.8377 0.9207 0.0138 0.0300 25005597.6125 930102.5189 129677630.0751 132702.1464 33664.6564 11115947.2624 223836482.8313 501224928.0423 500261316.5485 341307293.6163 198106245.9794 112453331.5178 69297068.8247 52014119.2266 0.3264 6.1055 0.9784 0.0676 0.0154 0.0096 0.0171 0.0516 0.1271 0.2333 0.3150 0.6012 0.0008 0.0083 0.0282 0.0621 0.1093 0.1667 0.2325 0.3028 0.3770 0.4303 2.5550 0.2945 0.1045 0.0837 0.0769 0.0680 0.0607 0.0547 0.0497 0.0456 0.0432 0.0367  
35065 30 1.0532 1.1949 0.0022 0.0160 45609815.2741 3388775.3685 413634568.2990 92450.9495 5068992.2553 115450099.0087 221062521.8202 153013754.7077 78642714.5583 43945220.4473 38644878.4658 38410227.9760 38410227.9760 38410227.9760 43.1862 0.0051 0.0735 0.2052 0.1304 0.0340 0.0086 0.0058 0.0057 0.0057 0.0057 0.0057 0.0091 0.1159 0.3994 0.8385 1.2578 1.4239 1.4453 1.4461 1.4461 1.4461 1.4461 0.1839 0.1267 0.0937 0.0732 0.0626 0.0573 0.0563 0.0563 0.0563 0.0563 0.0563  
35065 35 0.8797 0.8854 0.2792 0.3402 9192329.7196 3417.9602 67791652.6673 10063.4954 586469.9046 7946522.5876 18659481.7084 37388929.8282 30740771.1436 17198651.5091 11673915.2808 10732328.4479 10464880.0311 10244394.6003 9.2794 0.3899 1.2942 0.7953 0.2273 0.2130 0.1326 0.0390 0.0141 0.0112 0.0109 0.2166 0.0143 0.1166 0.2528 0.3540 0.4233 0.4819 0.5056 0.5108 0.5152 0.5201 1.4702 0.1328 0.1113 0.0801 0.0740 0.0724 0.0698 0.0668 0.0660 0.0659 0.0658 0.0760  
35065 36 0.8229 0.8567 0.0556 0.0989 156959062.1696 949807.7014 212778123.3687 251109.2266 12555486709.9931 27244046860.9369 22012025522.1037 8114795179.9423 694007936.7732 130364790.8512 117621051.5349 117004467.2629 117004467.2629 116995707.4233 0.0000 0.0984 0.1002 0.1344 0.1348 0.1355 0.1385 0.1388 0.1389 0.1389 0.1389 0.0000 0.0007 0.0052 0.0090 0.0170 0.0213 0.0216 0.0216 0.0216 0.0216 0.0216 1.4359 0.1944 0.1641 0.1340 0.1335 0.1281 0.1033 0.1000 0.0999 0.0999 0.0999 0.0000  
43825 4 1.0236 1.0520 0.0239 0.0230 22769281.0777 18576197.8886 1232158907.0663 180804.0384 481492.6672 34065336.6980 93007963.2199 102995828.4914 103216075.0749 103216043.7221 103216043.7221 103216043.7221 103216043.7221 103216043.7221 158.2290 0.2007 0.0333 0.0240 0.0212 0.0210 0.0210 0.0210 0.0210 0.0210 0.0210 0.0211 0.0406 0.5074 1.2979 1.5276 1.5375 1.5376 1.5376 1.5376 1.5376 1.5376 1.5376 0.1113 0.0775 0.0604 0.0565 0.0563 0.0563 0.0563 0.0563 0.0563 0.0563 0.0568  
43825 12 0.9621 0.9525 0.0026 0.0025 11467392.6385 50024.2597 4102942009.8695 1026694.4287 3335824.4721 199315407.8829 2688594874.4364 3170748439.4069 2081833670.2651 1498715871.7880 857895926.4570 372144720.2916 128124561.2940 50679846.6377 2.1272 0.2016 0.0049 0.0024 0.0026 0.0028 0.0028 0.0028 0.0028 0.0029 0.0031 0.0658 0.0185 0.1363 0.2773 0.3800 0.4347 0.4708 0.5142 0.5471 0.5637 0.5690 1.1640 0.1834 0.0795 0.0735 0.0710 0.0669 0.0659 0.0659 0.0658 0.0656 0.0652 0.0754  
43825 15 1.3048 1.0581 0.0025 0.0073 12985066.8146 0.0000 2952975751.1588 1092142.0436 619996531.2903 20088080139.7045 26624237864.8496 13309953106.3583 3950775700.3325 245870213.8965 4483932.7170 211116.6326 443016.9138 759326.1868 0.0000 0.1705 0.0008 0.0002 0.0003 0.0011 0.0172 0.8460 6.4472 4.1650 2.9415 0.0000 0.0037 0.0340 0.0805 0.1143 0.1546 0.1709 0.1721 0.1732 0.1763 0.1805 1.6453 0.2736 0.1820 0.1530 0.1344 0.1333 0.1333 0.1326 0.1061 0.1023 0.1010 0.0000  
43825 29 0.9088 0.9249 0.0143 0.0198 23721835.5947 1013014.7965 107860204.8049 111158.6446 47171.5358 8318396.6549 177248603.9142 436657894.1794 478465528.6415 333450451.3668 185368581.3610 94242014.6987 50087117.3375 33620083.2227 0.1445 6.1369 1.3375 0.0329 0.0136 0.0108 0.0201 0.0626 0.1587 0.2946 0.4023 0.7783 0.0008 0.0083 0.0282 0.0621 0.1093 0.1667 0.2325 0.3028 0.3770 0.4303 2.5550 0.2911 0.1140 0.0830 0.0758 0.0675 0.0607 0.0551 0.0503 0.0462 0.0438 0.0367  
43825 30 0.8468 1.0161 0.0093 0.0320 92419213.5404 626825.3527 574439367.6906 97373.5572 4863426.2359 92024628.6461 151444025.3224 134794650.8744 97420737.2614 66126422.1843 60730765.7590 60483708.3885 60483708.3885 60483708.3885 68.0043 0.0197 0.2242 0.5575 0.2690 0.0635 0.0210 0.0147 0.0144 0.0144 0.0144 0.0144 0.0091 0.1159 0.3994 0.8385 1.2578 1.4239 1.4453 1.4461 1.4461 1.4461 1.4461 0.1843 0.1275 0.0927 0.0712 0.0617 0.0572 0.0563 0.0563 0.0563 0.0563 0.0563  
43825 35 0.8643 0.8644 0.3566 0.4245 9208851.5746 3639.3524 57956787.6756 8852.8804 493911.8328 5780468.4165 13594436.2753 28109712.6240 23905569.1493 14510482.2252 10666949.5454 9997732.3269 9769613.9072 9565555.2391 6.9187 0.4484 1.5047 0.9976 0.2918 0.2668 0.1560 0.0440 0.0167 0.0136 0.0133 0.2785 0.0143 0.1166 0.2528 0.3540 0.4233 0.4819 0.5056 0.5108 0.5152 0.5201 1.4702 0.1334 0.1120 0.0802 0.0740 0.0723 0.0694 0.0667 0.0660 0.0659 0.0658 0.0762  
43825 36 0.8394 0.8849 0.0574 0.1000 127958209.8240 808559.8868 181144232.9366 206636.5038 10564796644.8438 22898096266.2553 18481925092.0757 6809498361.9413 576743396.5103 103336803.3498 92633277.8212 92116020.1198 92116020.1198 92109123.6177 0.0000 0.0984 0.1004 0.1341 0.1349 0.1355 0.1388 0.1393 0.1393 0.1393 0.1393 0.0000 0.0007 0.0052 0.0090 0.0170 0.0213 0.0216 0.0216 0.0216 0.0216 0.0216 1.4359 0.1944 0.1636 0.1340 0.1335 0.1285 0.1035 0.1000 0.0999 0.0999 0.0999 0.0000  
52609 4 1.0957 1.0578 0.0195 0.0188 20229105.1514 17335578.3598 1320815987.3066 185077.3930 500864.6780 36723572.7084 101322284.7449 111602976.8938 111797898.9515 111797609.7258 111797609.7258 111797609.7258 111797609.7258 111797609.7258 171.3284 0.1991 0.0261 0.0186 0.0178 0.0178 0.0178 0.0178 0.0178 0.0178 0.0178 0.0178 0.0406 0.5074 1.2979 1.5276 1.5375 1.5376 1.5376 1.5376 1.5376 1.5376 1.5376 0.1118 0.0779 0.0603 0.0564 0.0563 0.0563 0.0563 0.0563 0.0563 0.0563 0.0568  
52609 12 0.9586 0.9531 0.0025 0.0024 11017252.2520 43700.7514 3983046033.4081 987765.3408 3102500.8440 130194103.3310 1912672574.0111 2722985895.6493 2256983141.1625 1697224478.1479 973188327.1538 421569662.3325 144460858.6302 56514878.5414 1.8443 0.2142 0.0065 0.0023 0.0025 0.0027 0.0027 0.0027 0.0027 0.0028 0.0029 0.0619 0.0185 0.1363 0.2773 0.3800 0.4347 0.4708 0.5142 0.5471 0.5637 0.5690 1.1640 0.1841 0.0792 0.0729 0.0701 0.0666 0.0659 0.0659 0.0658 0.0657 0.0653 0.0778  
52609 15 1.1639 1.0398 0.0019 0.0043 12743782.7293 0.0000 3257919666.2408 1425028.4242 539797407.2800 19570013960.6812 27684949465.5370 15756717366.5119 4708326515.9801 292995931.7411 5311040.3873 159346.7406 261359.1557 400502.9261 0.0000 0.1717 0.0007 0.0002 0.0003 0.0010 0.0152 0.7581 7.6967 5.8183 4.4606 0.0000 0.0037 0.0340 0.0805 0.1143 0.1546 0.1709 0.1721 0.1732 0.1763 0.1805 1.6453 0.2720 0.1818 0.1515 0.1342 0.1333 0.1333 0.1327 0.1093 0.1050 0.1028 0.0000  
52609 29 0.8839 0.9179 0.0169 0.0226 24626960.7453 836570.0019 87701672.0457 101020.7215 14633.2165 5848027.3968 131428665.7298 374136032.8217 459248351.9365 325196807.4509 170248273.1707 74351919.4542 31930473.9470 18146701.8664 0.0450 6.1663 0.8898 0.0314 0.0183 0.0140 0.0272 0.0878 0.2324 0.4351 0.5935 1.1287 0.0008 0.0083 0.0282 0.0621 0.1093 0.1667 0.2325 0.3028 0.3770 0.4303 2.5550 0.2856 0.1034 0.0823 0.0745 0.0669 0.0608 0.0556 0.0512 0.0472 0.0447 0.0367  
52609 30 1.3814 0.9181 0.0267 0.0319 86136267.0702 50257.0095 673128678.6317 82452.8902 2188419.9107 45281970.7061 72188514.6847 83099914.9455 89790541.9012 82619089.7821 80827407.6062 80735148.6616 80735148.6616 80735148.6616 90.7738 0.0302 0.4341 0.8955 0.3307 0.0581 0.0211 0.0167 0.0165 0.0165 0.0165 0.0165 0.0091 0.1159 0.3994 0.8385 1.2578 1.4239 1.4453 1.4461 1.4461 1.4461 1.4461 0.1833 0.1255 0.0926 0.0695 0.0602 0.0568 0.0563 0.0563 0.0563 0.0563 0.0563  
52609 35 0.8112 0.8647 0.4231 0.5342 8852511.6857 2082.7364 51181272.6142 7651.4130 569631.8767 5940250.9364 9929819.1720 19748746.2427 17542480.0149 11982852.3279 9698174.1632 9281718.2635 9090682.7074 8902595.6593 4.8541 0.4083 1.4918 1.2663 0.3782 0.3328 0.1779 0.0481 0.0198 0.0166 0.0163 0.3578 0.0143 0.1166 0.2528 0.3540 0.4233 0.4819 0.5056 0.5108 0.5152 0.5201 1.4702 0.1340 0.1132 0.0811 0.0740 0.0720 0.0689 0.0665 0.0659 0.0659 0.0658 0.0768  
52609 36 0.8904 0.9436 0.0581 0.1003 107317700.6580 816810.0780 154758293.0388 173443.9080 10966224337.9188 21538945544.2426 15847469778.7374 5832271084.6409 487981571.7857 82058044.0630 72880285.1498 72437414.8186 72437414.8186 72431991.6057 0.0000 0.0983 0.1004 0.1336 0.1350 0.1357 0.1398 0.1404 0.1405 0.1405 0.1405 0.0000 0.0007 0.0052 0.0090 0.0170 0.0213 0.0216 0.0216 0.0216 0.0216 0.0216 1.4359 0.1945 0.1667 0.1340 0.1335 0.1288 0.1038 0.1001 0.0999 0.0999 0.0999 0.0000  
61369 4 1.0239 1.0159 0.0189 0.0177 20525358.5742 16543159.5058 1349479971.2653 202791.8825 312356.9597 25685859.9739 94768457.2015 116529363.4044 117438936.1108 117442049.4620 117442049.4620 117442049.4620 117442049.4620 117442049.4620 179.5248 0.2017 0.0253 0.0180 0.0171 0.0171 0.0171 0.0171 0.0171 0.0171 0.0171 0.0171 0.0406 0.5074 1.2979 1.5276 1.5375 1.5376 1.5376 1.5376 1.5376 1.5376 1.5376 0.1112 0.0764 0.0593 0.0564 0.0563 0.0563 0.0563 0.0563 0.0563 0.0563 0.0566  
61369 12 0.9490 0.9540 0.0026 0.0025 10966915.8502 52687.2247 3812340545.6663 946832.7229 4077143.3141 99583148.0640 1410095699.4658 2382419661.9114 2306956936.7026 1775544637.8629 1018999048.8803 441107158.0724 150799997.4310 58665299.9316 1.8720 0.1945 0.0092 0.0024 0.0026 0.0027 0.0028 0.0028 0.0028 0.0028 0.0029 0.0553 0.0185 0.1363 0.2773 0.3800 0.4347 0.4708 0.5142 0.5471 0.5637 0.5690 1.1640 0.1866 0.0816 0.0727 0.0692 0.0663 0.0659 0.0659 0.0658 0.0657 0.0654 0.0818  
61369 15 1.1069 0.9860 0.0022 0.0046 15824677.4104 0.0000 3493720057.6308 1658660.7426 401320816.0880 16081074823.3901 26870844277.1904 18056518784.2805 5434890696.7610 338230860.7814 6148063.0859 175594.2334 217761.8624 275278.0745 0.0000 0.2225 0.0008 0.0002 0.0003 0.0010 0.0170 0.8395 8.5023 7.4464 6.3988 0.0000 0.0037 0.0340 0.0805 0.1143 0.1546 0.1709 0.1721 0.1732 0.1763 0.1805 1.6453 0.2732 0.1779 0.1499 0.1340 0.1333 0.1333 0.1326 0.1120 0.1091 0.1067 0.0000  
61369 29 0.8239 0.9142 0.0243 0.0321 22502932.8666 797809.9354 71673619.6257 89293.7132 34283.4835 3806992.3128 90422697.5035 313528549.5844 435189314.7500 316888549.8376 157039584.9760 56508112.4590 17843501.4720 8058855.1139 0.0090 5.9811 1.7915 0.0561 0.0223 0.0174 0.0344 0.1084 0.3064 0.6081 0.8249 1.5789 0.0008 0.0083 0.0282 0.0621 0.1093 0.1667 0.2325 0.3028 0.3770 0.4303 2.5550 0.2774 0.1205 0.0816 0.0728 0.0663 0.0608 0.0562 0.0526 0.0486 0.0461 0.0367  
61369 30 1.0545 0.8885 0.0163 0.0291 75584474.8350 44040.7152 685273884.6143 113899.5231 1868899.2122 18820004.7515 12516374.5433 31168283.1111 71777742.6067 88966481.4035 91091073.6462 91172184.8895 91172184.8895 91172184.8895 102.5086 0.0475 1.0401 2.3064 0.4419 0.0468 0.0211 0.0188 0.0187 0.0187 0.0187 0.0187 0.0091 0.1159 0.3994 0.8385 1.2578 1.4239 1.4453 1.4461 1.4461 1.4461 1.4461 0.1863 0.1348 0.0972 0.0653 0.0584 0.0565 0.0563 0.0563 0.0563 0.0563 0.0563  
61369 35 0.8396 0.8786 0.3630 0.6573 7651094.4133 25321.8595 40443268.3972 6206.9199 536520.0853 6107797.2742 8079769.8940 13787853.2650 12752592.6441 9974696.3711 8825038.0393 8593559.6410 8432295.6598 8259175.5897 3.4471 0.4176 1.6436 1.6425 0.4542 0.3740 0.1788 0.0473 0.0216 0.0188 0.0185 0.4204 0.0143 0.1166 0.2528 0.3540 0.4233 0.4819 0.5056 0.5108 0.5152 0.5201 1.4702 0.1341 0.1134 0.0827 0.0743 0.0716 0.0684 0.0663 0.0659 0.0658 0.0658 0.0785  
61369 36 0.8607 0.9082 0.0583 0.1006 87950886.0119 691035.3037 129993742.2157 154442.0891 10032057270.1451 18951464008.5040 13370730918.5944 4917087781.8335 407522183.6328 64999802.0906 57255517.9466 56882242.7278 56882242.7278 56877984.0927 0.0000 0.0985 0.1007 0.1350 0.1361 0.1369 0.1412 0.1418 0.1419 0.1419 0.1419 0.0000 0.0007 0.0052 0.0090 0.0170 0.0213 0.0216 0.0216 0.0216 0.0216 0.0216 1.4359 0.1945 0.1676 0.1340 0.1336 0.1291 0.1040 0.1001 0.0999 0.0999 0.0999 0.0000  
70129 4 0.9781 0.9811 0.0183 0.0174 20166423.1166 15688798.0237 1342907729.0742 207634.1485 136673.6468 14938792.4156 82711633.8456 115454699.3493 117224324.8758 117233306.4164 117233306.4164 117233306.4164 117233306.4164 117233306.4164 178.9129 0.2293 0.0259 0.0178 0.0170 0.0169 0.0169 0.0169 0.0169 0.0169 0.0169 0.0169 0.0406 0.5074 1.2979 1.5276 1.5375 1.5376 1.5376 1.5376 1.5376 1.5376 1.5376 0.1111 0.0741 0.0581 0.0563 0.0563 0.0563 0.0563 0.0563 0.0563 0.0563 0.0564  
70129 12 0.9518 0.9545 0.0027 0.0026 10869186.6860 47884.0097 3670484673.1814 898590.7647 4168436.3222 69944274.0547 923701041.4452 2056348771.4435 2364839049.0851 1859322868.9039 1067927208.5309 461996818.7225 157604505.2622 60999647.8300 1.5449 0.1935 0.0114 0.0024 0.0027 0.0028 0.0028 0.0029 0.0029 0.0029 0.0030 0.0542 0.0185 0.1363 0.2773 0.3800 0.4347 0.4708 0.5142 0.5471 0.5637 0.5690 1.1640 0.1884 0.0842 0.0723 0.0684 0.0662 0.0659 0.0659 0.0659 0.0657 0.0655 0.0839  
70129 15 1.1038 0.9801 0.0025 0.0044 16438181.5701 0.0000 3662000241.3748 1836045.9116 318374631.0929 12393853294.9207 25589998177.7242 20407485817.7702 6181374538.6894 384704415.5650 7008771.5778 204688.8863 219524.5811 239760.3779 0.0000 0.3203 0.0009 0.0001 0.0002 0.0009 0.0161 0.8041 8.8139 8.2779 7.6379 0.0000 0.0037 0.0340 0.0805 0.1143 0.1546 0.1709 0.1721 0.1732 0.1763 0.1805 1.6453 0.2784 0.1774 0.1475 0.1338 0.1333 0.1333 0.1326 0.1131 0.1115 0.1098 0.0000  
70129 29 0.6855 0.9153 0.0332 0.0470 17609358.1224 598688.5065 60003407.7463 73571.2093 45407.6313 2308194.6767 60295409.5298 265094231.3852 407676280.5325 300478968.0395 141966490.1182 42956653.1799 9284883.0951 2958692.2340 0.0006 6.0489 2.4073 0.0972 0.0310 0.0228 0.0395 0.1047 0.3055 0.7249 1.0836 2.6271 0.0008 0.0083 0.0282 0.0621 0.1093 0.1667 0.2325 0.3028 0.3770 0.4303 2.5550 0.2867 0.1323 0.0805 0.0711 0.0658 0.0608 0.0569 0.0542 0.0508 0.0482 0.0367  
70129 30 1.0033 0.9425 0.0141 0.0228 48836959.9899 39959.7512 651665613.9299 120106.7572 1310299.7551 14526167.3363 6350495.4844 13427751.9275 56741575.0639 86037976.9986 90708553.8999 90915193.2469 90915193.2469 90915193.2469 102.2196 0.0562 1.0953 2.8671 0.4204 0.0293 0.0194 0.0186 0.0185 0.0185 0.0185 0.0185 0.0091 0.1159 0.3994 0.8385 1.2578 1.4239 1.4453 1.4461 1.4461 1.4461 1.4461 0.1832 0.1382 0.1078 0.0617 0.0570 0.0564 0.0563 0.0563 0.0563 0.0563 0.0563  
70129 35 0.8635 0.8329 0.2365 0.7064 6206615.6454 70592.5208 37592261.6130 5211.1797 254228.8218 3202998.0063 5060458.4599 8690621.6221 8926611.2105 8284884.9121 8001611.6127 7912234.7618 7776410.2723 7617985.9871 2.1428 0.3726 1.7580 1.7183 0.5295 0.4136 0.1723 0.0462 0.0241 0.0218 0.0216 0.4975 0.0143 0.1166 0.2528 0.3540 0.4233 0.4819 0.5056 0.5108 0.5152 0.5201 1.4702 0.1324 0.1127 0.0826 0.0742 0.0709 0.0677 0.0662 0.0659 0.0658 0.0658 0.0782  
70129 36 0.8556 0.8900 0.0558 0.0964 74143827.5437 587580.3662 112400224.8909 132929.8640 8333839678.2374 15995715466.3147 11484576440.8793 4221396149.0038 346349059.4087 52021296.4871 45366673.5600 45046302.4858 45046302.4858 45042929.9788 0.0000 0.0931 0.0950 0.1273 0.1281 0.1288 0.1327 0.1334 0.1335 0.1335 0.1335 0.0000 0.0007 0.0052 0.0090 0.0170 0.0213 0.0216 0.0216 0.0216 0.0216 0.0216 1.4359 0.1944 0.1673 0.1340 0.1336 0.1294 0.1043 0.1001 0.0998 0.0998 0.0998 0.0000  
78889 4 1.0366 1.0420 0.0171 0.0166 19403499.4257 15928523.6270 1396643345.0546 203079.0413 368105.9174 33823557.3712 103988307.8216 118781621.7166 119188751.9685 119188681.6324 119188681.6324 119188681.6324 119188681.6324 119188681.6324 182.5376 0.2138 0.0266 0.0173 0.0158 0.0157 0.0157 0.0157 0.0157 0.0157 0.0157 0.0157 0.0406 0.5074 1.2979 1.5276 1.5375 1.5376 1.5376 1.5376 1.5376 1.5376 1.5376 0.1113 0.0779 0.0597 0.0564 0.0563 0.0563 0.0563 0.0563 0.0563 0.0563 0.0567  
78889 12 0.9442 0.9560 0.0028 0.0027 10913958.6468 54740.3398 3519946920.9446 855302.3347 5402220.0050 51882904.4629 510967074.8511 1770653964.1495 2400534504.7247 1919597295.9469 1103225665.1526 477031456.2680 162459621.2372 62624126.5713 1.7815 0.2064 0.0179 0.0025 0.0029 0.0029 0.0029 0.0030 0.0030 0.0030 0.0031 0.0434 0.0185 0.1363 0.2773 0.3800 0.4347 0.4708 0.5142 0.5471 0.5637 0.5690 1.1640 0.1892 0.0920 0.0714 0.0673 0.0660 0.0659 0.0659 0.0659 0.0658 0.0655 0.0900  
78889 15 1.0200 0.9805 0.0022 0.0045 17107697.6920 0.0000 3649626831.6498 2026615.8804 269492008.3883 11098391011.4033 24392328413.3770 20946505226.1001 6360041084.1461 395804117.4210 7189449.4242 184700.4437 188319.4858 193255.8952 0.0000 0.4023 0.0009 0.0001 0.0002 0.0009 0.0170 0.8466 8.9470 8.7160 8.4044 0.0000 0.0037 0.0340 0.0805 0.1143 0.1546 0.1709 0.1721 0.1732 0.1763 0.1805 1.6453 0.2791 0.1782 0.1459 0.1337 0.1333 0.1333 0.1325 0.1136 0.1129 0.1120 0.0000  
78889 29 0.6354 0.9197 0.0388 0.0627 11924549.8742 371093.8983 53287192.3115 50433.9110 28289.5700 1270363.6268 39743997.8429 223790960.4297 373529498.3930 281434658.2740 131235559.3803 36100453.5857 5756093.9650 1218513.0009 0.0000 6.1038 2.6615 0.1426 0.0437 0.0278 0.0394 0.0798 0.2118 0.6027 1.1009 5.2314 0.0008 0.0083 0.0282 0.0621 0.1093 0.1667 0.2325 0.3028 0.3770 0.4303 2.5550 0.2882 0.1347 0.0786 0.0696 0.0654 0.0608 0.0572 0.0555 0.0537 0.0519 0.0367  
78889 30 0.9207 0.9792 0.0146 0.0213 56471971.7757 47344.6067 608739835.3108 120502.5267 2128908.4309 24730995.3910 13038053.0310 12078458.6283 51181538.3695 80516633.0190 85373931.6333 85592806.7503 85592806.7503 85592806.7503 96.2354 0.0511 0.9314 2.4585 0.7354 0.0262 0.0188 0.0186 0.0186 0.0186 0.0186 0.0186 0.0091 0.1159 0.3994 0.8385 1.2578 1.4239 1.4453 1.4461 1.4461 1.4461 1.4461 0.1821 0.1380 0.1086 0.0642 0.0565 0.0563 0.0563 0.0563 0.0563 0.0563 0.0563  
78889 35 0.7075 0.9155 0.2771 0.8594 5210940.3636 95270.0436 32094672.4366 4499.5959 401075.1168 4850049.5808 5081509.6299 5805125.3975 6281017.0233 6966985.4036 7230837.9889 7232655.6504 7117186.4149 6973209.7367 1.5329 0.3807 1.7948 2.2840 0.6235 0.4071 0.1484 0.0440 0.0274 0.0257 0.0255 0.5481 0.0143 0.1166 0.2528 0.3540 0.4233 0.4819 0.5056 0.5108 0.5152 0.5201 1.4702 0.1329 0.1135 0.0856 0.0750 0.0701 0.0671 0.0661 0.0659 0.0658 0.0658 0.0822  
78889 36 0.8809 0.9179 0.0551 0.0954 65001466.1143 529700.8344 97313046.5100 113729.3056 7462325415.5405 14192509704.5503 10087994163.2567 3705413592.2619 300445411.9092 41822318.7792 35974964.5162 35693845.4017 35693845.4017 35691173.0904 0.0000 0.0931 0.0950 0.1267 0.1279 0.1284 0.1322 0.1328 0.1329 0.1329 0.1329 0.0000 0.0007 0.0052 0.0090 0.0170 0.0213 0.0216 0.0216 0.0216 0.0216 0.0216 1.4359 0.1944 0.1678 0.1340 0.1336 0.1297 0.1047 0.1001 0.0998 0.0998 0.0998 0.0000  
87673 4 1.0132 1.0100 0.0173 0.0165 19780188.7291 16194253.7854 1422352857.9462 210508.7241 243238.5019 24507879.2631 96686527.3195 122462100.3968 123673940.0296 123679047.4709 123679047.4709 123679047.4709 123679047.4709 123679047.4709 188.9645 0.2175 0.0257 0.0172 0.0158 0.0157 0.0157 0.0157 0.0157 0.0157 0.0157 0.0157 0.0406 0.5074 1.2979 1.5276 1.5375 1.5376 1.5376 1.5376 1.5376 1.5376 1.5376 0.1110 0.0759 0.0591 0.0564 0.0563 0.0563 0.0563 0.0563 0.0563 0.0563 0.0565  
87673 12 0.9256 0.9613 0.0030 0.0028 10820707.3793 77826.5172 3336591564.8703 807571.7418 12272495.7061 80665785.1909 359421844.5452 1605270531.7144 2320434623.7785 1866387124.1509 1072866670.4815 463822212.7928 157865682.0042 60764433.3610 3.5876 0.1849 0.0186 0.0026 0.0030 0.0030 0.0031 0.0031 0.0031 0.0031 0.0032 0.0246 0.0185 0.1363 0.2773 0.3800 0.4347 0.4708 0.5142 0.5471 0.5637 0.5690 1.1640 0.1887 0.1048 0.0705 0.0666 0.0660 0.0659 0.0659 0.0659 0.0658 0.0655 0.1008  
87673 15 1.0115 1.0292 0.0032 0.0052 20005120.3975 0.0000 3731786231.6338 2067208.4491 365734436.9677 12655885025.9095 25147911838.9139 21138958857.6329 6414417235.3711 399240691.9491 7306433.3150 239431.1599 235976.3263 231264.0781 0.0000 0.5527 0.0015 0.0001 0.0001 0.0010 0.0198 0.9700 8.9779 8.8858 8.7548 0.0000 0.0037 0.0340 0.0805 0.1143 0.1546 0.1709 0.1721 0.1732 0.1763 0.1805 1.6453 0.2806 0.1844 0.1456 0.1337 0.1333 0.1333 0.1322 0.1138 0.1135 0.1132 0.0000  
87673 29 0.5604 0.9224 0.0531 0.0936 7633954.1245 281003.0477 50313652.3536 32046.2759 15946.0231 510809.1563 23956067.2654 183731478.6433 334091084.1937 264623907.5296 127003366.6877 34751659.2048 5235705.5021 992586.2891 0.0000 6.1754 2.9887 0.2510 0.0611 0.0302 0.0374 0.0567 0.1059 0.2751 0.5669 6.7593 0.0008 0.0083 0.0282 0.0621 0.1093 0.1667 0.2325 0.3028 0.3770 0.4303 2.5550 0.2954 0.1372 0.0756 0.0683 0.0650 0.0606 0.0573 0.0560 0.0553 0.0549 0.0367  
87673 30 0.9366 0.9441 0.0148 0.0215 51628903.3432 48844.7189 569073843.4622 110944.5740 1570348.7225 18289651.6658 10144179.3902 11563460.7172 48206148.0810 75219865.5855 79678063.2954 79878734.9080 79878734.9080 79878734.9080 89.8109 0.0563 1.0084 2.5183 0.7207 0.0273 0.0188 0.0186 0.0186 0.0186 0.0186 0.0186 0.0091 0.1159 0.3994 0.8385 1.2578 1.4239 1.4453 1.4461 1.4461 1.4461 1.4461 0.1817 0.1362 0.1071 0.0644 0.0565 0.0563 0.0563 0.0563 0.0563 0.0563 0.0563  
87673 35 0.7738 0.8901 0.3397 0.9418 4499299.2171 67524.9651 26795113.3169 3183.6157 341306.2539 4467387.9675 3388689.4951 3948861.4028 4907812.7835 6079209.7950 6537972.7643 6574622.7735 6473402.3894 6343004.2520 1.0092 0.3368 1.6994 2.5185 0.7259 0.4020 0.1346 0.0455 0.0322 0.0308 0.0306 0.6635 0.0143 0.1166 0.2528 0.3540 0.4233 0.4819 0.5056 0.5108 0.5152 0.5201 1.4702 0.1324 0.1132 0.0864 0.0751 0.0694 0.0668 0.0660 0.0659 0.0658 0.0658 0.0829  
87673 36 0.8466 0.8827 0.0548 0.0950 56525949.2547 512790.5738 85181412.6835 100180.2500 5950030809.1074 11775700877.8482 8730751970.3460 3205885806.9638 257541321.2353 33600911.7077 28537718.7135 28294559.8352 28294559.8352 28292441.4904 0.0000 0.0931 0.0949 0.1271 0.1278 0.1283 0.1317 0.1324 0.1325 0.1325 0.1325 0.0000 0.0007 0.0052 0.0090 0.0170 0.0213 0.0216 0.0216 0.0216 0.0216 0.0216 1.4359 0.1944 0.1665 0.1340 0.1336 0.1301 0.1051 0.1001 0.0998 0.0998 0.0998 0.0000  
96433 4 1.0220 1.0018 0.0166 0.0157 19226909.8856 15141546.1983 1425493837.4042 213287.5643 221166.6266 21669972.2981 93653665.5671 123420385.1782 124920489.4085 124927192.8065 124927192.8065 124927192.8065 124927192.8065 124927192.8065 190.8192 0.2109 0.0245 0.0162 0.0151 0.0150 0.0150 0.0150 0.0150 0.0150 0.0150 0.0151 0.0406 0.5074 1.2979 1.5276 1.5375 1.5376 1.5376 1.5376 1.5376 1.5376 1.5376 0.1109 0.0761 0.0587 0.0564 0.0563 0.0563 0.0563 0.0563 0.0563 0.0563 0.0565  
96433 12 0.9402 0.9657 0.0031 0.0029 10650890.7618 87784.5219 3168937692.1144 747492.3024 17573810.8099 114494743.4537 309870396.2228 1496192123.6735 2212402892.3729 1783040520.1076 1025018059.1291 443095738.8978 150764169.2187 57987072.3598 4.7088 0.1747 0.0152 0.0027 0.0031 0.0032 0.0032 0.0032 0.0032 0.0032 0.0033 0.0189 0.0185 0.1363 0.2773 0.3800 0.4347 0.4708 0.5142 0.5471 0.5637 0.5690 1.1640 0.1871 0.1067 0.0705 0.0664 0.0659 0.0659 0.0659 0.0659 0.0658 0.0655 0.1051  
96433 15 1.0351 0.9761 0.0023 0.0047 18226401.9375 0.0000 3798935826.1404 2090953.3646 265017047.0162 10127554878.1712 24348164955.9742 22022985031.0756 6697446188.9594 416799111.5041 7567393.6717 188277.6502 184018.5831 178209.3481 0.0000 0.4645 0.0011 0.0001 0.0002 0.0009 0.0174 0.8604 9.0016 8.9551 8.8877 0.0000 0.0037 0.0340 0.0805 0.1143 0.1546 0.1709 0.1721 0.1732 0.1763 0.1805 1.6453 0.2824 0.1781 0.1452 0.1337 0.1333 0.1333 0.1324 0.1138 0.1137 0.1135 0.0000  
96433 29 1.0282 0.9232 0.0515 0.1314 6880842.2489 218765.2684 47961127.9790 17957.7332 25413.8083 150143.1688 14139176.0496 149311479.2527 293213196.3849 247774786.1306 124227110.2319 34608275.0826 5318552.2954 1034445.5447 0.0000 6.1416 4.7755 0.3999 0.0663 0.0296 0.0359 0.0529 0.0964 0.2474 0.5113 6.8197 0.0008 0.0083 0.0282 0.0621 0.1093 0.1667 0.2325 0.3028 0.3770 0.4303 2.5550 0.2851 0.1637 0.0725 0.0671 0.0645 0.0601 0.0570 0.0560 0.0553 0.0550 0.0367  
96433 30 0.9149 0.9884 0.0153 0.0223 55998658.5025 48019.6205 533388499.3405 103905.9945 2810787.5243 30106050.5974 16397517.5586 12597441.8147 45581176.8844 70375344.9144 74472222.3236 74656650.8064 74656650.8064 74656650.8064 83.9395 0.0477 0.8341 2.2422 0.8374 0.0296 0.0189 0.0186 0.0186 0.0186 0.0186 0.0186 0.0091 0.1159 0.3994 0.8385 1.2578 1.4239 1.4453 1.4461 1.4461 1.4461 1.4461 0.1816 0.1377 0.1078 0.0664 0.0566 0.0563 0.0563 0.0563 0.0563 0.0563 0.0563  
96433 35 0.8452 0.8977 0.3093 0.8874 3183422.5833 119618.4140 25137336.3306 2463.5049 239185.7785 3205474.1177 2665845.8667 2983985.6409 4037355.4632 5387337.2576 5919705.1718 5971516.4409 5881636.9295 5763546.9384 0.7605 0.3334 1.7362 2.5213 0.6020 0.3139 0.1034 0.0412 0.0322 0.0313 0.0312 0.5310 0.0143 0.1166 0.2528 0.3540 0.4233 0.4819 0.5056 0.5108 0.5152 0.5201 1.4702 0.1323 0.1130 0.0869 0.0749 0.0689 0.0666 0.0660 0.0659 0.0658 0.0658 0.0835  
96433 36 0.9119 0.9521 0.0554 0.0950 49787642.8301 413042.3697 76031772.8955 84814.7730 5908975815.8967 11113995949.9844 7801708431.0369 2862141697.2275 227243480.0431 27110765.9186 22585855.5094 22368838.6602 22368838.6602 22367163.9597 0.0000 0.0928 0.0949 0.1261 0.1275 0.1283 0.1339 0.1351 0.1352 0.1352 0.1352 0.0000 0.0007 0.0052 0.0090 0.0170 0.0213 0.0216 0.0216 0.0216 0.0216 0.0216 1.4359 0.1944 0.1685 0.1340 0.1336 0.1304 0.1056 0.1001 0.0998 0.0998 0.0998 0.0000  
