8761 4 0.7786 0.7947 0.1600 0.1970 23981232.8653 22345218.5716 231540832.3202 27486.0484 599752.8390 30767560.7271 33381278.0144 12236351.4631 10817712.9409 10809893.6990 10809893.6990 10809893.6990 10809893.6990 10809893.6990 17.3128 0.5077 0.2638 0.2315 0.2118 0.2077 0.2077 0.2077 0.2077 0.2077 0.2077 0.2107 0.0406 0.5074 1.2979 1.5276 1.5375 1.5376 1.5376 1.5376 1.5376 1.5376 1.5376 0.1126 0.0805 0.0664 0.0577 0.0563 0.0563 0.0563 0.0563 0.0563 0.0563 0.0623  
8761 12 1.6425 0.6937 0.0183 0.0307 16627613.6958 3735379.2107 1261761431.2727 43370.8481 755519152.2194 4201613619.8435 1520657850.1858 319471804.1018 91074240.8713 53469756.7605 33101852.2407 18179184.6200 10680841.0133 8300554.9716 176.8694 0.5626 0.0191 0.0270 0.0421 0.0471 0.0485 0.0494 0.0514 0.0543 0.0562 0.0344 0.0185 0.1363 0.2773 0.3800 0.4347 0.4708 0.5142 0.5471 0.5637 0.5690 1.1640 0.1864 0.1141 0.0854 0.0732 0.0675 0.0657 0.0651 0.0639 0.0621 0.0609 0.1107  
8761 15 0.5399 0.6261 0.1968 0.1767 581192022.0439 0.0000 1663981082.7837 324272.2334 993316303.1903 12142645073.8738 8230753378.1481 3395631201.6992 1615195240.3408 933763972.8431 887677136.3717 878624817.8512 854465504.8630 821512872.4421 0.0000 1.1366 0.0100 0.0018 0.0348 0.2445 0.4552 0.4760 0.4766 0.4774 0.4785 0.0000 0.0037 0.0340 0.0805 0.1143 0.1546 0.1709 0.1721 0.1732 0.1763 0.1805 1.6453 0.2767 0.2012 0.1548 0.1330 0.1233 0.1147 0.1139 0.1138 0.1138 0.1137 0.0000  
8761 29 1.3216 0.6454 0.0560 0.1184 73481524.1503 194470791.5559 216551615.1071 169145.5836 2349316.5565 327223484.6661 811461872.9761 729960251.6866 504057464.0178 338122582.2688 231698778.8553 171797396.7754 145705116.9287 136665054.9853 1.7811 4.9223 1.3174 0.2716 0.0750 0.0497 0.0971 0.2839 0.5063 0.6267 0.6709 0.7922 0.0008 0.0083 0.0282 0.0621 0.1093 0.1667 0.2325 0.3028 0.3770 0.4303 2.5550 0.1637 0.1184 0.1036 0.0843 0.0696 0.0597 0.0528 0.0479 0.0442 0.0421 0.0367  
8761 30 0.0908 0.8898 0.0165 0.0362 20706913.0622 38474.3653 168017057.6564 2840.3300 11.5656 4445.4129 1136747.5326 10402975.8226 19979061.0542 21443373.7257 21393233.9531 21385231.4954 21385231.4954 21385231.4954 24.0443 1.1022 3.3100 0.8477 0.1987 0.0624 0.0295 0.0239 0.0237 0.0237 0.0237 0.0237 0.0091 0.1159 0.3994 0.8385 1.2578 1.4239 1.4453 1.4461 1.4461 1.4461 1.4461 0.1362 0.0844 0.0688 0.0638 0.0594 0.0568 0.0563 0.0563 0.0563 0.0563 0.0563  
8761 35 1.1445 0.4727 0.2775 0.5534 12266990.2165 1828120.9070 103531323.6445 14369.0478 4651341.6286 53679135.2387 61538770.0990 65870235.2261 45489247.6936 23277278.7532 14364986.0149 12871885.1716 12516540.7256 12252512.2226 18.5856 0.4627 1.6394 1.7351 0.2490 0.1894 0.1322 0.0618 0.0422 0.0399 0.0397 0.1988 0.0143 0.1166 0.2528 0.3540 0.4233 0.4819 0.5056 0.5108 0.5152 0.5201 1.4702 0.1341 0.1129 0.0841 0.0758 0.0726 0.0699 0.0669 0.0660 0.0659 0.0658 0.0813  
8761 36 0.3246 0.5428 0.0438 0.1022 165892434.7761 2037126.4835 263390531.3046 57254.6964 32689773187.8189 48365208508.8637 23546724150.4184 8724119826.5541 845119232.4231 246672639.5747 233141964.6018 232476505.3476 232476505.3476 232459100.3977 0.0000 1.3292 0.1362 0.1407 0.1410 0.1451 0.1550 0.1558 0.1558 0.1558 0.1558 0.0000 0.0007 0.0052 0.0090 0.0170 0.0213 0.0216 0.0216 0.0216 0.0216 0.0216 1.4359 0.1897 0.1727 0.1293 0.1283 0.1194 0.0978 0.0961 0.0960 0.0960 0.0960 0.0000  
17545 4 5.2275 1.8465 0.0546 0.0616 15975718.3849 5093657.6929 511432346.9723 10969.7556 1130525.8977 59940090.7782 71490343.4530 32061100.9147 29354000.3559 29339094.1330 29339094.1330 29339094.1330 29339094.1330 29339094.1330 46.4857 0.1880 0.0556 0.0481 0.0413 0.0397 0.0397 0.0397 0.0397 0.0397 0.0397 0.0401 0.0406 0.5074 1.2979 1.5276 1.5375 1.5376 1.5376 1.5376 1.5376 1.5376 1.5376 0.1127 0.0800 0.0656 0.0573 0.0563 0.0563 0.0563 0.0563 0.0563 0.0563 0.0604  
17545 12 1.9042 1.9364 0.0087 0.0129 18346547.9703 210893.8613 3363799157.6715 687280.4893 1565641722.8901 9180395350.7470 5108326561.0393 1657958903.9100 294562773.3749 104759317.7280 59439909.0426 29211317.1629 14024130.1234 9203687.8377 378.0462 0.1086 0.0039 0.0079 0.0134 0.0159 0.0171 0.0174 0.0178 0.0186 0.0192 0.0039 0.0185 0.1363 0.2773 0.3800 0.4347 0.4708 0.5142 0.5471 0.5637 0.5690 1.1640 0.1856 0.1094 0.0827 0.0742 0.0699 0.0661 0.0654 0.0645 0.0628 0.0614 0.1107  
17545 15 1.2010 1.1764 0.1553 0.1386 307355899.8989 0.0000 1674371690.2014 548264.6953 992200330.4387 16781680132.4018 12210950108.2108 4574827012.6227 1686874313.6825 580088278.6592 506990331.7378 500882832.1188 486808033.6633 467610394.4534 0.0000 0.2277 0.0013 0.0006 0.0133 0.1325 0.4017 0.4481 0.4492 0.4499 0.4509 0.0000 0.0037 0.0340 0.0805 0.1143 0.1546 0.1709 0.1721 0.1732 0.1763 0.1805 1.6453 0.2761 0.1968 0.1554 0.1341 0.1275 0.1159 0.1139 0.1139 0.1138 0.1137 0.0000  
17545 29 1.0288 0.8606 0.0552 0.0938 33595650.1787 622399.8299 183036065.2688 144524.9135 838291.7762 126709958.8875 490166119.2960 663523446.4523 528836250.5708 345867306.5483 219204460.9694 149734088.2929 115977379.9121 102229375.3110 1.0870 3.2054 0.6115 0.2890 0.0548 0.0114 0.0158 0.0439 0.1043 0.1891 0.2508 0.4571 0.0008 0.0083 0.0282 0.0621 0.1093 0.1667 0.2325 0.3028 0.3770 0.4303 2.5550 0.2172 0.1130 0.0969 0.0812 0.0694 0.0605 0.0538 0.0486 0.0446 0.0424 0.0367  
17545 30 1.4034 1.9439 0.0029 0.0065 2829420.2540 1747301.5510 181253790.5156 28847.9861 2690747.1055 73121291.3304 107124854.5402 42642520.3168 19621231.2993 21852028.3916 22706946.4061 22751327.3337 22751327.3337 22751327.3337 25.5802 0.0038 0.0172 0.0628 0.0536 0.0073 0.0035 0.0029 0.0028 0.0028 0.0028 0.0028 0.0091 0.1159 0.3994 0.8385 1.2578 1.4239 1.4453 1.4461 1.4461 1.4461 1.4461 0.1849 0.1301 0.1018 0.0777 0.0590 0.0564 0.0563 0.0563 0.0563 0.0563 0.0563  
17545 35 0.9905 0.7936 0.2349 0.2958 11791730.9877 2060.3618 91061351.4208 11240.2980 870888.2077 14473005.2631 35962407.2938 55861332.9449 42506514.7768 21846204.5005 13473141.8586 12070226.6341 11736335.7149 11488242.7081 14.5718 0.3193 0.9856 0.6137 0.1988 0.1978 0.1299 0.0391 0.0124 0.0093 0.0089 0.1854 0.0143 0.1166 0.2528 0.3540 0.4233 0.4819 0.5056 0.5108 0.5152 0.5201 1.4702 0.1288 0.1083 0.0810 0.0747 0.0726 0.0701 0.0669 0.0660 0.0659 0.0658 0.0765  
17545 36 0.8323 0.8942 0.0179 0.0796 57254109.7676 1114355.1703 248372956.5960 289590.8802 24657572350.8613 40121729576.2564 23207614810.2201 8582761655.7402 794738347.0253 203201908.5436 189827486.3558 189173764.5579 189173764.5579 189159601.5787 0.0000 0.0657 0.0720 0.0984 0.0994 0.1010 0.1059 0.1064 0.1064 0.1064 0.1064 0.0000 0.0007 0.0052 0.0090 0.0170 0.0213 0.0216 0.0216 0.0216 0.0216 0.0216 1.4359 0.1944 0.1733 0.1338 0.1330 0.1254 0.1020 0.0998 0.0997 0.0997 0.0997 0.0000  
26305 4 2.1624 1.4891 0.0258 0.0302 10768450.9686 40698351.2034 851927058.6927 57344.9192 1659934.5563 82992471.9268 113938637.8562 61010490.8463 57032879.1185 57008904.4965 57008904.4965 57008904.4965 57008904.4965 57008904.4965 89.4206 0.1573 0.0333 0.0275 0.0250 0.0245 0.0245 0.0245 0.0245 0.0245 0.0245 0.0245 0.0406 0.5074 1.2979 1.5276 1.5375 1.5376 1.5376 1.5376 1.5376 1.5376 1.5376 0.1139 0.0793 0.0645 0.0571 0.0563 0.0563 0.0563 0.0563 0.0563 0.0563 0.0590  
26305 12 0.9804 0.9469 0.0051 0.0063 22127566.1901 219450.1574 4707317189.2120 1308745.9248 52478208.7940 2938066965.8022 7892749301.4928 4460735827.9674 807495251.4116 267617310.8683 146272681.0143 66327461.6865 26165082.8703 13418337.6489 18.1363 0.0534 0.0032 0.0047 0.0062 0.0067 0.0072 0.0074 0.0077 0.0084 0.0094 0.0129 0.0185 0.1363 0.2773 0.3800 0.4347 0.4708 0.5142 0.5471 0.5637 0.5690 1.1640 0.1308 0.0918 0.0788 0.0737 0.0707 0.0663 0.0657 0.0652 0.0641 0.0627 0.1085  
26305 15 1.0122 1.1773 0.2623 0.3949 538134311.5480 0.0000 1690743954.3121 658476.6757 1400947405.4128 22891166339.0938 16830809998.1135 5844448539.8327 1720455563.3638 141248571.9566 38345937.9515 36464341.9301 36386574.5350 36280516.4615 0.0000 0.3025 0.0017 0.0006 0.0155 0.1933 1.4127 2.4775 2.5128 2.4865 2.4494 0.0000 0.0037 0.0340 0.0805 0.1143 0.1546 0.1709 0.1721 0.1732 0.1763 0.1805 1.6453 0.2825 0.1952 0.1559 0.1347 0.1316 0.1218 0.1142 0.1138 0.1136 0.1134 0.0000  
26305 29 0.9072 0.8790 0.0321 0.0932 27781869.6849 843811.2280 154914157.6516 148691.9333 160198.4652 28049418.0960 293289195.2391 578447361.2354 531025842.3223 347095526.4019 206348698.6754 129895093.9552 91542742.3609 75481028.5486 0.6397 5.0257 1.2377 0.3043 0.0425 0.0103 0.0156 0.0458 0.1100 0.1988 0.2647 0.4934 0.0008 0.0083 0.0282 0.0621 0.1093 0.1667 0.2325 0.3028 0.3770 0.4303 2.5550 0.2632 0.1119 0.0885 0.0783 0.0686 0.0608 0.0543 0.0491 0.0450 0.0428 0.0367  
26305 30 1.7594 1.2525 0.0037 0.0180 28827477.8107 3924855.7946 244310534.6226 40486.2984 2459000.3757 74361248.8976 150883339.9601 100340486.6632 44229207.1239 26057260.2117 23937984.0467 23857510.7404 23857510.7404 23857510.7404 26.8240 0.0071 0.0739 0.2132 0.1666 0.0416 0.0081 0.0066 0.0065 0.0065 0.0065 0.0065 0.0091 0.1159 0.3994 0.8385 1.2578 1.4239 1.4453 1.4461 1.4461 1.4461 1.4461 0.1862 0.1259 0.0946 0.0748 0.0626 0.0569 0.0563 0.0563 0.0563 0.0563 0.0563  
26305 35 0.8763 0.8984 0.2592 0.3135 10305301.9947 4570.0180 87993005.4271 11133.5141 944698.1127 13761618.1170 25943233.3542 46441232.5229 36837912.4689 19531756.4455 12492337.8247 11306320.1779 11006240.2688 10774329.9544 11.7573 0.3411 1.0867 0.7186 0.2095 0.1996 0.1294 0.0392 0.0136 0.0106 0.0102 0.1970 0.0143 0.1166 0.2528 0.3540 0.4233 0.4819 0.5056 0.5108 0.5152 0.5201 1.4702 0.1317 0.1111 0.0808 0.0743 0.0725 0.0700 0.0669 0.0660 0.0659 0.0658 0.0766  
26305 36 0.9558 0.9064 0.0476 0.0948 151194407.4719 811949.2259 224369334.6882 241024.6605 20493046452.1092 34572274771.1988 21122330442.5078 7799293658.5226 700856951.5683 161697813.8219 149507632.7864 148914140.5789 148914140.5789 148902991.7397 0.0000 0.0986 0.0999 0.1329 0.1342 0.1353 0.1390 0.1394 0.1394 0.1394 0.1394 0.0000 0.0007 0.0052 0.0090 0.0170 0.0213 0.0216 0.0216 0.0216 0.0216 0.0216 1.4359 0.1945 0.1719 0.1340 0.1334 0.1265 0.1025 0.1000 0.0999 0.0999 0.0999 0.0000  
35065 4 1.4669 1.2056 0.0374 0.0364 38418731.2099 10499767.5656 1116810185.6528 124005.4094 1790892.7547 73429086.1065 115271659.4191 87040278.0890 84737175.0764 84722021.2915 84722021.2915 84722021.2915 84722021.2915 84722021.2915 131.2715 0.1726 0.0440 0.0381 0.0363 0.0361 0.0361 0.0361 0.0361 0.0361 0.0361 0.0359 0.0406 0.5074 1.2979 1.5276 1.5375 1.5376 1.5376 1.5376 1.5376 1.5376 1.5376 0.1135 0.0791 0.0629 0.0567 0.0563 0.0563 0.0563 0.0563 0.0563 0.0563 0.0577  
35065 12 0.9655 0.9485 0.0025 0.0026 11233438.3235 40726.5826 4950003298.0797 1283148.1328 2619931.8579 728104991.1134 6785949816.1838 5456847758.6726 1321061844.8322 603118573.7322 336650417.9158 148038454.9722 53287081.2244 23215541.3090 2.0113 0.1161 0.0018 0.0020 0.0022 0.0024 0.0025 0.0026 0.0026 0.0028 0.0031 0.0659 0.0185 0.1363 0.2773 0.3800 0.4347 0.4708 0.5142 0.5471 0.5637 0.5690 1.1640 0.1387 0.0821 0.0749 0.0730 0.0699 0.0662 0.0658 0.0656 0.0651 0.0641 0.0814  
35065 15 1.2817 1.0944 0.0173 0.0834 93564895.2718 0.0000 2007562043.5300 666493.6832 1156939075.7472 23205086708.4085 21808046438.5140 7295246111.5632 2107755830.7028 131255299.0772 2506661.8442 357358.9561 862162.6983 1550709.0584 0.0000 0.4813 0.0031 0.0005 0.0015 0.0149 0.2649 2.8573 4.8198 3.8656 3.2204 0.0000 0.0037 0.0340 0.0805 0.1143 0.1546 0.1709 0.1721 0.1732 0.1763 0.1805 1.6453 0.2789 0.1885 0.1558 0.1350 0.1333 0.1326 0.1232 0.1110 0.1085 0.1068 0.0000  
35065 29 0.8430 0.9195 0.0168 0.0340 25040118.5221 905384.6536 130530369.4913 134890.9628 26724.3401 12008121.3982 229001838.0688 507728742.2837 502217328.4846 339835411.9823 196716486.8316 112418229.7729 70210429.0727 53269774.1908 0.3411 5.9253 0.8706 0.0827 0.0169 0.0097 0.0170 0.0510 0.1254 0.2302 0.3105 0.5923 0.0008 0.0083 0.0282 0.0621 0.1093 0.1667 0.2325 0.3028 0.3770 0.4303 2.5550 0.2942 0.1040 0.0840 0.0769 0.0681 0.0608 0.0547 0.0496 0.0455 0.0432 0.0367  
35065 30 1.0782 1.1378 0.0023 0.0175 40472537.7326 2927240.1595 355948561.2159 71232.8765 2544960.9882 72968451.9126 151152651.4762 122433497.5781 68305458.8455 39231171.0466 34469238.6306 34250231.3991 34250231.3991 34250231.3991 38.5089 0.0062 0.0837 0.2436 0.1569 0.0377 0.0089 0.0059 0.0057 0.0057 0.0057 0.0057 0.0091 0.1159 0.3994 0.8385 1.2578 1.4239 1.4453 1.4461 1.4461 1.4461 1.4461 0.1846 0.1263 0.0923 0.0721 0.0624 0.0573 0.0563 0.0563 0.0563 0.0563 0.0563  
35065 35 0.8124 0.9993 0.3023 0.3843 9149001.9314 3004.1032 73070427.3405 9756.5582 2308935.6029 29599115.1841 23809100.0408 40469793.5986 32425366.4982 17631042.2201 11609120.6822 10589338.4758 10317205.2901 10100229.0708 10.2191 0.2815 0.8658 1.0065 0.2190 0.1973 0.1263 0.0378 0.0136 0.0108 0.0105 0.1996 0.0143 0.1166 0.2528 0.3540 0.4233 0.4819 0.5056 0.5108 0.5152 0.5201 1.4702 0.1317 0.1130 0.0829 0.0743 0.0725 0.0699 0.0668 0.0660 0.0659 0.0658 0.0777  
35065 36 0.9252 0.9579 0.0553 0.0988 136351058.8302 884562.5250 199307282.0120 230379.0568 19996588542.2868 32815256943.0929 19232515876.4222 7088108780.0101 620108257.2166 128833670.6329 117726148.4393 117187212.6338 117187212.6338 117178439.1125 0.0000 0.0986 0.1001 0.1320 0.1339 0.1350 0.1392 0.1397 0.1397 0.1397 0.1397 0.0000 0.0007 0.0052 0.0090 0.0170 0.0213 0.0216 0.0216 0.0216 0.0216 0.0216 1.4359 0.1945 0.1729 0.1341 0.1334 0.1273 0.1028 0.1000 0.0999 0.0999 0.0999 0.0000  
43825 4 1.1336 1.1338 0.0257 0.0254 25405965.3557 20620640.2637 1312412922.3173 181904.3619 1581569.1328 71380226.5912 122239072.2207 107559813.8923 106254719.7566 106246155.3588 106246155.3588 106246155.3588 106246155.3588 106246155.3588 164.2727 0.1751 0.0343 0.0257 0.0224 0.0221 0.0221 0.0221 0.0221 0.0221 0.0221 0.0222 0.0406 0.5074 1.2979 1.5276 1.5375 1.5376 1.5376 1.5376 1.5376 1.5376 1.5376 0.1133 0.0791 0.0622 0.0566 0.0563 0.0563 0.0563 0.0563 0.0563 0.0563 0.0573  
43825 12 0.9523 0.9497 0.0022 0.0021 11020351.3038 25454.8840 4766544359.7616 1238824.4866 813689.6895 368278095.1544 5711301958.9689 5096740420.8405 1555579164.0974 842299721.5601 475091453.9877 207414266.7077 72944312.1341 30267375.7347 1.4175 0.2119 0.0023 0.0020 0.0021 0.0022 0.0024 0.0024 0.0024 0.0025 0.0027 0.0997 0.0185 0.1363 0.2773 0.3800 0.4347 0.4708 0.5142 0.5471 0.5637 0.5690 1.1640 0.1782 0.0759 0.0735 0.0726 0.0687 0.0661 0.0659 0.0658 0.0654 0.0648 0.0584  
43825 15 1.3513 1.0419 0.0017 0.0054 6343578.4620 0.0000 2243318216.4725 854268.2767 1065542866.3577 22046113173.9398 25049701810.6600 8346503074.0998 2409292547.0069 149895079.5507 2694432.7726 119161.2677 349760.9858 664296.2670 0.0000 0.2539 0.0012 0.0003 0.0004 0.0007 0.0074 0.3804 3.9282 2.0593 1.4354 0.0000 0.0037 0.0340 0.0805 0.1143 0.1546 0.1709 0.1721 0.1732 0.1763 0.1805 1.6453 0.2792 0.1826 0.1557 0.1350 0.1333 0.1333 0.1328 0.1019 0.1002 0.0998 0.0000  
43825 29 0.8769 0.9253 0.0125 0.0195 23647864.3835 941328.9040 108179221.8091 113712.3380 27071.5228 9277975.2456 194037502.9944 447451999.1218 465253637.7168 328357737.7330 186395425.3988 95000943.2954 50785051.6471 34482597.9361 0.1530 6.1976 0.9602 0.0328 0.0127 0.0103 0.0197 0.0607 0.1547 0.2900 0.3965 0.7649 0.0008 0.0083 0.0282 0.0621 0.1093 0.1667 0.2325 0.3028 0.3770 0.4303 2.5550 0.3134 0.1078 0.0831 0.0763 0.0676 0.0606 0.0550 0.0503 0.0462 0.0437 0.0367  
43825 30 0.9735 1.0082 0.0043 0.0304 71210609.1090 926216.7055 451522258.8416 76802.1380 2292284.7168 61204740.0036 112629644.1826 99904531.7464 72480843.8703 53267119.2997 49876399.0807 49716455.0695 49716455.0695 49716455.0695 55.8982 0.0199 0.2367 0.5886 0.2707 0.0600 0.0194 0.0144 0.0141 0.0141 0.0141 0.0141 0.0091 0.1159 0.3994 0.8385 1.2578 1.4239 1.4453 1.4461 1.4461 1.4461 1.4461 0.1841 0.1268 0.0922 0.0709 0.0614 0.0571 0.0563 0.0563 0.0563 0.0563 0.0563  
43825 35 0.9542 0.8428 0.3232 0.3906 8550663.3155 3472.0889 67605757.3299 7926.5472 1108042.0592 15596384.0899 17038129.0146 32399894.4399 26809574.7456 15352858.4571 10677017.3395 9875960.3110 9637279.4218 9435820.9551 8.0450 0.2951 0.9757 0.9555 0.2449 0.2252 0.1376 0.0403 0.0152 0.0124 0.0121 0.2301 0.0143 0.1166 0.2528 0.3540 0.4233 0.4819 0.5056 0.5108 0.5152 0.5201 1.4702 0.1289 0.1120 0.0818 0.0741 0.0724 0.0696 0.0667 0.0660 0.0659 0.0658 0.0763  
43825 36 0.8794 0.9053 0.0571 0.0997 116387771.4198 854202.2180 181103454.0764 213137.4713 16531438501.0818 28201284230.9339 17503535606.6928 6443855737.9211 550450093.3113 102818651.0108 92697888.8087 92208284.0645 92208284.0645 92201380.6548 0.0000 0.0986 0.1000 0.1332 0.1345 0.1354 0.1393 0.1398 0.1399 0.1399 0.1399 0.0000 0.0007 0.0052 0.0090 0.0170 0.0213 0.0216 0.0216 0.0216 0.0216 0.0216 1.4359 0.1945 0.1719 0.1341 0.1335 0.1280 0.1032 0.1000 0.0999 0.0999 0.0999 0.0000  
52609 4 1.0171 1.0241 0.0204 0.0198 22005134.7566 17833296.3008 1393494331.6546 206207.5983 696414.8247 38575840.8747 102047605.3658 118146221.6267 118891168.0658 118894958.2626 118894958.2626 118894958.2626 118894958.2626 118894958.2626 182.4536 0.2047 0.0276 0.0202 0.0181 0.0179 0.0179 0.0179 0.0179 0.0179 0.0179 0.0179 0.0406 0.5074 1.2979 1.5276 1.5375 1.5376 1.5376 1.5376 1.5376 1.5376 1.5376 0.1134 0.0769 0.0602 0.0564 0.0563 0.0563 0.0563 0.0563 0.0563 0.0563 0.0567  
52609 12 0.9476 0.9502 0.0022 0.0021 10901567.9829 24539.5729 4540847555.1570 1179722.3501 887311.4126 292598030.0416 4873429150.3545 4575797952.6320 1674158599.3887 998750501.9993 566333511.2240 246491699.3740 85816763.1580 34823218.5079 1.1957 0.2136 0.0026 0.0021 0.0021 0.0023 0.0024 0.0024 0.0024 0.0025 0.0027 0.0953 0.0185 0.1363 0.2773 0.3800 0.4347 0.4708 0.5142 0.5471 0.5637 0.5690 1.1640 0.1865 0.0742 0.0733 0.0722 0.0681 0.0660 0.0659 0.0658 0.0655 0.0650 0.0586  
52609 15 1.0216 1.0224 0.0007 0.0017 5220302.5057 0.0000 2417580970.5328 1154353.5336 714982512.2257 21943039346.4558 25814508000.8891 9541666134.8692 2777331321.5424 172786214.0309 3087581.9280 62754.8066 164178.1170 302518.3141 0.0000 0.2675 0.0010 0.0002 0.0003 0.0005 0.0051 0.2640 5.0996 2.8877 1.9832 0.0000 0.0037 0.0340 0.0805 0.1143 0.1546 0.1709 0.1721 0.1732 0.1763 0.1805 1.6453 0.2743 0.1802 0.1551 0.1349 0.1333 0.1333 0.1330 0.1034 0.1008 0.1001 0.0000  
52609 29 0.8666 0.9192 0.0179 0.0257 23881895.4615 895699.7407 87240905.1473 99709.1672 32307.7856 7941019.7541 166307806.8977 391934075.6033 424617539.3867 313694630.2207 173692837.1485 76091827.6180 32562952.6381 18776613.8481 0.0494 6.1438 1.1998 0.0449 0.0185 0.0139 0.0265 0.0819 0.2173 0.4162 0.5722 1.0932 0.0008 0.0083 0.0282 0.0621 0.1093 0.1667 0.2325 0.3028 0.3770 0.4303 2.5550 0.3053 0.1126 0.0831 0.0760 0.0672 0.0604 0.0554 0.0513 0.0471 0.0446 0.0367  
52609 30 1.0401 1.1535 0.0058 0.0284 76775952.7443 557990.2006 519968862.2057 74765.0228 4040272.5492 101912055.5208 153354521.0892 96496923.0259 70787322.4520 62963915.7460 61838675.8221 61788944.2576 61788944.2576 61788944.2576 69.4718 0.0186 0.2152 0.5934 0.3129 0.0529 0.0178 0.0141 0.0140 0.0140 0.0140 0.0140 0.0091 0.1159 0.3994 0.8385 1.2578 1.4239 1.4453 1.4461 1.4461 1.4461 1.4461 0.1827 0.1290 0.0964 0.0720 0.0605 0.0568 0.0563 0.0563 0.0563 0.0563 0.0563  
52609 35 0.8489 0.9047 0.2069 0.4910 7926306.8274 37593.4548 56235338.3046 7563.4110 980790.3155 13169707.2860 14706633.7862 26811894.3299 22390363.2791 13451072.6002 9800961.7424 9167579.2269 8957321.6304 8771218.6628 6.6965 0.3317 1.2810 1.3224 0.2732 0.2432 0.1422 0.0403 0.0158 0.0130 0.0127 0.2471 0.0143 0.1166 0.2528 0.3540 0.4233 0.4819 0.5056 0.5108 0.5152 0.5201 1.4702 0.1311 0.1129 0.0826 0.0742 0.0722 0.0693 0.0666 0.0660 0.0659 0.0658 0.0777  
52609 36 0.9119 0.9187 0.0575 0.1000 111091342.7609 955877.6597 169831466.1443 187425.3310 13136775062.7000 24475757232.4609 16998741438.3244 6250937359.6659 518272544.9251 82850116.2303 73005401.7736 72530863.5840 72530863.5840 72525433.3749 0.0000 0.0982 0.1001 0.1334 0.1347 0.1355 0.1395 0.1401 0.1402 0.1402 0.1402 0.0000 0.0007 0.0052 0.0090 0.0170 0.0213 0.0216 0.0216 0.0216 0.0216 0.0216 1.4359 0.1945 0.1697 0.1340 0.1336 0.1289 0.1038 0.1001 0.0999 0.0999 0.0999 0.0000  
61369 4 1.0527 1.0243 0.0178 0.0167 20209254.9145 16100660.1280 1439453351.9960 209737.7155 573451.7662 37280489.1269 103530835.9229 122829928.3647 123765778.1636 123770287.8098 123770287.8098 123770287.8098 123770287.8098 123770287.8098 189.9211 0.2101 0.0240 0.0169 0.0158 0.0157 0.0157 0.0157 0.0157 0.0157 0.0157 0.0157 0.0406 0.5074 1.2979 1.5276 1.5375 1.5376 1.5376 1.5376 1.5376 1.5376 1.5376 0.1131 0.0775 0.0598 0.0564 0.0563 0.0563 0.0563 0.0563 0.0563 0.0563 0.0567  
61369 12 0.9440 0.9506 0.0023 0.0022 10838818.3571 31913.2875 4291433700.2761 1117882.3637 1310841.1589 253682555.7730 4216100290.8273 4119266137.8411 1721900379.3028 1086937441.3115 618110216.3148 268597813.5802 93017842.3054 37293934.2776 1.1803 0.2186 0.0031 0.0022 0.0022 0.0024 0.0025 0.0025 0.0025 0.0026 0.0028 0.0870 0.0185 0.1363 0.2773 0.3800 0.4347 0.4708 0.5142 0.5471 0.5637 0.5690 1.1640 0.1866 0.0744 0.0732 0.0719 0.0677 0.0660 0.0659 0.0658 0.0656 0.0651 0.0653  
61369 15 1.1755 1.0186 0.0011 0.0014 5187631.8919 0.0000 2535288342.9781 1179264.7119 669868570.8752 22311976887.1589 25455677249.6773 10787805515.7244 3170951511.8294 197272767.5808 3518296.3670 40268.7007 84333.2855 144436.8643 0.0000 0.3479 0.0012 0.0004 0.0005 0.0006 0.0041 0.2023 6.3379 4.0308 2.8356 0.0000 0.0037 0.0340 0.0805 0.1143 0.1546 0.1709 0.1721 0.1732 0.1763 0.1805 1.6453 0.2722 0.1810 0.1543 0.1346 0.1333 0.1333 0.1332 0.1057 0.1020 0.1008 0.0000  
61369 29 0.8141 0.9143 0.0230 0.0301 22063300.6511 1022886.1643 69467383.1071 86410.1757 24378.3809 6755051.3654 142351081.3369 341806538.0871 384584293.0250 296125143.0205 158364275.5324 57162039.4902 17607728.7942 7986729.3384 0.0100 6.1475 1.2009 0.0451 0.0220 0.0183 0.0355 0.1036 0.2909 0.5987 0.8276 1.5614 0.0008 0.0083 0.0282 0.0621 0.1093 0.1667 0.2325 0.3028 0.3770 0.4303 2.5550 0.3003 0.1118 0.0830 0.0757 0.0668 0.0601 0.0559 0.0526 0.0487 0.0459 0.0367  
61369 30 1.0982 1.0531 0.0040 0.0267 74734605.5934 966569.5868 584590862.6735 77759.8968 3510960.5184 90994343.6017 157976995.8769 110217760.4719 78669790.0213 71066765.0761 70225536.5569 70193319.1591 70193319.1591 70193319.1591 78.9212 0.0175 0.1680 0.4959 0.3022 0.0519 0.0152 0.0126 0.0125 0.0125 0.0125 0.0125 0.0091 0.1159 0.3994 0.8385 1.2578 1.4239 1.4453 1.4461 1.4461 1.4461 1.4461 0.1826 0.1269 0.0941 0.0728 0.0604 0.0567 0.0563 0.0563 0.0563 0.0563 0.0563  
61369 35 1.0442 0.8682 0.2144 0.4898 7563065.1249 26861.5638 44640111.3850 6420.9311 677585.5941 9722895.2739 11712792.3024 20238161.0233 17295823.5820 11341241.5225 8905626.0038 8470021.9729 8291186.5971 8120576.3684 5.0876 0.2890 1.1962 1.1864 0.3242 0.2897 0.1587 0.0440 0.0184 0.0155 0.0152 0.3000 0.0143 0.1166 0.2528 0.3540 0.4233 0.4819 0.5056 0.5108 0.5152 0.5201 1.4702 0.1297 0.1123 0.0822 0.0742 0.0720 0.0690 0.0665 0.0660 0.0659 0.0658 0.0772  
61369 36 0.8806 0.9017 0.0579 0.1004 102570210.6444 746649.4558 151739241.8602 170916.0026 10307781815.2659 20764332139.3487 15670647896.8203 5758612414.3798 468366095.0356 66547400.9611 57462456.5718 57025529.6236 57025529.6236 57021260.2611 0.0000 0.0985 0.1005 0.1343 0.1353 0.1359 0.1399 0.1406 0.1406 0.1406 0.1406 0.0000 0.0007 0.0052 0.0090 0.0170 0.0213 0.0216 0.0216 0.0216 0.0216 0.0216 1.4359 0.1945 0.1666 0.1340 0.1336 0.1296 0.1045 0.1001 0.0999 0.0999 0.0999 0.0000  
70129 4 0.9979 1.0093 0.0170 0.0166 20849946.2332 16194104.2086 1462755063.5412 220796.8470 572928.8090 31523357.7059 100595039.7103 125688039.6355 126980546.0290 126986906.9934 126986906.9934 126986906.9934 126986906.9934 126986906.9934 194.5377 0.2028 0.0255 0.0172 0.0159 0.0158 0.0158 0.0158 0.0158 0.0158 0.0158 0.0158 0.0406 0.5074 1.2979 1.5276 1.5375 1.5376 1.5376 1.5376 1.5376 1.5376 1.5376 0.1144 0.0771 0.0594 0.0564 0.0563 0.0563 0.0563 0.0563 0.0563 0.0563 0.0566  
70129 12 0.9417 0.9516 0.0024 0.0023 10805756.8953 45070.1238 4073453599.4632 1055294.7926 3387932.2203 230932405.4952 3654444093.5777 3714648062.5946 1743028445.8827 1146588786.7091 653331312.2454 283590195.3391 97848341.8884 38899396.0689 1.5818 0.1938 0.0046 0.0023 0.0024 0.0026 0.0026 0.0026 0.0027 0.0027 0.0029 0.0589 0.0185 0.1363 0.2773 0.3800 0.4347 0.4708 0.5142 0.5471 0.5637 0.5690 1.1640 0.1871 0.0760 0.0732 0.0717 0.0675 0.0660 0.0659 0.0658 0.0656 0.0652 0.0805  
70129 15 0.9462 0.9883 0.0006 0.0013 4797843.6119 0.0000 2576541762.3150 1386279.0144 585203156.6132 21291348127.5566 24395701325.7731 11623857704.7440 3441621921.4032 214113298.3856 3818172.2863 33525.1666 52838.6478 79182.0174 0.0000 0.4187 0.0011 0.0002 0.0003 0.0004 0.0041 0.2158 7.7303 5.8731 4.5226 0.0000 0.0037 0.0340 0.0805 0.1143 0.1546 0.1709 0.1721 0.1732 0.1763 0.1805 1.6453 0.2674 0.1808 0.1534 0.1344 0.1333 0.1333 0.1332 0.1091 0.1048 0.1026 0.0000  
70129 29 0.7488 0.9174 0.0248 0.0309 16567882.6635 683365.8589 57784201.0682 70347.1388 14477.6869 5665280.5545 121108573.9061 296862392.1170 346866356.3865 277617701.7412 145196082.2071 44160649.4868 8865478.5957 2617534.5683 0.0006 6.1743 0.8443 0.0362 0.0231 0.0231 0.0415 0.0980 0.2760 0.6984 1.1180 2.7828 0.0008 0.0083 0.0282 0.0621 0.1093 0.1667 0.2325 0.3028 0.3770 0.4303 2.5550 0.3130 0.1047 0.0828 0.0755 0.0665 0.0599 0.0565 0.0544 0.0513 0.0484 0.0367  
70129 30 0.9899 0.9406 0.0041 0.0278 77733176.4545 893393.2714 638792622.0228 85396.1340 1850821.3482 54616855.7150 100478369.2857 94072842.2191 82013950.1650 78935831.6937 78721712.9898 78718052.3977 78718052.3977 78718052.3977 88.5059 0.0225 0.2506 0.6330 0.3403 0.0554 0.0155 0.0129 0.0128 0.0128 0.0128 0.0128 0.0091 0.1159 0.3994 0.8385 1.2578 1.4239 1.4453 1.4461 1.4461 1.4461 1.4461 0.1826 0.1250 0.0915 0.0711 0.0602 0.0567 0.0563 0.0563 0.0563 0.0563 0.0563  
70129 35 0.7505 0.8337 0.1283 0.4874 6420675.0157 87920.3785 45710387.1841 6704.6789 367753.9029 5226721.5052 8219214.3008 14014611.7780 12608026.3852 9381010.8340 8052599.3810 7797522.9723 7648004.9690 7492327.8466 3.5197 0.3557 1.2445 1.0991 0.3617 0.3267 0.1615 0.0439 0.0202 0.0176 0.0174 0.3404 0.0143 0.1166 0.2528 0.3540 0.4233 0.4819 0.5056 0.5108 0.5152 0.5201 1.4702 0.1301 0.1118 0.0817 0.0742 0.0716 0.0684 0.0664 0.0659 0.0658 0.0658 0.0769  
70129 36 0.8678 0.9019 0.0583 0.1003 88733799.9115 738123.5128 133268976.0511 150516.0562 8594119457.8139 17819759076.4931 13824245549.3090 5077294638.7138 407944255.2021 53285482.3841 45266805.3434 44881702.8173 44881702.8173 44878342.6335 0.0000 0.0983 0.1003 0.1339 0.1348 0.1353 0.1389 0.1396 0.1396 0.1396 0.1396 0.0000 0.0007 0.0052 0.0090 0.0170 0.0213 0.0216 0.0216 0.0216 0.0216 0.0216 1.4359 0.1944 0.1656 0.1340 0.1336 0.1300 0.1050 0.1001 0.0999 0.0999 0.0999 0.0000  
78889 4 1.0212 1.0034 0.0168 0.0160 20043087.3190 16201720.3008 1466786872.6905 220342.5976 585180.9984 30440153.8716 98902930.5335 126599370.0779 128111074.2546 128118839.0967 128118839.0967 128118839.0967 128118839.0967 128118839.0967 196.1986 0.2126 0.0241 0.0164 0.0153 0.0153 0.0153 0.0153 0.0153 0.0153 0.0153 0.0153 0.0406 0.5074 1.2979 1.5276 1.5375 1.5376 1.5376 1.5376 1.5376 1.5376 1.5376 0.1150 0.0773 0.0591 0.0564 0.0563 0.0563 0.0563 0.0563 0.0563 0.0563 0.0566  
78889 12 0.9442 0.9520 0.0025 0.0024 10789117.8380 47735.9060 3860273681.4779 993752.0159 3738164.5138 202553763.0683 3120769771.5162 3335428295.1189 1772662779.7700 1211099370.0442 691297436.6093 299773497.6565 103089046.1327 40667286.5768 1.3769 0.1766 0.0052 0.0024 0.0025 0.0027 0.0027 0.0028 0.0028 0.0028 0.0030 0.0539 0.0185 0.1363 0.2773 0.3800 0.4347 0.4708 0.5142 0.5471 0.5637 0.5690 1.1640 0.1861 0.0770 0.0732 0.0714 0.0672 0.0660 0.0659 0.0658 0.0657 0.0653 0.0858  
78889 15 1.0598 1.0362 0.0005 0.0011 4103615.4047 0.0000 2659131231.0364 1311667.3627 744689774.1668 23904992734.2895 24185791366.0407 12105791266.5822 3595133879.4532 223659281.0827 3982928.5891 25452.9921 33885.5573 45387.4853 0.0000 0.4576 0.0011 0.0001 0.0002 0.0003 0.0038 0.2006 8.3720 7.1173 5.9481 0.0000 0.0037 0.0340 0.0805 0.1143 0.1546 0.1709 0.1721 0.1732 0.1763 0.1805 1.6453 0.2661 0.1857 0.1528 0.1343 0.1333 0.1333 0.1332 0.1112 0.1075 0.1049 0.0000  
78889 29 0.6052 0.9251 0.0254 0.0327 10821926.1894 448431.9719 51398427.7208 52677.7649 9954.5821 4825392.7888 103754978.1123 258514088.6708 311667161.0105 258240816.3335 135254983.3716 38200366.3586 5847368.0913 1115727.9101 0.0000 6.1657 0.7328 0.0357 0.0253 0.0272 0.0429 0.0724 0.1612 0.4546 0.9162 5.9390 0.0008 0.0083 0.0282 0.0621 0.1093 0.1667 0.2325 0.3028 0.3770 0.4303 2.5550 0.3124 0.1022 0.0827 0.0752 0.0662 0.0597 0.0567 0.0556 0.0545 0.0533 0.0367  
78889 30 1.2057 0.9409 0.0179 0.0325 85366915.2120 54963.5781 657233826.2370 84534.6863 2151984.2534 48076289.2734 58892325.7775 57741921.8509 74604928.1489 83829387.2038 85193881.7569 85252369.5363 85252369.5363 85252369.5363 95.8527 0.0364 0.4344 1.0626 0.4846 0.0612 0.0199 0.0174 0.0173 0.0173 0.0173 0.0173 0.0091 0.1159 0.3994 0.8385 1.2578 1.4239 1.4453 1.4461 1.4461 1.4461 1.4461 0.1857 0.1284 0.0950 0.0697 0.0592 0.0566 0.0563 0.0563 0.0563 0.0563 0.0563  
78889 35 0.7748 0.9624 0.3327 0.7125 6704247.6524 24384.1842 34698843.5686 5031.7636 824803.9137 11046746.5385 9975604.8856 10017298.6631 8680446.0519 7663473.7815 7249798.5299 7144431.0849 7020722.5891 6879293.0862 2.7926 0.3071 1.3924 1.7785 0.5246 0.4053 0.1791 0.0488 0.0252 0.0226 0.0224 0.4538 0.0143 0.1166 0.2528 0.3540 0.4233 0.4819 0.5056 0.5108 0.5152 0.5201 1.4702 0.1317 0.1132 0.0853 0.0752 0.0712 0.0680 0.0662 0.0659 0.0658 0.0658 0.0817  
78889 36 0.8637 0.8901 0.0565 0.0966 79398925.7655 575614.8511 116377545.9428 130624.1631 6693818867.7922 14889103153.8947 12277673243.7643 4507752399.1690 358215448.4063 43038912.5232 35912913.0471 35571112.4277 35571112.4277 35568449.3051 0.0000 0.0933 0.0954 0.1274 0.1281 0.1285 0.1319 0.1326 0.1327 0.1327 0.1327 0.0000 0.0007 0.0052 0.0090 0.0170 0.0213 0.0216 0.0216 0.0216 0.0216 0.0216 1.4359 0.1944 0.1633 0.1339 0.1336 0.1304 0.1056 0.1001 0.0998 0.0998 0.0998 0.0000  
87673 4 0.9918 0.9968 0.0161 0.0157 19913091.9365 15313540.5325 1465289825.5476 225021.9969 465870.2064 30522070.9969 98186269.3422 126015074.6723 127559879.0343 127567843.5952 127567843.5952 127567843.5952 127567843.5952 127567843.5952 195.4142 0.2176 0.0236 0.0163 0.0151 0.0151 0.0151 0.0151 0.0151 0.0151 0.0151 0.0151 0.0406 0.5074 1.2979 1.5276 1.5375 1.5376 1.5376 1.5376 1.5376 1.5376 1.5376 0.1134 0.0769 0.0590 0.0564 0.0563 0.0563 0.0563 0.0563 0.0563 0.0563 0.0566  
87673 12 0.9390 0.9539 0.0027 0.0025 10815640.7391 57493.3073 3652322471.0201 938303.0178 8258432.7234 195890546.0637 2705815117.0592 3017903615.3333 1761070380.1293 1233286054.5832 704740233.8892 305413357.7929 104809144.9802 41143397.1536 1.9296 0.1679 0.0074 0.0025 0.0026 0.0028 0.0029 0.0029 0.0029 0.0030 0.0031 0.0357 0.0185 0.1363 0.2773 0.3800 0.4347 0.4708 0.5142 0.5471 0.5637 0.5690 1.1640 0.1894 0.0801 0.0731 0.0711 0.0670 0.0660 0.0659 0.0658 0.0657 0.0653 0.0941  
87673 15 1.0078 1.0190 0.0005 0.0010 3793566.9623 0.0000 2700745776.8838 1390118.0284 711590416.1808 24265826694.5799 25292225330.7798 12359065742.3367 3665231894.7043 228020376.6275 4060407.4324 23943.4948 27195.7410 31631.7758 0.0000 0.4000 0.0010 0.0001 0.0001 0.0003 0.0033 0.1799 8.7082 7.9595 7.1298 0.0000 0.0037 0.0340 0.0805 0.1143 0.1546 0.1709 0.1721 0.1732 0.1763 0.1805 1.6453 0.2641 0.1853 0.1528 0.1343 0.1333 0.1333 0.1332 0.1124 0.1099 0.1075 0.0000  
87673 29 0.6804 0.9304 0.0268 0.0376 5736401.8700 266984.4124 47435171.3195 31882.4946 14933.0507 4057736.0880 87568446.1665 226342678.2285 283358398.4036 238962242.4548 125875034.6673 35511923.0938 5380732.2384 1004307.9308 0.0000 6.0737 0.9330 0.0518 0.0319 0.0289 0.0386 0.0481 0.0629 0.1124 0.2059 7.1141 0.0008 0.0083 0.0282 0.0621 0.1093 0.1667 0.2325 0.3028 0.3770 0.4303 2.5550 0.3222 0.1076 0.0827 0.0749 0.0659 0.0596 0.0567 0.0559 0.0555 0.0554 0.0367  
87673 30 1.0505 0.8860 0.0170 0.0302 74698959.6465 47417.8857 641770609.8714 101926.1393 1415977.5445 20876190.9793 15425560.0087 28246815.4333 64571311.0488 83679571.5691 86478641.0245 86598114.2839 86598114.2839 86598114.2839 97.3657 0.0732 1.0332 2.0849 0.5949 0.0510 0.0204 0.0187 0.0186 0.0186 0.0186 0.0186 0.0091 0.1159 0.3994 0.8385 1.2578 1.4239 1.4453 1.4461 1.4461 1.4461 1.4461 0.1861 0.1315 0.0991 0.0663 0.0581 0.0565 0.0563 0.0563 0.0563 0.0563 0.0563  
87673 35 0.8764 0.8369 0.2071 0.6526 5031475.2770 107824.9045 28237566.3235 3898.8439 476295.9410 6832451.6552 7218796.2376 6480067.5936 6096475.4825 6417987.0992 6545198.0006 6529622.2734 6425009.1816 6296626.3576 1.8489 0.2903 1.2522 1.5032 0.5464 0.3999 0.1509 0.0437 0.0262 0.0244 0.0242 0.4880 0.0143 0.1166 0.2528 0.3540 0.4233 0.4819 0.5056 0.5108 0.5152 0.5201 1.4702 0.1296 0.1120 0.0849 0.0756 0.0704 0.0673 0.0661 0.0659 0.0658 0.0658 0.0810  
87673 36 0.8845 0.9211 0.0560 0.0955 69528837.2186 530244.1767 103713034.8127 112818.1981 6082870514.7484 13293876694.4038 10803236309.2738 3964193868.4424 312152376.0798 34762923.3429 28491274.0603 28190763.4617 28190763.4617 28188652.8878 0.0000 0.0930 0.0951 0.1264 0.1274 0.1279 0.1317 0.1327 0.1327 0.1327 0.1327 0.0000 0.0007 0.0052 0.0090 0.0170 0.0213 0.0216 0.0216 0.0216 0.0216 0.0216 1.4359 0.1944 0.1640 0.1339 0.1336 0.1307 0.1061 0.1002 0.0998 0.0998 0.0998 0.0000  
96433 4 1.0118 1.0154 0.0164 0.0152 19129001.1344 15346864.6723 1482758902.8924 223184.6701 574951.0592 38340885.8816 106539741.8919 127376669.9750 128370832.0610 128374911.6657 128374911.6657 128374911.6657 128374911.6657 128374911.6657 197.0299 0.2083 0.0239 0.0158 0.0144 0.0143 0.0143 0.0143 0.0143 0.0143 0.0143 0.0144 0.0406 0.5074 1.2979 1.5276 1.5375 1.5376 1.5376 1.5376 1.5376 1.5376 1.5376 0.1129 0.0776 0.0596 0.0564 0.0563 0.0563 0.0563 0.0563 0.0563 0.0563 0.0566  
96433 12 0.9378 0.9553 0.0028 0.0027 10772536.7997 64238.3302 3454272148.9308 881034.4569 11066369.8099 191120881.1235 2370177226.8432 2747471767.5359 1730134447.2780 1233766661.6766 705571430.5629 305634805.5483 104724349.1439 40961428.3318 2.4447 0.1719 0.0087 0.0026 0.0028 0.0030 0.0030 0.0031 0.0031 0.0031 0.0033 0.0279 0.0185 0.1363 0.2773 0.3800 0.4347 0.4708 0.5142 0.5471 0.5637 0.5690 1.1640 0.1884 0.0830 0.0731 0.0708 0.0669 0.0659 0.0659 0.0658 0.0657 0.0654 0.1003  
96433 15 0.9523 0.9683 0.0006 0.0011 4140719.2135 0.0000 2623131209.9627 1400934.1047 635079117.1015 22685674030.0629 24277953053.0337 12114520952.1056 3596759720.4106 223766865.3809 3991057.8050 29209.7119 30062.3645 31225.3849 0.0000 0.3273 0.0007 0.0001 0.0001 0.0003 0.0040 0.2180 8.9343 8.6138 8.1983 0.0000 0.0037 0.0340 0.0805 0.1143 0.1546 0.1709 0.1721 0.1732 0.1763 0.1805 1.6453 0.2582 0.1825 0.1528 0.1343 0.1333 0.1333 0.1332 0.1133 0.1121 0.1107 0.0000  
96433 29 0.8750 0.9271 0.0296 0.0463 6244555.7237 252956.0142 43494145.0724 21694.3221 19784.0021 3356033.8024 72790528.0032 197357554.9329 257308552.3048 219468620.3407 115829441.7149 32686598.8022 4951777.9888 923724.4149 0.0000 5.8826 1.1041 0.0705 0.0387 0.0330 0.0443 0.0546 0.0677 0.1090 0.1860 7.0312 0.0008 0.0083 0.0282 0.0621 0.1093 0.1667 0.2325 0.3028 0.3770 0.4303 2.5550 0.3239 0.1118 0.0826 0.0744 0.0657 0.0596 0.0567 0.0559 0.0555 0.0554 0.0367  
96433 30 0.9794 0.9814 0.0163 0.0251 65264559.3610 44686.8537 609301585.4308 107070.6725 2634382.4512 33585548.3654 19802885.4344 17393089.9781 55487982.8214 80208295.3290 84021345.7040 84187036.2163 84187036.2163 84187036.2163 94.6549 0.0548 0.8925 2.1375 0.6512 0.0362 0.0196 0.0186 0.0186 0.0186 0.0186 0.0186 0.0091 0.1159 0.3994 0.8385 1.2578 1.4239 1.4453 1.4461 1.4461 1.4461 1.4461 0.1859 0.1355 0.1077 0.0652 0.0572 0.0564 0.0563 0.0563 0.0563 0.0563 0.0563  
96433 35 0.7839 0.8342 0.1938 0.6962 3898614.4290 115735.3877 27850507.4135 3416.8322 258095.0539 3256554.1815 4703655.3805 4143826.8245 4483088.0020 5503210.4732 5909869.0366 5942189.1978 5851931.6837 5735699.6131 1.1776 0.3880 1.6346 1.7609 0.5593 0.3517 0.1203 0.0417 0.0298 0.0286 0.0284 0.5146 0.0143 0.1166 0.2528 0.3540 0.4233 0.4819 0.5056 0.5108 0.5152 0.5201 1.4702 0.1324 0.1122 0.0848 0.0757 0.0695 0.0668 0.0660 0.0659 0.0658 0.0658 0.0820  
96433 36 0.9227 0.9449 0.0550 0.0952 62981233.0157 435116.3440 93304977.2184 99789.6541 5680995876.1067 12292728096.1625 9905327817.7414 3632351834.1959 282781345.0300 28365965.5025 22613750.9911 22338480.4407 22338480.4407 22336808.0130 0.0000 0.0933 0.0951 0.1262 0.1274 0.1278 0.1318 0.1328 0.1328 0.1328 0.1328 0.0000 0.0007 0.0052 0.0090 0.0170 0.0213 0.0216 0.0216 0.0216 0.0216 0.0216 1.4359 0.1944 0.1647 0.1339 0.1337 0.1311 0.1068 0.1002 0.0998 0.0998 0.0998 0.0000  
