8761 4 0.7995 0.7930 0.1621 0.2011 24056999.0926 23116771.8035 288070270.7674 28220.6860 554703.4754 29449862.3541 34485863.5792 12330320.3026 10775516.1622 10766668.1222 10766668.1222 10766668.1222 10766668.1222 10766668.1222 17.0473 0.5406 0.2713 0.2387 0.2137 0.2058 0.2057 0.2057 0.2057 0.2057 0.2057 0.2075 0.0406 0.5074 1.2979 1.5276 1.5375 1.5376 1.5376 1.5376 1.5376 1.5376 1.5376 0.1129 0.0801 0.0663 0.0578 0.0563 0.0563 0.0563 0.0563 0.0563 0.0563 0.0622  
8761 12 1.6144 0.6923 0.0184 0.0307 16564844.5370 4182270.6854 1226001902.9327 42629.0552 894302043.2852 4062384979.6692 1449713535.6148 356956044.9547 99037593.5094 56310244.4875 34640269.1410 18843164.4084 10905543.4877 8385844.4148 192.4472 0.5639 0.0193 0.0273 0.0417 0.0464 0.0478 0.0488 0.0507 0.0537 0.0556 0.0339 0.0185 0.1363 0.2773 0.3800 0.4347 0.4708 0.5142 0.5471 0.5637 0.5690 1.1640 0.1868 0.1150 0.0849 0.0731 0.0676 0.0657 0.0651 0.0639 0.0621 0.0609 0.1107  
8761 15 0.5303 0.6289 0.2013 0.1791 582250050.2494 0.0000 1680051686.2082 318489.8591 847534601.6030 11978595071.7654 9122265036.9771 3114764806.3958 1519244194.0624 927298529.8479 887042460.8176 878095782.3278 853938004.7845 820987466.4640 0.0000 1.0932 0.0099 0.0022 0.0363 0.2507 0.4570 0.4767 0.4773 0.4781 0.4793 0.0000 0.0037 0.0340 0.0805 0.1143 0.1546 0.1709 0.1721 0.1732 0.1763 0.1805 1.6453 0.2756 0.1997 0.1553 0.1331 0.1231 0.1147 0.1139 0.1138 0.1138 0.1137 0.0000  
8761 29 1.3204 0.6456 0.0604 0.1173 72486734.5698 200809837.8611 215510015.3541 168986.6481 2164673.1668 302923475.2156 803373160.9698 761572069.3405 510873244.7756 337992882.2515 231579771.4044 170895435.8379 144302918.3069 135080848.2915 1.7526 4.9841 1.3257 0.2672 0.0732 0.0500 0.0984 0.2882 0.5150 0.6380 0.6831 0.8083 0.0008 0.0083 0.0282 0.0621 0.1093 0.1667 0.2325 0.3028 0.3770 0.4303 2.5550 0.1639 0.1182 0.1029 0.0842 0.0697 0.0597 0.0529 0.0479 0.0442 0.0421 0.0367  
8761 30 0.0980 0.8889 0.0185 0.0370 21092896.6715 30525.3177 165349577.1732 3066.7942 18.9941 3848.9010 1315630.6424 12051879.2643 20950215.3471 21042112.7300 20752069.2070 20733382.0629 20733382.0629 20733382.0629 23.3114 1.0369 3.5034 0.8505 0.2005 0.0642 0.0300 0.0243 0.0240 0.0240 0.0240 0.0240 0.0091 0.1159 0.3994 0.8385 1.2578 1.4239 1.4453 1.4461 1.4461 1.4461 1.4461 0.1354 0.0865 0.0684 0.0639 0.0596 0.0568 0.0563 0.0563 0.0563 0.0563 0.0563  
8761 35 1.1402 0.4689 0.2819 0.5492 12201930.2300 1809929.8302 102728460.1482 14315.6805 4276399.6243 52078493.3587 66366330.9204 63748980.9845 42442280.1560 22271863.1206 14218234.7502 12862272.1621 12520997.9200 12258103.3572 18.5565 0.4760 1.6686 1.7126 0.2515 0.1915 0.1328 0.0626 0.0436 0.0414 0.0412 0.1986 0.0143 0.1166 0.2528 0.3540 0.4233 0.4819 0.5056 0.5108 0.5152 0.5201 1.4702 0.1345 0.1125 0.0842 0.0760 0.0726 0.0698 0.0668 0.0660 0.0659 0.0658 0.0819  
8761 36 0.3315 0.5426 0.0443 0.1029 170848442.7594 1808400.7349 271172320.2230 58471.7909 31682168890.1715 47989597754.9190 24489618801.1875 9070012630.1651 869346386.7917 246467799.8892 232384729.9796 231693128.2282 231693128.2282 231675781.9278 0.0000 1.3296 0.1372 0.1430 0.1434 0.1478 0.1584 0.1591 0.1592 0.1592 0.1592 0.0000 0.0007 0.0052 0.0090 0.0170 0.0213 0.0216 0.0216 0.0216 0.0216 0.0216 1.4359 0.1897 0.1722 0.1292 0.1283 0.1196 0.0978 0.0961 0.0960 0.0960 0.0960 0.0000  
17545 4 9.3984 2.6086 0.0427 0.0494 16328959.0989 5439487.7739 760176209.5412 11054.6747 2568775.7514 113792774.3366 134613943.8928 48980967.4634 42776079.7375 42738747.1679 42738747.1679 42738747.1679 42738747.1679 42738747.1679 67.5858 0.1796 0.0381 0.0325 0.0283 0.0270 0.0270 0.0270 0.0270 0.0270 0.0270 0.0270 0.0406 0.5074 1.2979 1.5276 1.5375 1.5376 1.5376 1.5376 1.5376 1.5376 1.5376 0.1146 0.0804 0.0661 0.0578 0.0563 0.0563 0.0563 0.0563 0.0563 0.0563 0.0620  
17545 12 1.8850 1.8983 0.0088 0.0130 18042564.2463 205117.4131 3221553710.2511 679633.0991 1581513327.7638 8957226086.9259 4878870292.9669 1462309497.0329 308226874.6714 137064533.8244 78535673.0228 37429662.8404 16778168.2959 10223527.0908 354.5057 0.1120 0.0038 0.0079 0.0136 0.0162 0.0173 0.0175 0.0179 0.0186 0.0192 0.0039 0.0185 0.1363 0.2773 0.3800 0.4347 0.4708 0.5142 0.5471 0.5637 0.5690 1.1640 0.1869 0.1094 0.0829 0.0741 0.0693 0.0660 0.0655 0.0647 0.0631 0.0617 0.1107  
17545 15 1.4837 1.4704 0.1556 0.1396 300867302.3363 0.0000 2074736428.2128 564043.0073 2026936799.5230 23715393056.7135 19357497388.1061 4438049726.0452 1588719409.3786 578583547.2931 511771651.7134 505721735.5567 491483136.0029 472062076.1588 0.0000 0.1551 0.0012 0.0003 0.0139 0.1400 0.3975 0.4387 0.4397 0.4404 0.4415 0.0000 0.0037 0.0340 0.0805 0.1143 0.1546 0.1709 0.1721 0.1732 0.1763 0.1805 1.6453 0.2870 0.2006 0.1574 0.1348 0.1270 0.1157 0.1139 0.1139 0.1138 0.1137 0.0000  
17545 29 0.9983 0.8590 0.0596 0.0974 33603433.9544 612983.3280 183302890.8783 146452.5722 487565.1122 80815353.1408 473156439.5767 715694742.3456 533411636.9740 345065621.4153 221796222.8765 150509626.3546 115266535.3063 100996150.8948 1.0653 3.7791 0.8309 0.3054 0.0531 0.0117 0.0161 0.0442 0.1047 0.1905 0.2530 0.4612 0.0008 0.0083 0.0282 0.0621 0.1093 0.1667 0.2325 0.3028 0.3770 0.4303 2.5550 0.2259 0.1116 0.0941 0.0812 0.0699 0.0604 0.0538 0.0487 0.0446 0.0424 0.0367  
17545 30 0.9557 1.4652 0.0035 0.0074 3055672.0247 1493106.0727 168317919.1885 28415.6264 1593587.2478 37590113.9784 52372568.6484 19794388.8436 17009029.0731 21413746.9851 22208968.1222 22244455.0300 22244455.0300 22244455.0300 25.0103 0.0070 0.0388 0.1317 0.0615 0.0085 0.0045 0.0034 0.0033 0.0033 0.0033 0.0033 0.0091 0.1159 0.3994 0.8385 1.2578 1.4239 1.4453 1.4461 1.4461 1.4461 1.4461 0.1844 0.1306 0.1025 0.0731 0.0583 0.0565 0.0563 0.0563 0.0563 0.0563 0.0563  
17545 35 0.9985 0.7851 0.2287 0.2929 11740372.8573 2017.8651 93449830.5038 11306.9532 605571.7816 11213157.5246 43884453.2113 52419395.4820 37516244.2764 20216510.9227 13257202.3178 12079906.4264 11768665.7975 11521818.3899 14.5348 0.3850 1.2296 0.5852 0.2066 0.2065 0.1305 0.0379 0.0126 0.0096 0.0093 0.1881 0.0143 0.1166 0.2528 0.3540 0.4233 0.4819 0.5056 0.5108 0.5152 0.5201 1.4702 0.1317 0.1057 0.0813 0.0753 0.0726 0.0699 0.0668 0.0660 0.0659 0.0658 0.0774  
17545 36 0.8697 0.9037 0.0181 0.0794 58466540.0498 1406029.8155 262515698.9145 291452.6487 23817417299.6548 40292153362.8806 24717214178.1954 9136019883.5087 834161231.3195 203596621.4043 189339791.8526 188644237.4524 188644237.4524 188630114.1176 0.0000 0.0660 0.0716 0.0959 0.0970 0.0989 0.1052 0.1058 0.1058 0.1058 0.1058 0.0000 0.0007 0.0052 0.0090 0.0170 0.0213 0.0216 0.0216 0.0216 0.0216 0.0216 1.4359 0.1944 0.1723 0.1338 0.1331 0.1257 0.1021 0.0999 0.0997 0.0997 0.0997 0.0000  
26305 4 1.6115 1.2422 0.0266 0.0254 10875868.0775 58330834.1211 1092635900.2716 103895.8351 1491393.0931 74224178.9949 119597191.9124 83050465.2233 80044644.4347 80025184.3705 80025184.3705 80025184.3705 80025184.3705 80025184.3705 123.5679 0.1925 0.0304 0.0233 0.0214 0.0211 0.0211 0.0211 0.0211 0.0211 0.0211 0.0211 0.0406 0.5074 1.2979 1.5276 1.5375 1.5376 1.5376 1.5376 1.5376 1.5376 1.5376 0.1146 0.0782 0.0632 0.0569 0.0563 0.0563 0.0563 0.0563 0.0563 0.0563 0.0578  
26305 12 0.9913 0.9459 0.0053 0.0065 21840782.3408 213455.0314 4462179324.1970 1281125.0986 49401041.4777 3368101539.9016 7484484604.6125 3668687978.0570 832659133.2563 374614910.3339 209941726.1113 93724173.3147 35340268.6676 16810586.3265 15.2087 0.0571 0.0033 0.0048 0.0065 0.0072 0.0077 0.0078 0.0081 0.0087 0.0096 0.0133 0.0185 0.1363 0.2773 0.3800 0.4347 0.4708 0.5142 0.5471 0.5637 0.5690 1.1640 0.1306 0.0914 0.0797 0.0737 0.0696 0.0662 0.0657 0.0654 0.0645 0.0632 0.1083  
26305 15 0.9667 1.0567 0.1668 0.4038 564006496.0633 0.0000 2111915287.6895 836842.8043 812358906.8467 23208630361.9566 25121258329.0002 6755782126.6892 1929950637.0778 146159798.3882 29945290.6645 27912934.1860 28097366.3791 28348941.6914 0.0000 0.1304 0.0008 0.0005 0.0150 0.1943 1.4497 2.7450 2.7980 2.7629 2.7137 0.0000 0.0037 0.0340 0.0805 0.1143 0.1546 0.1709 0.1721 0.1732 0.1763 0.1805 1.6453 0.2760 0.1836 0.1572 0.1356 0.1318 0.1230 0.1143 0.1138 0.1135 0.1132 0.0000  
26305 29 0.8939 0.9020 0.0194 0.0564 27040868.3221 828999.3123 158409482.5713 146209.0790 86502.0010 21451278.8371 322699366.0276 619439552.2927 527456096.9887 352653695.9529 216568654.2848 134209258.6155 92371307.4604 75314444.5238 0.6332 5.4354 1.0370 0.1670 0.0268 0.0097 0.0153 0.0440 0.1059 0.1930 0.2582 0.4836 0.0008 0.0083 0.0282 0.0621 0.1093 0.1667 0.2325 0.3028 0.3770 0.4303 2.5550 0.2763 0.1069 0.0857 0.0788 0.0691 0.0606 0.0542 0.0492 0.0451 0.0428 0.0367  
26305 30 1.3032 1.1508 0.0036 0.0239 28396237.7760 2076344.9129 180867455.7331 27157.4994 1817582.9153 47229500.9978 73543631.8902 36294001.6066 23039255.6018 21875139.0342 21978464.2532 21988615.9225 21988615.9225 21988615.9225 24.7227 0.0160 0.1606 0.4978 0.3737 0.0517 0.0122 0.0109 0.0108 0.0108 0.0108 0.0108 0.0091 0.1159 0.3994 0.8385 1.2578 1.4239 1.4453 1.4461 1.4461 1.4461 1.4461 0.1831 0.1283 0.0981 0.0749 0.0599 0.0565 0.0563 0.0563 0.0563 0.0563 0.0563  
26305 35 0.8459 0.9434 0.2683 0.3214 10379844.9913 3374.2220 80538636.1660 11289.8277 1521330.5555 18953184.3351 34717098.5677 44917982.9230 33412368.4737 18394003.1109 12329636.4334 11299331.8673 11015128.9561 10784382.9663 12.1462 0.3540 1.0981 0.7360 0.2186 0.2064 0.1292 0.0378 0.0136 0.0108 0.0105 0.1977 0.0143 0.1166 0.2528 0.3540 0.4233 0.4819 0.5056 0.5108 0.5152 0.5201 1.4702 0.1340 0.1114 0.0821 0.0750 0.0725 0.0697 0.0668 0.0660 0.0659 0.0658 0.0783  
26305 36 0.9580 0.9338 0.0481 0.0950 159989713.7504 1107712.8884 228146046.8087 253485.5214 21685933727.8760 36619247309.8377 22402608620.7058 8265983653.7276 733969858.8360 161878535.4840 148943774.3260 148314998.7399 148314998.7399 148303894.7571 0.0000 0.0986 0.1002 0.1328 0.1344 0.1356 0.1402 0.1406 0.1407 0.1407 0.1407 0.0000 0.0007 0.0052 0.0090 0.0170 0.0213 0.0216 0.0216 0.0216 0.0216 0.0216 1.4359 0.1945 0.1719 0.1341 0.1334 0.1269 0.1026 0.1000 0.0999 0.0999 0.0999 0.0000  
35065 4 1.2222 1.1752 0.0261 0.0257 29425419.1478 14089800.9390 1325236832.0580 167430.4122 1524226.7564 75539195.5424 130095761.4461 108464562.0496 106622273.7376 106610815.2614 106610815.2614 106610815.2614 106610815.2614 106610815.2614 164.1094 0.2027 0.0373 0.0279 0.0235 0.0231 0.0231 0.0231 0.0231 0.0231 0.0231 0.0232 0.0406 0.5074 1.2979 1.5276 1.5375 1.5376 1.5376 1.5376 1.5376 1.5376 1.5376 0.1128 0.0791 0.0625 0.0566 0.0563 0.0563 0.0563 0.0563 0.0563 0.0563 0.0572  
35065 12 0.9804 0.9483 0.0025 0.0027 11343521.3120 42933.2389 4870954349.8795 1269948.4729 3806580.5614 1224613865.4132 6066261418.6026 4407723420.7489 1523599118.5881 892605814.4070 506097604.8432 220951835.9864 77706387.6077 32244359.0978 1.9408 0.1303 0.0016 0.0021 0.0024 0.0026 0.0027 0.0028 0.0028 0.0029 0.0032 0.0672 0.0185 0.1363 0.2773 0.3800 0.4347 0.4708 0.5142 0.5471 0.5637 0.5690 1.1640 0.1471 0.0833 0.0763 0.0728 0.0687 0.0661 0.0658 0.0657 0.0653 0.0645 0.0797  
35065 15 1.1934 1.0576 0.0147 0.0680 90195737.7496 0.0000 2367403664.3960 808938.4179 608689133.9924 23872509258.7177 27533150251.8661 8361037642.7051 2393533280.0866 149086653.2246 2878720.9553 411781.7576 908126.8314 1585135.6935 0.0000 0.1199 0.0006 0.0004 0.0012 0.0110 0.2037 2.7996 4.9913 4.0171 3.3121 0.0000 0.0037 0.0340 0.0805 0.1143 0.1546 0.1709 0.1721 0.1732 0.1763 0.1805 1.6453 0.2731 0.1802 0.1563 0.1353 0.1333 0.1328 0.1239 0.1114 0.1086 0.1067 0.0000  
35065 29 0.8639 0.9250 0.0114 0.0214 24954204.6506 912605.1364 136142160.6279 130695.5809 22780.0082 12734883.9640 260032898.4658 536066377.0569 495198655.7134 350221971.1154 212403981.3800 119980665.2773 72629660.6460 54005824.2640 0.3404 6.0679 0.6955 0.0398 0.0134 0.0097 0.0170 0.0493 0.1209 0.2236 0.3035 0.5840 0.0008 0.0083 0.0282 0.0621 0.1093 0.1667 0.2325 0.3028 0.3770 0.4303 2.5550 0.3019 0.0993 0.0836 0.0778 0.0683 0.0604 0.0546 0.0498 0.0456 0.0433 0.0367  
35065 30 1.3916 1.2481 0.0031 0.0162 27144539.1831 2436131.1418 215836520.6533 35392.7168 2513157.5135 68831632.1820 116895198.7143 58360614.4769 31407758.7769 25066599.9985 24351528.6909 24323761.5168 24323761.5168 24323761.5168 27.3482 0.0068 0.0966 0.2890 0.1842 0.0334 0.0076 0.0060 0.0060 0.0060 0.0060 0.0060 0.0091 0.1159 0.3994 0.8385 1.2578 1.4239 1.4453 1.4461 1.4461 1.4461 1.4461 0.1836 0.1273 0.0970 0.0745 0.0610 0.0568 0.0563 0.0563 0.0563 0.0563 0.0563  
35065 35 0.9242 0.9034 0.2497 0.3050 8876166.5730 4644.3359 69205979.2802 9550.1856 1228399.2725 18017682.6340 28091957.0477 36889076.0189 28056942.3649 16166661.5630 11358444.6507 10532813.1461 10281521.6342 10067298.7430 9.9063 0.3417 0.9009 0.6601 0.2214 0.2092 0.1268 0.0369 0.0142 0.0116 0.0113 0.2048 0.0143 0.1166 0.2528 0.3540 0.4233 0.4819 0.5056 0.5108 0.5152 0.5201 1.4702 0.1324 0.1107 0.0819 0.0748 0.0724 0.0696 0.0667 0.0660 0.0659 0.0658 0.0777  
35065 36 0.8334 0.8731 0.0555 0.0989 138109844.5750 969875.8601 192086757.6691 242850.4348 17321623684.4430 29989430760.2347 19000530272.9705 7006262591.0711 613696206.0237 128151191.2985 117173212.1026 116640479.8955 116640479.8955 116631747.3068 0.0000 0.0986 0.1002 0.1346 0.1354 0.1363 0.1399 0.1404 0.1404 0.1404 0.1404 0.0000 0.0007 0.0052 0.0090 0.0170 0.0213 0.0216 0.0216 0.0216 0.0216 0.0216 1.4359 0.1945 0.1704 0.1340 0.1334 0.1274 0.1029 0.1000 0.0999 0.0999 0.0999 0.0000  
43825 4 1.0180 0.9983 0.0207 0.0202 22975000.3758 18017812.6559 1374695789.1878 204641.1958 341272.6193 24974019.2439 92287871.4636 118169776.4481 119533840.5511 119541107.6147 119541107.6147 119541107.6147 119541107.6147 119541107.6147 182.5365 0.2364 0.0286 0.0202 0.0188 0.0188 0.0188 0.0188 0.0188 0.0188 0.0188 0.0188 0.0406 0.5074 1.2979 1.5276 1.5375 1.5376 1.5376 1.5376 1.5376 1.5376 1.5376 0.1116 0.0749 0.0595 0.0564 0.0563 0.0563 0.0563 0.0563 0.0563 0.0563 0.0565  
43825 12 0.9993 0.9504 0.0021 0.0021 11199730.6100 31202.9838 5101182411.4368 1245115.1492 1324291.5110 481848702.7492 3673089086.3392 3838627950.4405 2472668733.9361 1774907103.6110 1015439538.0259 439931101.0808 150821104.5932 59066299.4399 1.3772 0.2089 0.0018 0.0019 0.0021 0.0023 0.0023 0.0023 0.0024 0.0024 0.0025 0.0956 0.0185 0.1363 0.2773 0.3800 0.4347 0.4708 0.5142 0.5471 0.5637 0.5690 1.1640 0.1775 0.0803 0.0747 0.0714 0.0672 0.0660 0.0659 0.0658 0.0656 0.0652 0.0606  
43825 15 1.1795 1.0352 0.0052 0.0105 16164868.6962 0.0000 2609115320.8069 965412.3816 553709836.7677 23152480583.9170 29401746757.8548 9946700585.0662 2874347739.2399 178979536.6100 3371416.9416 280607.1331 501198.8039 802083.2989 0.0000 0.2061 0.0009 0.0004 0.0006 0.0019 0.0295 1.3288 6.8422 4.6620 3.3838 0.0000 0.0037 0.0340 0.0805 0.1143 0.1546 0.1709 0.1721 0.1732 0.1763 0.1805 1.6453 0.2756 0.1781 0.1556 0.1351 0.1333 0.1333 0.1319 0.1076 0.1035 0.1018 0.0000  
43825 29 0.9230 0.9261 0.0123 0.0170 24150028.1280 1060320.9646 114994443.2464 112901.8989 32373.6665 10432387.9314 215868352.1877 466003828.0695 462121512.4212 342132558.7165 203581562.1124 103834669.9189 54014588.9099 35674011.4498 0.1530 6.1419 0.9248 0.0245 0.0120 0.0106 0.0201 0.0594 0.1494 0.2811 0.3880 0.7630 0.0008 0.0083 0.0282 0.0621 0.1093 0.1667 0.2325 0.3028 0.3770 0.4303 2.5550 0.3063 0.1067 0.0834 0.0772 0.0677 0.0601 0.0549 0.0504 0.0463 0.0439 0.0367  
43825 30 1.9441 1.5167 0.0023 0.0135 35379862.7667 2988187.6554 291714204.0183 49252.7635 6264363.4737 154342836.4344 250177691.9271 115718578.8585 51410566.2479 31940999.3695 29116142.7643 28990369.5859 28990369.5859 28990369.5859 32.5950 0.0043 0.0659 0.2133 0.1406 0.0265 0.0077 0.0059 0.0058 0.0058 0.0058 0.0058 0.0091 0.1159 0.3994 0.8385 1.2578 1.4239 1.4453 1.4461 1.4461 1.4461 1.4461 0.1850 0.1284 0.0977 0.0757 0.0620 0.0570 0.0563 0.0563 0.0563 0.0563 0.0563  
43825 35 0.8544 0.9235 0.3051 0.3353 9548544.9175 4867.0480 58391102.8086 8826.0317 1784350.7452 25574007.9298 22257927.9913 28004374.5796 21953854.9013 13705843.4683 10364920.7209 9777647.5667 9562641.7639 9365118.7131 7.4972 0.2729 0.5348 0.6144 0.2946 0.2787 0.1585 0.0440 0.0171 0.0141 0.0138 0.2783 0.0143 0.1166 0.2528 0.3540 0.4233 0.4819 0.5056 0.5108 0.5152 0.5201 1.4702 0.1305 0.1114 0.0829 0.0748 0.0722 0.0693 0.0666 0.0660 0.0659 0.0658 0.0779  
43825 36 0.8470 0.8922 0.0571 0.0997 109526089.7165 676188.4515 163266745.8843 202381.9020 14758671843.9474 25511607282.8618 16127826950.3940 5942349021.4082 513907694.6311 101592443.4536 92270162.9577 91818498.8222 91818498.8222 91811624.5948 0.0000 0.0985 0.1000 0.1335 0.1345 0.1354 0.1390 0.1394 0.1394 0.1394 0.1394 0.0000 0.0007 0.0052 0.0090 0.0170 0.0213 0.0216 0.0216 0.0216 0.0216 0.0216 1.4359 0.1945 0.1706 0.1340 0.1335 0.1278 0.1031 0.1000 0.0999 0.0999 0.0999 0.0000  
52609 4 1.0170 1.0079 0.0174 0.0166 19549471.6628 15480132.5159 1392160694.4650 208322.3932 384146.3474 26173543.2486 91185979.9999 119457064.9195 121091841.8071 121101294.7627 121101294.7627 121101294.7627 121101294.7627 121101294.7627 184.9647 0.2239 0.0256 0.0165 0.0158 0.0158 0.0158 0.0158 0.0158 0.0158 0.0158 0.0158 0.0406 0.5074 1.2979 1.5276 1.5375 1.5376 1.5376 1.5376 1.5376 1.5376 1.5376 0.1113 0.0774 0.0590 0.0564 0.0563 0.0563 0.0563 0.0563 0.0563 0.0563 0.0565  
52609 12 0.9782 0.9517 0.0020 0.0020 11401762.6168 21117.7597 5117550870.4015 1244270.2066 307775.9261 211394843.8374 2015999676.6563 3143588725.5475 3043588078.0661 2343191877.2616 1344305456.0973 581261649.4857 197942731.1499 76289013.1887 0.9693 0.2448 0.0019 0.0019 0.0021 0.0022 0.0022 0.0022 0.0022 0.0023 0.0024 0.1371 0.0185 0.1363 0.2773 0.3800 0.4347 0.4708 0.5142 0.5471 0.5637 0.5690 1.1640 0.1776 0.0789 0.0737 0.0697 0.0664 0.0659 0.0659 0.0659 0.0657 0.0655 0.0526  
52609 15 1.0467 0.9658 0.0055 0.0091 18457945.0519 0.0000 2643844549.9356 1138752.0989 295263783.0180 19586152241.7591 28886865807.0257 10794215208.1446 3143308467.0178 195741508.8484 3692064.0825 262550.3440 358848.3984 490197.8945 0.0000 0.2237 0.0007 0.0003 0.0005 0.0019 0.0335 1.4870 8.0910 6.5598 5.2877 0.0000 0.0037 0.0340 0.0805 0.1143 0.1546 0.1709 0.1721 0.1732 0.1763 0.1805 1.6453 0.2765 0.1714 0.1549 0.1349 0.1333 0.1333 0.1318 0.1109 0.1073 0.1049 0.0000  
52609 29 0.8918 0.9199 0.0172 0.0209 25080510.6510 931208.4637 94327856.1338 104213.3739 25773.4558 8324093.1980 174697329.5559 402401285.3783 433096631.3931 331776700.5395 189995676.5880 84546808.3875 35863813.0623 20084360.2919 0.0494 6.1009 0.9529 0.0294 0.0146 0.0132 0.0270 0.0819 0.2129 0.4021 0.5548 1.0930 0.0008 0.0083 0.0282 0.0621 0.1093 0.1667 0.2325 0.3028 0.3770 0.4303 2.5550 0.3042 0.1070 0.0831 0.0764 0.0672 0.0600 0.0553 0.0513 0.0473 0.0448 0.0367  
52609 30 1.0260 1.0364 0.0021 0.0166 49237276.4424 3441998.5710 420920809.0195 95754.0640 2685911.1456 93541124.0008 227853142.9628 151004924.4839 76880242.0864 46363867.1395 41588733.7626 41371540.8062 41371540.8062 41371540.8062 46.5157 0.0069 0.0892 0.2073 0.1618 0.0363 0.0085 0.0058 0.0056 0.0056 0.0056 0.0056 0.0091 0.1159 0.3994 0.8385 1.2578 1.4239 1.4453 1.4461 1.4461 1.4461 1.4461 0.1844 0.1211 0.0920 0.0742 0.0623 0.0572 0.0563 0.0563 0.0563 0.0563 0.0563  
52609 35 0.8630 0.8977 0.3590 0.3837 8825357.1781 2236.3494 53816839.7042 7540.5246 1916690.1709 28339925.0922 16832563.2740 19860162.8724 16273792.3396 11388245.9173 9403546.2676 9036856.7486 8856180.3200 8675044.9593 5.3020 0.2139 0.4180 0.6715 0.3640 0.3333 0.1739 0.0470 0.0200 0.0170 0.0167 0.3450 0.0143 0.1166 0.2528 0.3540 0.4233 0.4819 0.5056 0.5108 0.5152 0.5201 1.4702 0.1273 0.1115 0.0842 0.0748 0.0719 0.0688 0.0665 0.0659 0.0658 0.0658 0.0779  
52609 36 0.8514 0.8944 0.0579 0.0997 90511504.2367 610027.0013 138197421.9202 171414.0551 12459159125.3146 21721232698.3645 13890494742.7724 5114020921.5595 436044965.8470 80731035.4408 72697534.4486 72308991.6887 72308991.6887 72303578.0906 0.0000 0.0981 0.0997 0.1333 0.1343 0.1351 0.1385 0.1390 0.1390 0.1390 0.1390 0.0000 0.0007 0.0052 0.0090 0.0170 0.0213 0.0216 0.0216 0.0216 0.0216 0.0216 1.4359 0.1945 0.1703 0.1340 0.1335 0.1282 0.1033 0.1000 0.0999 0.0999 0.0999 0.0000  
61369 4 1.0307 1.0186 0.0176 0.0164 20056187.7307 16212943.9865 1421128319.3852 211869.9117 462626.0787 29322360.2364 95485384.4053 122150121.9019 123679174.6652 123688239.2934 123688239.2934 123688239.2934 123688239.2934 123688239.2934 188.8968 0.2099 0.0261 0.0169 0.0158 0.0157 0.0157 0.0157 0.0157 0.0157 0.0157 0.0157 0.0406 0.5074 1.2979 1.5276 1.5375 1.5376 1.5376 1.5376 1.5376 1.5376 1.5376 0.1114 0.0778 0.0593 0.0564 0.0563 0.0563 0.0563 0.0563 0.0563 0.0563 0.0565  
61369 12 0.9572 0.9528 0.0020 0.0020 11175096.0134 25866.1343 4949480161.6009 1217170.9379 493841.3615 103903023.2369 1073761777.9618 2636351647.6987 3262964518.6466 2586111532.5545 1485327216.3006 641772409.8679 218008608.8300 83518985.6719 0.8290 0.2658 0.0027 0.0019 0.0021 0.0022 0.0022 0.0022 0.0022 0.0022 0.0023 0.1126 0.0185 0.1363 0.2773 0.3800 0.4347 0.4708 0.5142 0.5471 0.5637 0.5690 1.1640 0.1927 0.0792 0.0728 0.0680 0.0661 0.0659 0.0659 0.0659 0.0658 0.0656 0.0533  
61369 15 1.0232 1.0289 0.0039 0.0086 17475153.2547 0.0000 2687511305.2724 1191974.3196 689330108.0905 21644499475.3494 28669267154.7653 11074682994.7386 3233524473.8386 201300310.5371 3730946.6204 183080.5194 224020.7983 279862.9231 0.0000 0.1527 0.0006 0.0002 0.0003 0.0017 0.0319 1.4315 8.5985 7.6832 6.7191 0.0000 0.0037 0.0340 0.0805 0.1143 0.1546 0.1709 0.1721 0.1732 0.1763 0.1805 1.6453 0.2810 0.1774 0.1544 0.1347 0.1333 0.1333 0.1318 0.1125 0.1101 0.1078 0.0000  
61369 29 0.8439 0.9153 0.0218 0.0300 22967235.1752 956506.0598 76973660.3682 92937.0777 31091.5912 6662893.9651 140428454.0563 343949060.2333 399776767.9187 319242160.7571 175718289.2687 65417651.7048 20751596.6973 9322109.5310 0.0108 6.0352 1.3621 0.0489 0.0214 0.0174 0.0340 0.0996 0.2742 0.5478 0.7545 1.4873 0.0008 0.0083 0.0282 0.0621 0.1093 0.1667 0.2325 0.3028 0.3770 0.4303 2.5550 0.2927 0.1150 0.0830 0.0756 0.0666 0.0599 0.0558 0.0525 0.0487 0.0461 0.0367  
61369 30 0.7984 0.9663 0.0125 0.0338 95725268.3226 286747.1767 543295301.6660 98241.6262 3302393.4268 78974832.1876 139823362.1196 115746834.4815 88271667.6386 64063674.5630 59486329.3602 59266198.6799 59266198.6799 59266198.6799 66.6354 0.0243 0.2500 0.6010 0.3210 0.0685 0.0211 0.0153 0.0150 0.0150 0.0150 0.0150 0.0091 0.1159 0.3994 0.8385 1.2578 1.4239 1.4453 1.4461 1.4461 1.4461 1.4461 0.1790 0.1251 0.0920 0.0718 0.0614 0.0571 0.0563 0.0563 0.0563 0.0563 0.0563  
61369 35 0.9095 1.0249 0.2066 0.4309 7540191.1938 31926.6822 47754449.8003 6507.8369 3195466.4539 45944679.0982 15920788.8177 14945582.6969 12489351.2983 9692462.3555 8556537.6548 8329284.1375 8174184.6104 8008234.5551 4.0756 0.2279 0.3487 0.8058 0.4057 0.3525 0.1674 0.0447 0.0210 0.0185 0.0182 0.3781 0.0143 0.1166 0.2528 0.3540 0.4233 0.4819 0.5056 0.5108 0.5152 0.5201 1.4702 0.1280 0.1124 0.0875 0.0751 0.0716 0.0683 0.0663 0.0659 0.0658 0.0658 0.0804  
61369 36 0.8401 0.8799 0.0554 0.0973 76703115.3181 708340.0007 115277596.3201 145947.6837 10233948944.3797 18049268188.9624 11719733343.9470 4312688542.9151 364114778.1375 64202321.6680 57421426.6888 57093859.7741 57093859.7741 57089585.2958 0.0000 0.0948 0.0966 0.1308 0.1316 0.1323 0.1359 0.1364 0.1364 0.1364 0.1364 0.0000 0.0007 0.0052 0.0090 0.0170 0.0213 0.0216 0.0216 0.0216 0.0216 0.0216 1.4359 0.1945 0.1697 0.1340 0.1335 0.1285 0.1036 0.1000 0.0999 0.0999 0.0999 0.0000  
70129 4 1.0079 1.0010 0.0170 0.0162 19981347.9938 16123476.6141 1428672808.3960 218376.7420 412039.8276 24165370.1857 91309761.5684 123408008.2958 125272049.4287 125282619.7938 125282619.7938 125282619.7938 125282619.7938 125282619.7938 191.2010 0.2029 0.0250 0.0166 0.0157 0.0157 0.0157 0.0157 0.0157 0.0157 0.0157 0.0157 0.0406 0.5074 1.2979 1.5276 1.5375 1.5376 1.5376 1.5376 1.5376 1.5376 1.5376 0.1106 0.0772 0.0588 0.0564 0.0563 0.0563 0.0563 0.0563 0.0563 0.0563 0.0565  
70129 12 0.9409 0.9533 0.0021 0.0020 10939801.5453 26261.2719 4699361056.5559 1165107.9210 850439.1366 58134727.3715 661032583.0316 2337175534.1457 3225976738.5823 2583952994.9402 1484681426.1615 641332452.0879 217672129.8793 83215370.3182 0.7384 0.2568 0.0048 0.0019 0.0021 0.0022 0.0022 0.0022 0.0022 0.0022 0.0023 0.1049 0.0185 0.1363 0.2773 0.3800 0.4347 0.4708 0.5142 0.5471 0.5637 0.5690 1.1640 0.1950 0.0805 0.0717 0.0671 0.0660 0.0659 0.0659 0.0659 0.0658 0.0656 0.0581  
70129 15 1.0263 1.0227 0.0040 0.0080 16385095.7248 0.0000 2759897220.0781 1219608.8689 587605543.2342 23011972210.5277 29122215824.7557 11389926570.9225 3328884001.4057 207243156.9122 3845817.6090 184083.1061 199161.1994 219727.6159 0.0000 0.1601 0.0005 0.0002 0.0003 0.0016 0.0296 1.3497 8.8246 8.3211 7.7080 0.0000 0.0037 0.0340 0.0805 0.1143 0.1546 0.1709 0.1721 0.1732 0.1763 0.1805 1.6453 0.2755 0.1783 0.1544 0.1347 0.1333 0.1333 0.1319 0.1132 0.1117 0.1101 0.0000  
70129 29 0.7628 0.9168 0.0249 0.0318 18684881.6997 640709.2929 63858201.8325 78430.7808 17311.7926 5231486.6244 113043773.7641 296225786.8220 368385203.3817 301541075.2838 159722161.6395 50024672.9865 10816302.4228 3423704.7975 0.0009 6.0729 1.2171 0.0430 0.0225 0.0218 0.0400 0.0993 0.2814 0.6713 1.0177 2.4796 0.0008 0.0083 0.0282 0.0621 0.1093 0.1667 0.2325 0.3028 0.3770 0.4303 2.5550 0.2860 0.1113 0.0827 0.0749 0.0661 0.0598 0.0563 0.0541 0.0509 0.0482 0.0367  
70129 30 1.2890 0.9483 0.0278 0.0327 82713706.7422 46571.0002 609650425.4645 78437.3319 2956311.4371 62138008.6632 85267836.4665 69046223.8777 75374255.8685 76197195.7780 75862529.7039 75835941.6401 75835941.6401 75835941.6401 85.2654 0.0309 0.3580 0.8017 0.3903 0.0611 0.0203 0.0163 0.0161 0.0161 0.0161 0.0161 0.0091 0.1159 0.3994 0.8385 1.2578 1.4239 1.4453 1.4461 1.4461 1.4461 1.4461 0.1771 0.1269 0.0943 0.0706 0.0598 0.0568 0.0563 0.0563 0.0563 0.0563 0.0563  
70129 35 0.7711 0.9530 0.1697 0.4855 6507474.4457 81867.0016 42913421.0177 5918.9451 3443698.5907 49620256.6427 13998837.6719 11069619.5665 9550138.0095 8286534.7037 7772437.5270 7648250.1475 7514609.4043 7363062.5869 3.0761 0.2050 0.3506 0.9611 0.4544 0.3742 0.1613 0.0446 0.0239 0.0216 0.0214 0.4135 0.0143 0.1166 0.2528 0.3540 0.4233 0.4819 0.5056 0.5108 0.5152 0.5201 1.4702 0.1262 0.1121 0.0897 0.0754 0.0711 0.0678 0.0662 0.0659 0.0658 0.0658 0.0813  
70129 36 0.8293 0.8738 0.0550 0.0954 64004135.4735 583145.8000 95776410.9645 122610.9810 8305631710.9543 14842525631.7927 9801783725.8340 3605641956.5920 302106431.1175 51187615.4869 45514447.2273 45240643.7004 45240643.7004 45237256.6435 0.0000 0.0932 0.0948 0.1273 0.1280 0.1287 0.1323 0.1328 0.1329 0.1329 0.1329 0.0000 0.0007 0.0052 0.0090 0.0170 0.0213 0.0216 0.0216 0.0216 0.0216 0.0216 1.4359 0.1945 0.1692 0.1340 0.1335 0.1288 0.1037 0.1000 0.0998 0.0998 0.0998 0.0000  
78889 4 1.0047 1.0047 0.0171 0.0158 19904282.6296 15539526.4624 1435092695.5395 220099.0085 497788.1312 25584103.3900 92727280.9561 123983400.0190 125807391.4091 125817925.7903 125817925.7903 125817925.7903 125817925.7903 125817925.7903 192.0414 0.1876 0.0244 0.0161 0.0155 0.0155 0.0155 0.0155 0.0155 0.0155 0.0155 0.0155 0.0406 0.5074 1.2979 1.5276 1.5375 1.5376 1.5376 1.5376 1.5376 1.5376 1.5376 0.1113 0.0778 0.0589 0.0564 0.0563 0.0563 0.0563 0.0563 0.0563 0.0563 0.0565  
78889 12 0.9352 0.9539 0.0022 0.0021 10774661.9330 30207.8999 4428900573.7012 1096238.3059 1677871.4760 38741005.0291 455807565.0153 2124639336.7267 3098935125.9391 2494345573.8940 1433460705.6054 619139297.5007 210061142.2369 80232323.5697 0.7747 0.2287 0.0083 0.0020 0.0022 0.0023 0.0023 0.0023 0.0023 0.0023 0.0024 0.0795 0.0185 0.1363 0.2773 0.3800 0.4347 0.4708 0.5142 0.5471 0.5637 0.5690 1.1640 0.1961 0.0843 0.0705 0.0665 0.0660 0.0659 0.0659 0.0659 0.0658 0.0656 0.0684  
78889 15 1.0198 1.0049 0.0032 0.0076 15760750.3353 0.0000 2843852607.1523 1251738.7117 429359055.8230 22008514357.1234 30095464018.2320 11890581327.3955 3477232831.6177 216446110.7973 3981636.6026 152861.7818 157428.3103 163657.0658 0.0000 0.2904 0.0006 0.0001 0.0002 0.0014 0.0285 1.3154 8.9491 8.7024 8.3713 0.0000 0.0037 0.0340 0.0805 0.1143 0.1546 0.1709 0.1721 0.1732 0.1763 0.1805 1.6453 0.2758 0.1765 0.1543 0.1347 0.1333 0.1333 0.1320 0.1136 0.1128 0.1119 0.0000  
78889 29 0.7008 0.9232 0.0261 0.0377 12605850.1382 295202.8838 56445773.7091 59825.1201 18694.5501 3871549.2921 86158724.7010 252775730.3617 342280099.6530 284731861.4269 147480296.9362 41949370.1996 6702293.6956 1387576.2087 0.0000 6.0830 1.4907 0.0579 0.0279 0.0255 0.0405 0.0767 0.1925 0.5447 1.0226 5.1442 0.0008 0.0083 0.0282 0.0621 0.1093 0.1667 0.2325 0.3028 0.3770 0.4303 2.5550 0.2814 0.1158 0.0823 0.0740 0.0657 0.0598 0.0567 0.0554 0.0538 0.0521 0.0367  
78889 30 0.9304 1.0453 0.0049 0.0250 78410983.0675 782169.8231 623597181.0987 101105.2668 5988460.2833 94648490.2286 96292716.5117 46676289.1861 65819573.0426 80142444.2699 82154796.0603 82236627.6214 82236627.6214 82236627.6214 92.4619 0.0234 0.3536 0.9257 0.4308 0.0434 0.0159 0.0140 0.0140 0.0140 0.0140 0.0140 0.0091 0.1159 0.3994 0.8385 1.2578 1.4239 1.4453 1.4461 1.4461 1.4461 1.4461 0.1776 0.1321 0.1009 0.0705 0.0585 0.0565 0.0563 0.0563 0.0563 0.0563 0.0563  
78889 35 0.8111 0.8996 0.2312 0.5964 5918650.4424 59939.2861 35607151.9757 4564.0626 3015966.0092 44192646.1783 11070964.7097 8019650.9478 7385353.6975 7158414.9790 7061353.6443 7007309.9197 6891113.8275 6752905.7937 2.2315 0.1823 0.4373 1.2816 0.5525 0.4087 0.1611 0.0452 0.0258 0.0238 0.0236 0.4963 0.0143 0.1166 0.2528 0.3540 0.4233 0.4819 0.5056 0.5108 0.5152 0.5201 1.4702 0.1257 0.1121 0.0909 0.0756 0.0707 0.0675 0.0661 0.0659 0.0658 0.0658 0.0825  
78889 36 0.8214 0.8681 0.0546 0.0948 53532302.3906 365243.3627 81066108.4708 101679.3412 6662932773.2845 12085546595.7114 8130277146.4855 2990018904.1463 249015538.7259 40823645.0105 36116515.0486 35889499.7056 35889499.7056 35886812.7462 0.0000 0.0931 0.0946 0.1270 0.1276 0.1281 0.1312 0.1317 0.1317 0.1317 0.1317 0.0000 0.0007 0.0052 0.0090 0.0170 0.0213 0.0216 0.0216 0.0216 0.0216 0.0216 1.4359 0.1944 0.1685 0.1340 0.1335 0.1290 0.1039 0.1000 0.0998 0.0998 0.0998 0.0000  
87673 4 0.9947 0.9989 0.0166 0.0158 19834415.6143 15749872.4032 1442338117.4819 221125.7913 425933.3701 23728541.8395 91679647.0284 124110450.5281 126013478.3673 126024445.3756 126024445.3756 126024445.3756 126024445.3756 126024445.3756 192.3249 0.1907 0.0246 0.0161 0.0156 0.0155 0.0155 0.0155 0.0155 0.0155 0.0155 0.0155 0.0406 0.5074 1.2979 1.5276 1.5375 1.5376 1.5376 1.5376 1.5376 1.5376 1.5376 0.1115 0.0773 0.0587 0.0564 0.0563 0.0563 0.0563 0.0563 0.0563 0.0563 0.0565  
87673 12 0.9332 0.9541 0.0024 0.0022 10726237.7640 33142.1532 4161252456.4778 1025185.9725 1893930.9978 30055499.6872 339678396.3421 1952591465.0992 2941966678.9259 2374516222.7948 1364740810.0518 589424949.4886 199941428.7876 76331348.7986 0.7720 0.2145 0.0117 0.0021 0.0024 0.0024 0.0024 0.0024 0.0024 0.0024 0.0025 0.0697 0.0185 0.1363 0.2773 0.3800 0.4347 0.4708 0.5142 0.5471 0.5637 0.5690 1.1640 0.1951 0.0885 0.0694 0.0662 0.0659 0.0659 0.0659 0.0659 0.0658 0.0656 0.0762  
87673 15 1.0185 0.9628 0.0032 0.0059 13474142.1598 0.0000 2811903475.2184 1276466.8225 237174384.4117 19090709626.3133 29221091918.8875 12181537432.6095 3575009154.5723 222542302.3534 4103768.8949 165300.7309 164012.3981 162255.1989 0.0000 0.3539 0.0006 0.0001 0.0002 0.0012 0.0221 1.0600 8.9744 8.8321 8.6335 0.0000 0.0037 0.0340 0.0805 0.1143 0.1546 0.1709 0.1721 0.1732 0.1763 0.1805 1.6453 0.2761 0.1711 0.1539 0.1346 0.1333 0.1333 0.1324 0.1137 0.1132 0.1126 0.0000  
87673 29 0.5742 0.9283 0.0313 0.0430 7592080.0374 206942.8127 51835199.7341 41924.0201 13014.7116 2678524.8745 63446956.8315 217112216.2845 319585779.7012 266055635.3013 135991945.2387 38001173.5848 5751382.8657 1080177.2487 0.0000 6.0641 1.4729 0.0708 0.0351 0.0280 0.0389 0.0545 0.0899 0.2123 0.4307 6.8093 0.0008 0.0083 0.0282 0.0621 0.1093 0.1667 0.2325 0.3028 0.3770 0.4303 2.5550 0.2797 0.1144 0.0815 0.0727 0.0654 0.0598 0.0568 0.0559 0.0554 0.0551 0.0367  
87673 30 1.1252 0.9600 0.0260 0.0307 87351358.4003 48224.1149 615181292.1415 94065.7213 8083421.4505 85347498.5195 72504200.2112 41026577.2100 61091806.9290 79382570.7173 82470383.7076 82610579.9963 82610579.9963 82610579.9963 92.8824 0.0277 0.3993 1.0533 0.6473 0.0552 0.0196 0.0182 0.0182 0.0182 0.0182 0.0182 0.0091 0.1159 0.3994 0.8385 1.2578 1.4239 1.4453 1.4461 1.4461 1.4461 1.4461 0.1750 0.1330 0.0995 0.0727 0.0581 0.0564 0.0563 0.0563 0.0563 0.0563 0.0563  
87673 35 0.6243 0.8047 0.2401 0.6746 4563738.4368 97192.1351 28398612.0599 3701.7863 1887979.6218 27453614.1488 7357653.8010 5612794.5230 5731750.5081 6223767.2404 6414192.5555 6409366.6749 6307773.4305 6181866.0724 1.5360 0.1641 0.5776 1.6109 0.5774 0.3848 0.1383 0.0422 0.0270 0.0254 0.0253 0.5096 0.0143 0.1166 0.2528 0.3540 0.4233 0.4819 0.5056 0.5108 0.5152 0.5201 1.4702 0.1255 0.1120 0.0911 0.0755 0.0701 0.0671 0.0661 0.0659 0.0658 0.0658 0.0827  
87673 36 0.8955 0.9573 0.0549 0.0947 44438352.3328 388660.0511 67919422.7115 83519.4791 7169080025.8416 11686024108.2419 6776033796.4638 2488971739.1474 205936576.4128 32529487.9215 28608828.1760 28419889.6853 28419889.6853 28417761.9574 0.0000 0.0930 0.0947 0.1253 0.1270 0.1278 0.1327 0.1335 0.1335 0.1335 0.1335 0.0000 0.0007 0.0052 0.0090 0.0170 0.0213 0.0216 0.0216 0.0216 0.0216 0.0216 1.4359 0.1945 0.1723 0.1340 0.1335 0.1292 0.1041 0.1001 0.0998 0.0998 0.0998 0.0000  
96433 4 1.0309 1.0201 0.0162 0.0154 18680339.9172 16689734.5899 1480124655.4546 219953.2335 685560.5091 31251279.0212 97651470.4696 126423750.8694 128134672.7598 128144823.4260 128144823.4260 128144823.4260 128144823.4260 128144823.4260 195.6732 0.1864 0.0282 0.0161 0.0146 0.0146 0.0146 0.0146 0.0146 0.0146 0.0146 0.0146 0.0406 0.5074 1.2979 1.5276 1.5375 1.5376 1.5376 1.5376 1.5376 1.5376 1.5376 0.1118 0.0787 0.0593 0.0564 0.0563 0.0563 0.0563 0.0563 0.0563 0.0563 0.0565  
96433 12 0.9279 0.9566 0.0025 0.0024 10698774.0851 51125.2851 3904045954.0191 956660.7995 6066489.0627 47652199.0047 281931773.2146 1809504082.4974 2772967598.8501 2241267411.0894 1288227966.3803 556365659.4272 188711239.7100 72029046.3391 1.5687 0.1968 0.0204 0.0022 0.0025 0.0025 0.0025 0.0026 0.0026 0.0026 0.0027 0.0345 0.0185 0.1363 0.2773 0.3800 0.4347 0.4708 0.5142 0.5471 0.5637 0.5690 1.1640 0.1949 0.1002 0.0686 0.0661 0.0659 0.0659 0.0659 0.0659 0.0658 0.0656 0.0951  
96433 15 1.0334 1.0078 0.0029 0.0061 14234443.2045 0.0000 2870679287.0919 1300026.9912 515610866.7756 19781711976.9453 28327651083.1384 12661029786.6246 3732964226.6248 232351269.8315 4259784.5209 146715.4881 143732.8983 139664.7450 0.0000 0.2855 0.0007 0.0001 0.0002 0.0012 0.0232 1.1054 9.0394 8.9812 8.8973 0.0000 0.0037 0.0340 0.0805 0.1143 0.1546 0.1709 0.1721 0.1732 0.1763 0.1805 1.6453 0.2809 0.1756 0.1534 0.1345 0.1333 0.1333 0.1323 0.1138 0.1136 0.1133 0.0000  
96433 29 0.8549 0.9289 0.0319 0.0509 5938131.0960 209498.3556 48015793.6192 24074.5320 10822.8401 1910088.2255 47935601.1356 186993560.5780 293145647.7029 246879486.1249 126271607.5115 35275844.2130 5335553.5662 1001018.2866 0.0000 6.1066 1.6774 0.0980 0.0425 0.0282 0.0363 0.0475 0.0681 0.1377 0.2661 7.0670 0.0008 0.0083 0.0282 0.0621 0.1093 0.1667 0.2325 0.3028 0.3770 0.4303 2.5550 0.2774 0.1180 0.0808 0.0715 0.0651 0.0599 0.0569 0.0559 0.0555 0.0554 0.0367  
96433 30 0.9717 0.9079 0.0195 0.0301 84375734.4912 51355.2611 597232190.0525 105841.3475 8977799.4059 64622232.5157 30317886.5862 26396364.7380 58072572.9688 77878888.5440 80924370.8905 81056969.7558 81056969.7558 81056969.7558 91.1356 0.0324 0.5687 1.7120 0.7218 0.0514 0.0201 0.0187 0.0187 0.0187 0.0187 0.0187 0.0091 0.1159 0.3994 0.8385 1.2578 1.4239 1.4453 1.4461 1.4461 1.4461 1.4461 0.1750 0.1391 0.1021 0.0692 0.0578 0.0564 0.0563 0.0563 0.0563 0.0563 0.0563  
96433 35 0.7444 0.8204 0.2590 0.7296 3701575.8195 88810.8132 27070478.6489 2310.8994 1238735.8940 17937039.7366 4289524.6974 3616020.8607 4425908.3851 5423136.4079 5813426.6216 5843649.1494 5754691.1119 5640327.4919 0.9282 0.1891 0.5766 1.7313 0.6646 0.3983 0.1334 0.0434 0.0298 0.0284 0.0282 0.6264 0.0143 0.1166 0.2528 0.3540 0.4233 0.4819 0.5056 0.5108 0.5152 0.5201 1.4702 0.1255 0.1122 0.0914 0.0749 0.0695 0.0669 0.0660 0.0659 0.0658 0.0658 0.0821  
96433 36 0.8481 0.8924 0.0546 0.0946 596328.2492 319970.8987 56716087.0229 74791.8120 6184165697.6175 9968121990.4516 5676741552.5726 2084117070.7224 171228127.3208 25935357.8114 22650351.2728 22492176.9239 22492176.9239 22490492.9894 0.0000 0.0929 0.0946 0.1267 0.1278 0.1286 0.1333 0.1340 0.1341 0.1341 0.1341 0.0000 0.0007 0.0052 0.0090 0.0170 0.0213 0.0216 0.0216 0.0216 0.0216 0.0216 1.4359 0.1945 0.1727 0.1340 0.1335 0.1294 0.1043 0.1001 0.0998 0.0998 0.0998 0.0000  
