8761 4 0.7848 0.7982 0.1595 0.1961 23809315.1927 21731730.2985 277744641.9939 27703.8159 638680.0409 30597059.0156 35101501.4287 12332116.3198 10686517.4362 10676594.5682 10676594.5682 10676594.5682 10676594.5682 10676594.5682 17.0609 0.5077 0.2547 0.2298 0.2114 0.2049 0.2048 0.2048 0.2048 0.2048 0.2048 0.2090 0.0406 0.5074 1.2979 1.5276 1.5375 1.5376 1.5376 1.5376 1.5376 1.5376 1.5376 0.1130 0.0804 0.0663 0.0578 0.0563 0.0563 0.0563 0.0563 0.0563 0.0563 0.0621  
8761 12 1.5956 0.6929 0.0178 0.0304 16549747.7040 3868855.3236 1206911577.6407 42132.6072 791786401.1761 4129662877.4961 1515309193.7326 336457050.9479 96886791.6483 56973426.2442 35084500.6910 19034825.7168 10970325.0742 8410358.3154 192.3395 0.5667 0.0191 0.0269 0.0414 0.0463 0.0477 0.0486 0.0506 0.0535 0.0555 0.0327 0.0185 0.1363 0.2773 0.3800 0.4347 0.4708 0.5142 0.5471 0.5637 0.5690 1.1640 0.1861 0.1145 0.0851 0.0732 0.0675 0.0657 0.0651 0.0639 0.0621 0.0609 0.1107  
8761 15 0.5371 0.6256 0.1990 0.1780 584052953.7448 42631.4538 1649691947.9611 322556.6011 945768852.9357 12458061967.7374 8034047278.7811 3320467431.1573 1591858405.1105 930221384.6597 885427198.7286 876412354.0937 852294680.5911 819398842.9722 0.0000 1.1437 0.0102 0.0022 0.0355 0.2464 0.4577 0.4785 0.4792 0.4800 0.4812 0.0000 0.0037 0.0340 0.0805 0.1143 0.1546 0.1709 0.1721 0.1732 0.1763 0.1805 1.6453 0.2756 0.2012 0.1549 0.1330 0.1233 0.1147 0.1139 0.1138 0.1138 0.1137 0.0000  
8761 29 1.3194 0.6434 0.0624 0.1214 72911371.1108 203689288.8186 214115795.5073 168862.6811 2361889.7093 326366238.2081 808798344.7997 728346310.4057 503644677.9722 336185478.8768 229413615.9363 169941896.6705 143933309.1085 134875036.4609 1.7593 4.9573 1.3200 0.2733 0.0778 0.0531 0.1015 0.2919 0.5183 0.6403 0.6847 0.8045 0.0008 0.0083 0.0282 0.0621 0.1093 0.1667 0.2325 0.3028 0.3770 0.4303 2.5550 0.1649 0.1184 0.1036 0.0843 0.0696 0.0597 0.0529 0.0479 0.0442 0.0421 0.0367  
8761 30 0.0942 0.8888 0.0174 0.0373 21088897.7475 22739.5076 167595267.2046 2946.8457 18.7920 4286.5502 1176760.5989 11067649.2843 20550762.5704 21276865.5941 21065789.3723 21049748.7745 21049748.7745 21049748.7745 23.6671 1.0152 3.3146 0.8494 0.1997 0.0638 0.0306 0.0249 0.0247 0.0247 0.0247 0.0247 0.0091 0.1159 0.3994 0.8385 1.2578 1.4239 1.4453 1.4461 1.4461 1.4461 1.4461 0.1359 0.0855 0.0686 0.0638 0.0595 0.0568 0.0563 0.0563 0.0563 0.0563 0.0563  
8761 35 1.0743 0.4592 0.2883 0.5626 12222023.8432 1722062.6857 104832085.4594 13487.9160 3320185.2097 43119094.4826 59554042.4534 66373903.6375 46218668.5753 23513190.0548 14393355.9918 12867149.4769 12508525.9928 12244370.1150 18.5932 0.5002 1.8098 1.7749 0.2494 0.1883 0.1314 0.0616 0.0423 0.0400 0.0398 0.2032 0.0143 0.1166 0.2528 0.3540 0.4233 0.4819 0.5056 0.5108 0.5152 0.5201 1.4702 0.1337 0.1122 0.0840 0.0758 0.0726 0.0699 0.0669 0.0660 0.0659 0.0658 0.0813  
8761 36 0.3514 0.5420 0.0455 0.1034 166208744.8056 1816554.2825 260336761.5180 61985.6065 33033510048.5937 48409183213.4004 23098907724.9254 8558229227.9396 830886481.0779 243959003.8449 230688771.3505 230035918.0920 230035918.0920 230018695.8629 0.0000 1.3298 0.1378 0.1444 0.1449 0.1508 0.1652 0.1663 0.1664 0.1664 0.1664 0.0000 0.0007 0.0052 0.0090 0.0170 0.0213 0.0216 0.0216 0.0216 0.0216 0.0216 1.4359 0.1897 0.1728 0.1293 0.1283 0.1194 0.0978 0.0961 0.0960 0.0960 0.0960 0.0000  
17545 4 8.8078 2.4588 0.0434 0.0505 16330447.0659 5646433.7314 708186115.6262 11155.8752 2574394.3876 107375721.6897 120523949.9637 45344314.9568 40069698.1892 40039781.3441 40039781.3441 40039781.3441 40039781.3441 40039781.3441 63.9567 0.1999 0.0416 0.0342 0.0303 0.0291 0.0291 0.0291 0.0291 0.0291 0.0291 0.0293 0.0406 0.5074 1.2979 1.5276 1.5375 1.5376 1.5376 1.5376 1.5376 1.5376 1.5376 0.1147 0.0808 0.0661 0.0577 0.0563 0.0563 0.0563 0.0563 0.0563 0.0563 0.0618  
17545 12 1.5283 1.6190 0.0095 0.0134 17802955.3129 190982.9532 2699924264.7296 681023.1320 1069698252.6641 6839787417.1882 4115621155.6542 1302993797.9435 304401147.9891 147717682.4341 84996854.4393 40207715.3125 17705989.9067 10564144.1372 270.5056 0.1007 0.0042 0.0083 0.0142 0.0167 0.0178 0.0180 0.0184 0.0191 0.0199 0.0044 0.0185 0.1363 0.2773 0.3800 0.4347 0.4708 0.5142 0.5471 0.5637 0.5690 1.1640 0.1839 0.1070 0.0826 0.0740 0.0691 0.0660 0.0655 0.0647 0.0632 0.0617 0.1106  
17545 15 1.2464 1.1788 0.1566 0.1396 306261563.2136 0.0000 1707453574.7078 539595.8083 1198068285.4793 15947060363.7381 13069306977.1683 4459005406.1936 1642475018.4329 576565580.7213 506131655.6198 500075128.1279 486008983.7326 466823148.2080 0.0000 0.2201 0.0013 0.0005 0.0137 0.1353 0.4024 0.4473 0.4484 0.4491 0.4501 0.0000 0.0037 0.0340 0.0805 0.1143 0.1546 0.1709 0.1721 0.1732 0.1763 0.1805 1.6453 0.2803 0.1962 0.1557 0.1342 0.1274 0.1158 0.1139 0.1139 0.1138 0.1137 0.0000  
17545 29 1.0296 0.8616 0.0535 0.0915 33720529.8772 623385.2605 181418501.8874 143947.5195 811252.6913 121573781.9672 493233792.0299 672580498.8516 523741509.3732 341646181.0676 217839647.7651 148747685.5017 114612038.0849 100628044.3428 1.0669 3.5574 0.6131 0.2800 0.0533 0.0115 0.0162 0.0450 0.1062 0.1921 0.2547 0.4635 0.0008 0.0083 0.0282 0.0621 0.1093 0.1667 0.2325 0.3028 0.3770 0.4303 2.5550 0.2220 0.1131 0.0966 0.0813 0.0695 0.0605 0.0538 0.0486 0.0446 0.0424 0.0367  
17545 30 1.2450 1.7948 0.0031 0.0068 2934631.5590 1652745.9004 177222104.2192 29065.2736 3057093.1277 60799242.8874 88779262.4154 35275720.8466 18592959.9658 21766820.7576 22628401.1940 22670637.5553 22670637.5553 22670637.5553 25.4895 0.0045 0.0217 0.0776 0.0579 0.0077 0.0037 0.0030 0.0030 0.0030 0.0030 0.0030 0.0091 0.1159 0.3994 0.8385 1.2578 1.4239 1.4453 1.4461 1.4461 1.4461 1.4461 0.1849 0.1315 0.1017 0.0767 0.0587 0.0564 0.0563 0.0563 0.0563 0.0563 0.0563  
17545 35 1.0760 0.8073 0.2166 0.2907 11071643.6285 1840.8832 88785472.9047 10986.3065 392555.3045 7875872.5636 34296939.6822 58033322.0695 44624167.2127 22537342.5413 13574745.3792 12077669.8983 11734054.9039 11485104.4449 14.9363 0.3827 1.4319 0.6338 0.1833 0.1801 0.1202 0.0367 0.0116 0.0086 0.0083 0.1703 0.0143 0.1166 0.2528 0.3540 0.4233 0.4819 0.5056 0.5108 0.5152 0.5201 1.4702 0.1314 0.1068 0.0804 0.0746 0.0726 0.0702 0.0670 0.0660 0.0659 0.0658 0.0764  
17545 36 0.8393 0.9103 0.0188 0.0801 61983969.2064 1087250.3588 242038994.8951 279727.3180 26450956005.1024 41506454468.8790 22600368376.4448 8357042007.1112 776731630.6463 200971950.7003 187954233.9457 187317629.1654 187317629.1654 187303605.1505 0.0000 0.0661 0.0723 0.1001 0.1013 0.1023 0.1054 0.1057 0.1057 0.1057 0.1057 0.0000 0.0007 0.0052 0.0090 0.0170 0.0213 0.0216 0.0216 0.0216 0.0216 0.0216 1.4359 0.1944 0.1745 0.1339 0.1331 0.1253 0.1019 0.0998 0.0997 0.0997 0.0997 0.0000  
26305 4 1.6540 1.2792 0.0267 0.0250 10970474.7235 54727354.1391 1017764268.2204 98258.3363 1892088.0469 81760385.3567 118218638.5052 78566003.7667 75555519.6726 75537620.3328 75537620.3328 75537620.3328 75537620.3328 75537620.3328 117.2495 0.1652 0.0308 0.0230 0.0208 0.0205 0.0205 0.0205 0.0205 0.0205 0.0205 0.0206 0.0406 0.5074 1.2979 1.5276 1.5375 1.5376 1.5376 1.5376 1.5376 1.5376 1.5376 0.1138 0.0790 0.0636 0.0569 0.0563 0.0563 0.0563 0.0563 0.0563 0.0563 0.0581  
26305 12 1.0082 0.9585 0.0052 0.0062 17807484.7524 210420.8821 3743717709.3139 1040798.7912 77201156.0661 2692979415.3105 5739202373.7661 2830708649.1893 850903290.4495 472555058.2429 268301414.3678 118836572.9350 43750783.5174 19920450.1183 22.3691 0.0705 0.0035 0.0044 0.0063 0.0070 0.0074 0.0074 0.0076 0.0081 0.0089 0.0112 0.0185 0.1363 0.2773 0.3800 0.4347 0.4708 0.5142 0.5471 0.5637 0.5690 1.1640 0.1486 0.0919 0.0797 0.0734 0.0688 0.0661 0.0658 0.0655 0.0647 0.0635 0.1090  
26305 15 0.9857 1.1180 0.2243 0.3989 539552632.6906 0.0000 1671762346.1933 672542.4134 1200370782.7833 18756536723.3088 17951596952.1748 5702522901.2362 1665541767.3348 138115179.9653 38584510.1602 36754351.4977 36649100.9110 36505556.2213 0.0000 0.3924 0.0037 0.0004 0.0156 0.1975 1.4253 2.4683 2.5020 2.4764 2.4403 0.0000 0.0037 0.0340 0.0805 0.1143 0.1546 0.1709 0.1721 0.1732 0.1763 0.1805 1.6453 0.2825 0.1909 0.1560 0.1349 0.1316 0.1219 0.1142 0.1138 0.1136 0.1134 0.0000  
26305 29 0.8933 0.8812 0.0253 0.0853 27663761.5424 778331.2583 153766031.1736 148209.9794 117948.7264 24073286.7390 304530610.6474 590075946.6456 518100935.7225 342923352.1019 208193925.4228 130368529.3382 90675063.4109 74180974.2280 0.6241 5.2169 1.2454 0.2746 0.0395 0.0103 0.0157 0.0459 0.1102 0.1999 0.2672 0.4994 0.0008 0.0083 0.0282 0.0621 0.1093 0.1667 0.2325 0.3028 0.3770 0.4303 2.5550 0.2743 0.1079 0.0871 0.0785 0.0688 0.0607 0.0543 0.0491 0.0450 0.0428 0.0367  
26305 30 1.3207 1.0907 0.0039 0.0214 29046673.0037 3031720.5980 219239194.7798 36185.6516 1992778.8703 49428376.9047 93079644.1015 61820085.1496 33857990.1341 25036824.6140 23980097.3867 23939358.9424 23939358.9424 23939358.9424 26.9160 0.0104 0.1046 0.3143 0.2734 0.0521 0.0085 0.0067 0.0067 0.0067 0.0067 0.0067 0.0091 0.1159 0.3994 0.8385 1.2578 1.4239 1.4453 1.4461 1.4461 1.4461 1.4461 0.1864 0.1270 0.0939 0.0742 0.0615 0.0568 0.0563 0.0563 0.0563 0.0563 0.0563  
26305 35 0.8899 0.8676 0.2372 0.3089 10984036.6142 3472.7130 76735287.1155 11821.5603 250942.7699 4291997.8002 22981448.8086 46573588.0715 37496765.7829 19736952.9801 12502060.5587 11284992.8512 10982235.1284 10750700.3867 11.6013 0.3787 1.6921 0.6713 0.2182 0.2112 0.1381 0.0421 0.0142 0.0109 0.0106 0.2071 0.0143 0.1166 0.2528 0.3540 0.4233 0.4819 0.5056 0.5108 0.5152 0.5201 1.4702 0.1356 0.1085 0.0793 0.0741 0.0726 0.0701 0.0669 0.0660 0.0659 0.0658 0.0759  
26305 36 0.9371 0.8665 0.0483 0.0951 146018894.5686 848898.3230 210824894.4204 234771.7016 19757324821.7552 33204285913.4694 20174697436.7651 7452332644.1910 674277795.5373 159453142.4729 147813152.7335 147245943.0305 147245943.0305 147234919.0853 0.0000 0.0985 0.1001 0.1344 0.1352 0.1364 0.1404 0.1408 0.1408 0.1408 0.1408 0.0000 0.0007 0.0052 0.0090 0.0170 0.0213 0.0216 0.0216 0.0216 0.0216 0.0216 1.4359 0.1945 0.1718 0.1340 0.1334 0.1264 0.1024 0.1000 0.0999 0.0999 0.0999 0.0000  
35065 4 1.0952 1.0807 0.0303 0.0285 30836950.2932 12459967.0258 1168055832.7423 162516.2384 796558.4225 47285145.5415 99445543.7428 96441944.2796 95957965.6471 95955504.0185 95955504.0185 95955504.0185 95955504.0185 95955504.0185 147.1765 0.1974 0.0394 0.0306 0.0273 0.0270 0.0270 0.0270 0.0270 0.0270 0.0270 0.0271 0.0406 0.5074 1.2979 1.5276 1.5375 1.5376 1.5376 1.5376 1.5376 1.5376 1.5376 0.1121 0.0776 0.0616 0.0566 0.0563 0.0563 0.0563 0.0563 0.0563 0.0563 0.0570  
35065 12 0.9870 0.9523 0.0029 0.0030 11543094.9060 78951.9909 4061569749.4078 1049376.7910 14493482.6779 963644252.6083 4473271683.8494 3428421307.1423 1487417100.0534 958888987.9677 546602772.1847 238378827.2279 83539982.4255 34398576.1730 5.3678 0.1178 0.0027 0.0024 0.0029 0.0032 0.0033 0.0033 0.0033 0.0034 0.0037 0.0268 0.0185 0.1363 0.2773 0.3800 0.4347 0.4708 0.5142 0.5471 0.5637 0.5690 1.1640 0.1670 0.0845 0.0765 0.0723 0.0678 0.0660 0.0659 0.0657 0.0654 0.0647 0.1002  
35065 15 1.2489 1.0943 0.0158 0.0869 93805449.0287 0.0000 1978988748.5831 662925.1438 1034689884.7332 19718917537.8373 21795358260.2473 7096999963.3422 2044757148.9407 127331211.8059 2431020.8340 347646.7085 842308.5613 1517021.5025 0.0000 0.2107 0.0009 0.0003 0.0014 0.0156 0.2782 2.8832 4.7947 3.8525 3.2174 0.0000 0.0037 0.0340 0.0805 0.1143 0.1546 0.1709 0.1721 0.1732 0.1763 0.1805 1.6453 0.2813 0.1847 0.1559 0.1351 0.1333 0.1325 0.1230 0.1110 0.1086 0.1068 0.0000  
35065 29 0.8299 0.9221 0.0131 0.0263 24884740.2641 1084910.9576 129376381.5780 132402.5693 25425.2208 12151925.0870 245741332.0626 520749417.4070 489919518.6080 333547810.6852 196717138.3921 112605648.7231 69625628.2353 52320282.7591 0.3315 6.1317 0.7052 0.0531 0.0147 0.0099 0.0175 0.0518 0.1263 0.2311 0.3120 0.5962 0.0008 0.0083 0.0282 0.0621 0.1093 0.1667 0.2325 0.3028 0.3770 0.4303 2.5550 0.3073 0.0999 0.0837 0.0775 0.0683 0.0606 0.0546 0.0497 0.0456 0.0432 0.0367  
35065 30 1.8347 1.5648 0.0021 0.0165 36172063.6647 2256661.3266 301111571.1333 47790.0690 5640861.8070 136963461.3990 224551942.4815 109782762.3278 49684769.6291 33417469.2866 31168996.1917 31070122.5653 31070122.5653 31070122.5653 34.9334 0.0051 0.0646 0.2340 0.1630 0.0339 0.0086 0.0060 0.0059 0.0059 0.0059 0.0059 0.0091 0.1159 0.3994 0.8385 1.2578 1.4239 1.4453 1.4461 1.4461 1.4461 1.4461 0.1882 0.1291 0.0977 0.0750 0.0618 0.0570 0.0563 0.0563 0.0563 0.0563 0.0563  
35065 35 0.8925 0.8761 0.2741 0.3598 9302029.8438 3803.0636 63838109.2515 10519.8655 149385.4662 2707161.8425 16922646.7232 36858995.2162 30547954.9641 16986482.4494 11449321.6579 10507506.5534 10245096.7236 10030911.6052 9.0602 0.4546 2.0923 0.8589 0.2336 0.2185 0.1367 0.0404 0.0145 0.0115 0.0112 0.2229 0.0143 0.1166 0.2528 0.3540 0.4233 0.4819 0.5056 0.5108 0.5152 0.5201 1.4702 0.1350 0.1086 0.0792 0.0740 0.0724 0.0698 0.0668 0.0660 0.0659 0.0658 0.0758  
35065 36 0.8767 0.9061 0.0555 0.0989 129397214.5950 800852.5388 184783997.4763 220015.4312 16535831653.9531 28648509356.1893 18168246917.4696 6702131276.9731 591007063.9116 126838884.3707 116344225.1331 115834515.2032 115834515.2032 115825842.9550 0.0000 0.0984 0.1002 0.1335 0.1347 0.1357 0.1396 0.1401 0.1401 0.1401 0.1401 0.0000 0.0007 0.0052 0.0090 0.0170 0.0213 0.0216 0.0216 0.0216 0.0216 0.0216 1.4359 0.1945 0.1711 0.1340 0.1334 0.1271 0.1027 0.1000 0.0999 0.0999 0.0999 0.0000  
43825 4 1.0931 1.0450 0.0218 0.0208 20693842.4258 16784461.6567 1247494838.4488 177988.3484 551746.2727 37397987.9983 95103039.9143 105355079.1101 105740571.7673 105742608.8796 105742608.8796 105742608.8796 105742608.8796 105742608.8796 161.9339 0.1997 0.0290 0.0208 0.0189 0.0188 0.0188 0.0188 0.0188 0.0188 0.0188 0.0188 0.0406 0.5074 1.2979 1.5276 1.5375 1.5376 1.5376 1.5376 1.5376 1.5376 1.5376 0.1116 0.0775 0.0604 0.0564 0.0563 0.0563 0.0563 0.0563 0.0563 0.0563 0.0567  
43825 12 0.9701 0.9524 0.0025 0.0025 11272364.8975 59436.4623 4084187654.2191 1035752.4991 6760954.7592 457739484.9367 3255926063.0753 3223175256.5218 1888608257.5975 1326598191.9885 758668457.7284 329434218.3525 113805549.5162 45371399.4602 2.8628 0.1706 0.0035 0.0023 0.0026 0.0028 0.0029 0.0029 0.0029 0.0030 0.0031 0.0430 0.0185 0.1363 0.2773 0.3800 0.4347 0.4708 0.5142 0.5471 0.5637 0.5690 1.1640 0.1779 0.0822 0.0748 0.0714 0.0671 0.0660 0.0659 0.0658 0.0656 0.0651 0.0913  
43825 15 1.3122 1.0357 0.0019 0.0063 7677681.9979 0.0000 2266762040.8566 827913.2517 895659318.5218 18133645202.7508 23426160409.2632 9175137756.8603 2681606638.7742 166854907.5474 3015482.4736 137679.8122 360740.0548 664991.5905 0.0000 0.2848 0.0012 0.0003 0.0004 0.0008 0.0102 0.5184 4.8273 2.6675 1.8264 0.0000 0.0037 0.0340 0.0805 0.1143 0.1546 0.1709 0.1721 0.1732 0.1763 0.1805 1.6453 0.2819 0.1798 0.1549 0.1348 0.1333 0.1333 0.1327 0.1030 0.1007 0.1000 0.0000  
43825 29 0.9088 0.9258 0.0122 0.0164 23411466.3401 967285.2763 107779678.2093 109882.1714 46808.2324 9491063.6178 199691434.6135 455227712.0662 466059734.3832 325636895.4502 184934114.7919 95182340.5082 50834910.5230 34134379.9287 0.1485 6.1310 0.9276 0.0217 0.0117 0.0104 0.0200 0.0617 0.1553 0.2881 0.3941 0.7661 0.0008 0.0083 0.0282 0.0621 0.1093 0.1667 0.2325 0.3028 0.3770 0.4303 2.5550 0.3209 0.1077 0.0832 0.0766 0.0678 0.0606 0.0550 0.0503 0.0462 0.0438 0.0367  
43825 30 0.9702 0.9951 0.0022 0.0184 47777999.2322 2981659.0034 422901128.4161 87680.7259 3003274.9262 63408488.7719 175318596.1178 146893649.7994 73904834.2380 46494726.5089 42759261.1959 42601465.3204 42601465.3204 42601465.3204 47.8985 0.0083 0.0904 0.2209 0.1908 0.0417 0.0082 0.0056 0.0055 0.0055 0.0055 0.0055 0.0091 0.1159 0.3994 0.8385 1.2578 1.4239 1.4453 1.4461 1.4461 1.4461 1.4461 0.1886 0.1233 0.0895 0.0737 0.0623 0.0571 0.0563 0.0563 0.0563 0.0563 0.0563  
43825 35 0.8518 0.8546 0.3471 0.4114 9350998.9882 2529.7985 55187510.7984 9389.3386 142415.0209 2355870.7873 11675138.7580 26735914.9738 23074074.2463 14064715.6102 10373441.1651 9730591.2732 9511110.6522 9314656.0256 6.4936 0.4221 1.9044 0.9034 0.3049 0.2815 0.1645 0.0464 0.0175 0.0142 0.0139 0.2956 0.0143 0.1166 0.2528 0.3540 0.4233 0.4819 0.5056 0.5108 0.5152 0.5201 1.4702 0.1342 0.1098 0.0788 0.0738 0.0723 0.0694 0.0667 0.0660 0.0659 0.0658 0.0755  
43825 36 0.8365 0.8744 0.0577 0.1000 106794055.0122 875469.1366 157495544.4880 192895.9446 12942980204.7156 23410712692.8045 15696887240.3163 5786449525.7900 501948873.5593 100566582.6924 91491491.3132 91051637.0755 91051637.0755 91044820.2611 0.0000 0.0986 0.1004 0.1350 0.1358 0.1367 0.1404 0.1408 0.1409 0.1409 0.1409 0.0000 0.0007 0.0052 0.0090 0.0170 0.0213 0.0216 0.0216 0.0216 0.0216 0.0216 1.4359 0.1945 0.1691 0.1340 0.1335 0.1277 0.1030 0.1000 0.0999 0.0999 0.0999 0.0000  
52609 4 1.0308 1.0196 0.0205 0.0194 21004607.0784 16698729.7880 1303580036.5727 194555.3544 401084.4325 30275199.2044 91688328.6035 109924594.7351 110849991.9108 110855264.2863 110855264.2863 110855264.2863 110855264.2863 110855264.2863 169.5124 0.1932 0.0279 0.0201 0.0184 0.0183 0.0183 0.0183 0.0183 0.0183 0.0183 0.0183 0.0406 0.5074 1.2979 1.5276 1.5375 1.5376 1.5376 1.5376 1.5376 1.5376 1.5376 0.1115 0.0769 0.0598 0.0564 0.0563 0.0563 0.0563 0.0563 0.0563 0.0563 0.0566  
52609 12 0.9617 0.9533 0.0025 0.0024 11121606.4217 58296.2721 4008940975.9959 1004819.0649 6466823.6743 259051521.9402 2286911652.4517 2828684813.4128 2160986617.3158 1603496936.5882 918957462.3091 398222173.9309 136627741.6040 53605534.9463 2.6674 0.1587 0.0049 0.0023 0.0025 0.0027 0.0028 0.0028 0.0028 0.0028 0.0030 0.0435 0.0185 0.1363 0.2773 0.3800 0.4347 0.4708 0.5142 0.5471 0.5637 0.5690 1.1640 0.1815 0.0819 0.0739 0.0704 0.0667 0.0659 0.0659 0.0658 0.0657 0.0653 0.0896  
52609 15 1.1649 1.0427 0.0016 0.0032 8941604.7423 0.0000 2549809192.1955 1086409.8781 1672835752.2954 17712073811.1046 23539225151.4683 11338411897.4838 3358264670.4278 208971310.8220 3777979.8664 112028.2881 209858.3790 343297.4893 0.0000 0.1957 0.0012 0.0003 0.0004 0.0009 0.0108 0.5479 6.7738 4.5626 3.2925 0.0000 0.0037 0.0340 0.0805 0.1143 0.1546 0.1709 0.1721 0.1732 0.1763 0.1805 1.6453 0.2844 0.1826 0.1533 0.1345 0.1333 0.1333 0.1329 0.1067 0.1028 0.1013 0.0000  
52609 29 0.8696 0.9177 0.0177 0.0221 24635000.8750 966226.5992 86033573.7447 99860.0531 28217.4526 7654746.5127 164224450.4722 399759722.6990 436900797.9157 308618490.5165 166753925.8693 75209762.4774 33045861.4349 18835690.5401 0.0471 6.2542 0.8198 0.0292 0.0179 0.0143 0.0281 0.0891 0.2305 0.4249 0.5786 1.1128 0.0008 0.0083 0.0282 0.0621 0.1093 0.1667 0.2325 0.3028 0.3770 0.4303 2.5550 0.3206 0.1051 0.0829 0.0758 0.0673 0.0606 0.0554 0.0511 0.0471 0.0447 0.0367  
52609 30 0.9180 0.9800 0.0125 0.0349 87653609.6251 219003.6939 551067493.2507 85065.5217 4252734.1314 64577015.4978 94774644.8244 101625716.3433 85693501.6395 64907351.6221 61237404.7550 61070620.6737 61070620.6737 61070620.6737 68.6642 0.0252 0.2449 0.6954 0.3355 0.0710 0.0213 0.0156 0.0154 0.0154 0.0154 0.0154 0.0091 0.1159 0.3994 0.8385 1.2578 1.4239 1.4453 1.4461 1.4461 1.4461 1.4461 0.1905 0.1300 0.0911 0.0705 0.0613 0.0570 0.0563 0.0563 0.0563 0.0563 0.0563  
52609 35 0.7768 0.8521 0.4731 0.5676 8907438.4152 3208.7140 54352402.1936 7998.0608 204233.1416 2696686.7905 9104805.4390 17970613.7565 16080906.6832 11301555.0102 9335871.6719 8972715.1468 8793944.9928 8614760.8680 4.4358 0.4280 2.0715 1.3411 0.4100 0.3575 0.1879 0.0502 0.0206 0.0173 0.0170 0.3912 0.0143 0.1166 0.2528 0.3540 0.4233 0.4819 0.5056 0.5108 0.5152 0.5201 1.4702 0.1355 0.1113 0.0805 0.0740 0.0719 0.0689 0.0665 0.0659 0.0658 0.0658 0.0768  
52609 36 0.8609 0.8992 0.0578 0.1002 87861092.2065 641281.4366 135885376.6562 161358.0837 11097500303.9636 20120689098.9476 13529904717.9046 4983305155.0822 425923327.8372 79769079.5522 71942674.7283 71564036.5792 71564036.5792 71558678.7540 0.0000 0.0983 0.1002 0.1340 0.1350 0.1360 0.1404 0.1409 0.1410 0.1410 0.1410 0.0000 0.0007 0.0052 0.0090 0.0170 0.0213 0.0216 0.0216 0.0216 0.0216 0.0216 1.4359 0.1945 0.1692 0.1340 0.1335 0.1281 0.1033 0.1000 0.0999 0.0999 0.0999 0.0000  
61369 4 1.0664 1.0553 0.0182 0.0170 19673400.7761 16567769.3753 1383349432.9318 200555.8775 589861.9247 41269552.3122 106959788.1612 116943850.6700 117227201.3579 117228622.4668 117228622.4668 117228622.4668 117228622.4668 117228622.4668 179.5987 0.2013 0.0255 0.0173 0.0162 0.0162 0.0162 0.0162 0.0162 0.0162 0.0162 0.0162 0.0406 0.5074 1.2979 1.5276 1.5375 1.5376 1.5376 1.5376 1.5376 1.5376 1.5376 0.1122 0.0781 0.0604 0.0564 0.0563 0.0563 0.0563 0.0563 0.0563 0.0563 0.0567  
61369 12 0.9534 0.9535 0.0025 0.0025 11012536.0081 50364.5841 3878556565.9209 966318.3505 5170642.2120 173506774.0124 1635592512.3882 2467807090.2625 2282866476.0015 1746352777.6002 1001983357.9420 433774630.5487 148331844.0126 57740946.8029 2.1212 0.1675 0.0058 0.0023 0.0026 0.0027 0.0028 0.0028 0.0028 0.0028 0.0030 0.0435 0.0185 0.1363 0.2773 0.3800 0.4347 0.4708 0.5142 0.5471 0.5637 0.5690 1.1640 0.1803 0.0825 0.0734 0.0696 0.0664 0.0659 0.0659 0.0658 0.0657 0.0654 0.0898  
61369 15 1.1329 1.1904 0.0025 0.0041 26925224.2900 0.0000 2922741130.6407 1265593.1115 5495311214.7730 25020320663.2689 26686370322.9186 12914333626.6587 3826945544.5408 238183421.9779 4351377.6472 149548.8804 189855.1583 244832.4988 0.0000 0.3205 0.0041 0.0003 0.0004 0.0010 0.0149 0.7404 8.1991 6.8009 5.6010 0.0000 0.0037 0.0340 0.0805 0.1143 0.1546 0.1709 0.1721 0.1732 0.1763 0.1805 1.6453 0.2901 0.1963 0.1526 0.1343 0.1333 0.1333 0.1328 0.1108 0.1071 0.1047 0.0000  
61369 29 0.8222 0.9140 0.0209 0.0264 22358628.2556 863492.6856 67357637.9629 86837.9325 39066.7216 6422495.2961 139044108.1803 353992128.2555 403391068.4382 286533400.6020 145752016.7028 54805674.9743 18309405.7287 8473408.1151 0.0098 6.1982 1.0995 0.0328 0.0203 0.0175 0.0358 0.1131 0.3099 0.5916 0.7935 1.5299 0.0008 0.0083 0.0282 0.0621 0.1093 0.1667 0.2325 0.3028 0.3770 0.4303 2.5550 0.3188 0.1116 0.0827 0.0752 0.0670 0.0607 0.0560 0.0523 0.0484 0.0460 0.0367  
61369 30 1.3267 0.9582 0.0256 0.0337 84541578.5124 49779.5647 600505229.3597 78087.4284 4208653.6946 57396141.2996 56326923.0192 49382887.6367 66472351.4187 76192854.7926 77749902.0787 77820741.9892 77820741.9892 77820741.9892 87.4970 0.0303 0.4239 1.1456 0.4743 0.0604 0.0218 0.0186 0.0185 0.0185 0.0185 0.0185 0.0091 0.1159 0.3994 0.8385 1.2578 1.4239 1.4453 1.4461 1.4461 1.4461 1.4461 0.1866 0.1317 0.0967 0.0693 0.0594 0.0567 0.0563 0.0563 0.0563 0.0563 0.0563  
61369 35 0.7636 0.9159 0.5442 0.7430 7996984.1066 3262.6090 39186749.0367 6213.2804 394328.9181 4768156.3550 10569737.5292 13035649.7377 11334258.7781 9273793.8970 8431796.1686 8252056.5099 8103543.6880 7940117.7537 3.5161 0.4636 2.2362 1.9156 0.5056 0.3953 0.1844 0.0487 0.0229 0.0202 0.0199 0.4459 0.0143 0.1166 0.2528 0.3540 0.4233 0.4819 0.5056 0.5108 0.5152 0.5201 1.4702 0.1369 0.1118 0.0838 0.0750 0.0715 0.0683 0.0663 0.0659 0.0658 0.0658 0.0813  
61369 36 0.8712 0.8989 0.0562 0.0979 77744713.0453 609369.6248 121474383.4661 138909.5995 8987375265.0056 17098783010.1698 12159626067.0443 4474813886.3723 375128206.2315 63738100.8346 56697702.2111 56357890.8083 56357890.8083 56353671.4302 0.0000 0.0951 0.0972 0.1310 0.1320 0.1331 0.1382 0.1390 0.1390 0.1390 0.1390 0.0000 0.0007 0.0052 0.0090 0.0170 0.0213 0.0216 0.0216 0.0216 0.0216 0.0216 1.4359 0.1945 0.1682 0.1340 0.1335 0.1286 0.1036 0.1000 0.0999 0.0999 0.0999 0.0000  
70129 4 1.0152 1.0123 0.0183 0.0171 20859768.0720 16499840.1052 1426520132.1350 213876.6926 349753.2817 27262585.1483 96171511.4076 122035873.9617 123394442.6457 123401643.4616 123401643.4616 123401643.4616 123401643.4616 123401643.4616 188.6548 0.2096 0.0251 0.0178 0.0165 0.0165 0.0165 0.0165 0.0165 0.0165 0.0165 0.0165 0.0406 0.5074 1.2979 1.5276 1.5375 1.5376 1.5376 1.5376 1.5376 1.5376 1.5376 0.1115 0.0764 0.0593 0.0564 0.0563 0.0563 0.0563 0.0563 0.0563 0.0563 0.0566  
70129 12 0.9476 0.9554 0.0026 0.0025 10935936.3358 57866.5071 3708651595.2519 921286.0183 7421516.1569 136593401.3802 1197345762.9033 2181957933.2203 2310781523.2244 1799632430.8028 1033240515.6677 447060994.9685 152590600.3822 59134648.2315 2.2618 0.1774 0.0094 0.0023 0.0027 0.0028 0.0028 0.0028 0.0029 0.0029 0.0030 0.0390 0.0185 0.1363 0.2773 0.3800 0.4347 0.4708 0.5142 0.5471 0.5637 0.5690 1.1640 0.1842 0.0856 0.0731 0.0688 0.0662 0.0659 0.0659 0.0659 0.0657 0.0655 0.0930  
70129 15 1.0961 0.9623 0.0041 0.0069 19104471.5385 0.0000 3193451112.6295 1433774.4159 2618662296.9566 19599499760.8774 28130054848.2558 15090163046.6958 4495454844.1506 279859025.3140 5182134.8756 234623.8694 247520.7768 265112.1038 0.0000 0.1008 0.0007 0.0004 0.0005 0.0016 0.0257 1.1956 8.8545 8.3934 7.8266 0.0000 0.0037 0.0340 0.0805 0.1143 0.1546 0.1709 0.1721 0.1732 0.1763 0.1805 1.6453 0.2810 0.1831 0.1522 0.1343 0.1333 0.1333 0.1321 0.1132 0.1119 0.1104 0.0000  
70129 29 0.7205 0.9153 0.0252 0.0294 17906257.0232 603684.0630 54296896.1077 71397.1031 22761.0099 5398899.7702 118512237.4263 313071312.7906 368691233.4207 263480864.1085 127493432.9078 39740008.0499 9067002.0134 3021871.8259 0.0007 6.2432 0.9609 0.0308 0.0222 0.0224 0.0428 0.1156 0.3312 0.7493 1.0857 2.5605 0.0008 0.0083 0.0282 0.0621 0.1093 0.1667 0.2325 0.3028 0.3770 0.4303 2.5550 0.3177 0.1077 0.0825 0.0748 0.0668 0.0608 0.0567 0.0539 0.0505 0.0479 0.0367  
70129 30 0.9704 0.9644 0.0108 0.0274 78057050.0966 126355.3907 595320759.8925 103597.5583 5117072.5846 58798974.0243 41063231.9409 27285742.8490 56311970.3689 77368388.3007 80860946.5742 81019440.7444 81019440.7444 81019440.7444 91.0934 0.0317 0.5455 1.5584 0.6130 0.0456 0.0183 0.0170 0.0170 0.0170 0.0170 0.0170 0.0091 0.1159 0.3994 0.8385 1.2578 1.4239 1.4453 1.4461 1.4461 1.4461 1.4461 0.1870 0.1356 0.1026 0.0685 0.0579 0.0564 0.0563 0.0563 0.0563 0.0563 0.0563  
70129 35 0.9612 0.8268 0.2283 0.6608 6212867.8307 54948.6112 37119677.1128 4744.5290 139497.4115 1979933.0046 6612254.9867 8220807.2529 7983048.5297 7732554.8556 7619102.6093 7559506.4935 7434345.5408 7285639.5539 2.1895 0.4572 2.1678 1.4894 0.5480 0.4218 0.1701 0.0470 0.0259 0.0237 0.0235 0.5065 0.0143 0.1166 0.2528 0.3540 0.4233 0.4819 0.5056 0.5108 0.5152 0.5201 1.4702 0.1378 0.1097 0.0825 0.0749 0.0708 0.0676 0.0662 0.0659 0.0658 0.0658 0.0795  
70129 36 0.9152 0.9376 0.0553 0.0959 70652894.0692 508621.3181 110136182.1599 121022.1972 8116496786.4001 15581479713.0398 11189514638.5907 4113418744.8790 338179242.9260 51432328.1162 44949104.5678 44636910.1954 44636910.1954 44633568.3387 0.0000 0.0934 0.0952 0.1264 0.1277 0.1285 0.1326 0.1333 0.1333 0.1333 0.1333 0.0000 0.0007 0.0052 0.0090 0.0170 0.0213 0.0216 0.0216 0.0216 0.0216 0.0216 1.4359 0.1944 0.1681 0.1340 0.1335 0.1292 0.1041 0.1001 0.0998 0.0998 0.0998 0.0000  
78889 4 1.0331 1.0224 0.0169 0.0161 19940379.9269 15741723.9936 1460254987.9903 217127.2202 401128.0909 31069137.0003 101519878.9181 125372662.3675 126595892.8037 126602345.8909 126602345.8909 126602345.8909 126602345.8909 126602345.8909 193.6175 0.2017 0.0242 0.0166 0.0153 0.0153 0.0153 0.0153 0.0153 0.0153 0.0153 0.0153 0.0406 0.5074 1.2979 1.5276 1.5375 1.5376 1.5376 1.5376 1.5376 1.5376 1.5376 0.1119 0.0775 0.0594 0.0564 0.0563 0.0563 0.0563 0.0563 0.0563 0.0563 0.0566  
78889 12 0.9402 0.9575 0.0028 0.0026 10849341.5373 71608.7157 3541456452.3841 872993.6234 11965395.3808 119873847.1466 874342175.1638 1946107774.0281 2297318129.9282 1811732881.8364 1040664868.2409 450101749.1826 153429313.9024 59274525.0887 2.7075 0.1756 0.0122 0.0024 0.0028 0.0029 0.0029 0.0029 0.0029 0.0030 0.0031 0.0312 0.0185 0.1363 0.2773 0.3800 0.4347 0.4708 0.5142 0.5471 0.5637 0.5690 1.1640 0.1856 0.0906 0.0727 0.0681 0.0661 0.0659 0.0659 0.0659 0.0657 0.0655 0.0980  
78889 15 1.1178 0.9825 0.0022 0.0047 14506301.4330 0.0000 3341546888.0137 1571607.6977 2617536466.7506 17357484217.7994 25752747242.2931 17226919536.1531 5184423837.1575 322640314.5611 5858846.4580 149414.0785 153918.0274 160061.4236 0.0000 0.1119 0.0006 0.0001 0.0002 0.0009 0.0172 0.8563 8.9133 8.6381 8.2728 0.0000 0.0037 0.0340 0.0805 0.1143 0.1546 0.1709 0.1721 0.1732 0.1763 0.1805 1.6453 0.2837 0.1837 0.1502 0.1340 0.1333 0.1333 0.1326 0.1135 0.1126 0.1115 0.0000  
78889 29 0.7538 0.9211 0.0250 0.0318 12820190.2090 447466.9114 46422649.0086 51438.2259 17965.8135 4597919.9229 101878146.4457 277970471.4039 335309907.9168 239551903.4725 112696943.6192 31605964.8547 5316119.8113 1215962.0632 0.0000 6.1830 0.9687 0.0330 0.0244 0.0258 0.0443 0.0956 0.2579 0.7015 1.2020 5.1225 0.0008 0.0083 0.0282 0.0621 0.1093 0.1667 0.2325 0.3028 0.3770 0.4303 2.5550 0.3094 0.1075 0.0823 0.0744 0.0667 0.0608 0.0571 0.0553 0.0532 0.0512 0.0367  
78889 30 0.9946 1.0276 0.0222 0.0275 81705063.5212 55840.9268 572387095.6293 100526.8121 7107669.0767 81464869.5572 56059879.4401 27238143.8023 51768703.2015 74665733.3932 78612217.0730 78793068.7985 78793068.7985 78793068.7985 88.5902 0.0274 0.4290 1.3508 0.8020 0.0447 0.0193 0.0186 0.0186 0.0186 0.0186 0.0186 0.0091 0.1159 0.3994 0.8385 1.2578 1.4239 1.4453 1.4461 1.4461 1.4461 1.4461 0.1833 0.1358 0.1035 0.0720 0.0574 0.0563 0.0563 0.0563 0.0563 0.0563 0.0563  
78889 35 0.7251 0.9283 0.2020 0.7779 4744293.1896 127164.5361 28258318.8813 4560.2545 251251.6725 3206471.7053 6435320.1492 6232015.0506 6145414.4082 6695773.6623 6912667.7211 6909446.4513 6800478.5913 6665198.1134 1.7548 0.4588 2.1921 2.1211 0.5405 0.3433 0.1261 0.0400 0.0264 0.0250 0.0248 0.4598 0.0143 0.1166 0.2528 0.3540 0.4233 0.4819 0.5056 0.5108 0.5152 0.5201 1.4702 0.1359 0.1118 0.0850 0.0756 0.0701 0.0671 0.0661 0.0659 0.0658 0.0658 0.0835  
78889 36 0.9004 0.9368 0.0547 0.0951 63133695.8044 433830.7845 96741957.4453 110758.9474 7790384350.9163 14344376791.9063 9825187775.0830 3608622413.3997 293193167.3804 41370970.6129 35677381.3582 35403590.0038 35403590.0038 35400939.4232 0.0000 0.0933 0.0949 0.1257 0.1271 0.1276 0.1312 0.1319 0.1319 0.1319 0.1319 0.0000 0.0007 0.0052 0.0090 0.0170 0.0213 0.0216 0.0216 0.0216 0.0216 0.0216 1.4359 0.1945 0.1688 0.1340 0.1336 0.1297 0.1046 0.1001 0.0998 0.0998 0.0998 0.0000  
87673 4 0.9907 0.9976 0.0167 0.0158 20099940.3958 15661024.6585 1463884747.4411 224303.7222 250850.7215 22041503.1259 94159105.8792 126713690.8949 128541562.0566 128551729.3400 128551729.3400 128551729.3400 128551729.3400 128551729.3400 196.3283 0.2374 0.0246 0.0163 0.0154 0.0153 0.0153 0.0153 0.0153 0.0153 0.0153 0.0153 0.0406 0.5074 1.2979 1.5276 1.5375 1.5376 1.5376 1.5376 1.5376 1.5376 1.5376 0.1127 0.0759 0.0587 0.0564 0.0563 0.0563 0.0563 0.0563 0.0563 0.0563 0.0565  
87673 12 0.9401 0.9640 0.0029 0.0027 10803779.5031 89976.4162 3370979588.1716 820802.2731 22714496.4447 154918681.7309 691755125.3392 1770875599.6435 2234489528.7362 1774590484.6956 1019585126.9889 440886075.5754 150173663.7009 57910418.4881 4.3540 0.1431 0.0129 0.0025 0.0030 0.0030 0.0030 0.0030 0.0031 0.0031 0.0032 0.0194 0.0185 0.1363 0.2773 0.3800 0.4347 0.4708 0.5142 0.5471 0.5637 0.5690 1.1640 0.1854 0.0990 0.0725 0.0676 0.0661 0.0659 0.0659 0.0659 0.0658 0.0655 0.1042  
87673 15 1.0658 1.0672 0.0018 0.0037 26298432.4584 0.0000 3456519377.5177 1756710.4126 5685045580.9312 20293548305.3467 24659408883.0389 18535272579.8222 5604001926.2930 348737206.7454 6317123.0788 143747.3925 143173.5702 142390.9455 0.0000 0.3007 0.0034 0.0001 0.0001 0.0007 0.0135 0.6896 8.9980 8.8466 8.6362 0.0000 0.0037 0.0340 0.0805 0.1143 0.1546 0.1709 0.1721 0.1732 0.1763 0.1805 1.6453 0.2875 0.1977 0.1482 0.1338 0.1333 0.1333 0.1328 0.1137 0.1131 0.1125 0.0000  
87673 29 0.6042 0.9222 0.0306 0.0398 9206917.0303 330151.0989 41283795.2390 38775.5402 15861.6542 3869516.9545 86740068.2761 245154914.3972 302954635.4468 216648526.5287 100951926.6051 27496631.7182 4185795.6982 813682.1783 0.0000 6.1110 0.9724 0.0479 0.0332 0.0312 0.0481 0.0807 0.1690 0.4608 0.9120 6.5880 0.0008 0.0083 0.0282 0.0621 0.1093 0.1667 0.2325 0.3028 0.3770 0.4303 2.5550 0.3131 0.1070 0.0821 0.0741 0.0666 0.0609 0.0573 0.0559 0.0550 0.0542 0.0367  
87673 30 0.9594 0.9948 0.0229 0.0284 84200916.4809 59523.9640 553236018.2219 99986.3134 6729520.2093 84008872.8659 60738708.1502 32233469.3276 51921586.5239 71686334.4177 75236783.2660 75403230.3308 75403230.3308 75403230.3308 84.7789 0.0270 0.4144 1.2913 0.7499 0.0475 0.0193 0.0187 0.0186 0.0186 0.0186 0.0186 0.0091 0.1159 0.3994 0.8385 1.2578 1.4239 1.4453 1.4461 1.4461 1.4461 1.4461 0.1832 0.1346 0.1022 0.0728 0.0577 0.0564 0.0563 0.0563 0.0563 0.0563 0.0563  
87673 35 0.9004 0.8319 0.2443 0.8186 4559915.5828 51641.8951 24899444.4492 3306.6208 115525.5974 1595582.5088 3362894.3548 3477866.3578 4343422.6230 5679176.5915 6208124.8202 6258340.6411 6165272.8556 6043404.0432 0.9322 0.4351 2.1199 2.0133 0.7203 0.4118 0.1359 0.0478 0.0346 0.0333 0.0332 0.6977 0.0143 0.1166 0.2528 0.3540 0.4233 0.4819 0.5056 0.5108 0.5152 0.5201 1.4702 0.1350 0.1113 0.0841 0.0753 0.0693 0.0667 0.0660 0.0659 0.0658 0.0658 0.0818  
87673 36 0.8761 0.9139 0.0543 0.0946 55809116.6527 483241.4849 83527743.5157 99731.7758 6880089693.5332 12630634892.4647 8620537785.7141 3164206112.9569 254307322.0869 33287040.9974 28289870.7570 28049870.2103 28049870.2103 28047770.1848 0.0000 0.0926 0.0944 0.1261 0.1272 0.1279 0.1321 0.1329 0.1330 0.1330 0.1330 0.0000 0.0007 0.0052 0.0090 0.0170 0.0213 0.0216 0.0216 0.0216 0.0216 0.0216 1.4359 0.1944 0.1687 0.1340 0.1336 0.1300 0.1051 0.1001 0.0998 0.0998 0.0998 0.0000  
96433 4 0.9998 0.9978 0.0165 0.0151 19091746.0163 15157372.8702 1476247593.5987 222220.5790 235905.2293 20849763.4016 93404223.0554 126502399.7874 128364717.8306 128375081.5976 128375081.5976 128375081.5976 128375081.5976 128375081.5976 195.9595 0.2941 0.0234 0.0152 0.0148 0.0147 0.0147 0.0147 0.0147 0.0147 0.0147 0.0147 0.0406 0.5074 1.2979 1.5276 1.5375 1.5376 1.5376 1.5376 1.5376 1.5376 1.5376 0.1152 0.0759 0.0586 0.0563 0.0563 0.0563 0.0563 0.0563 0.0563 0.0563 0.0565  
96433 12 0.9487 0.9608 0.0030 0.0028 10793280.7947 78528.7939 3201983889.9297 771637.2407 15533595.9132 139475289.7551 601306988.4482 1638192714.6386 2144761369.0612 1709730029.1916 982445144.4861 424768186.1948 144616357.8002 55704727.5475 3.5370 0.1526 0.0112 0.0025 0.0031 0.0032 0.0032 0.0032 0.0032 0.0033 0.0034 0.0216 0.0185 0.1363 0.2773 0.3800 0.4347 0.4708 0.5142 0.5471 0.5637 0.5690 1.1640 0.1830 0.0965 0.0728 0.0673 0.0660 0.0659 0.0659 0.0659 0.0658 0.0655 0.1050  
96433 15 1.0550 0.9628 0.0020 0.0038 14247385.0636 0.0000 3577826213.1685 1872338.1438 3902054803.9953 16558443830.4554 24650378355.9779 19711381567.1873 5971820426.0237 371633246.8411 6738671.9911 159162.4100 155762.5521 151125.2556 0.0000 0.0996 0.0006 0.0001 0.0002 0.0008 0.0142 0.7201 9.0307 8.9701 8.8828 0.0000 0.0037 0.0340 0.0805 0.1143 0.1546 0.1709 0.1721 0.1732 0.1763 0.1805 1.6453 0.2804 0.1929 0.1473 0.1338 0.1333 0.1333 0.1327 0.1138 0.1136 0.1133 0.0000  
96433 29 0.8001 0.9243 0.0291 0.0412 6989903.6927 288380.6269 37137143.1229 23429.9451 12973.4125 3204928.4290 72959181.3330 216140300.1758 274947129.8043 196451010.9994 90931011.5552 24647111.5111 3714307.1569 710186.7380 0.0000 6.2644 1.0136 0.0541 0.0355 0.0308 0.0447 0.0692 0.1289 0.3326 0.6766 6.8641 0.0008 0.0083 0.0282 0.0621 0.1093 0.1667 0.2325 0.3028 0.3770 0.4303 2.5550 0.3166 0.1082 0.0819 0.0737 0.0664 0.0609 0.0573 0.0560 0.0553 0.0549 0.0367  
96433 30 0.9862 0.9998 0.0239 0.0292 82463393.0473 57887.6186 540625096.8004 95922.4577 6883255.2791 89225709.4723 63819610.0703 33812776.5712 52001817.7479 69904263.1746 73116049.0920 73266854.9956 73266854.9956 73266854.9956 82.3769 0.0256 0.3837 1.2266 0.6986 0.0495 0.0196 0.0186 0.0186 0.0186 0.0186 0.0186 0.0091 0.1159 0.3994 0.8385 1.2578 1.4239 1.4453 1.4461 1.4461 1.4461 1.4461 0.1832 0.1342 0.1022 0.0724 0.0579 0.0564 0.0563 0.0563 0.0563 0.0563 0.0563  
96433 35 0.7558 0.9003 0.2538 0.8778 3306411.3474 111635.0955 22699584.9404 2977.1621 105938.6809 1313548.6568 2540979.4167 2502355.8255 3507295.3899 4995085.5222 5585972.6416 5649468.3690 5567498.6422 5457860.4330 0.6666 0.5106 2.4173 2.4777 0.6363 0.3066 0.1007 0.0453 0.0374 0.0366 0.0365 0.5795 0.0143 0.1166 0.2528 0.3540 0.4233 0.4819 0.5056 0.5108 0.5152 0.5201 1.4702 0.1352 0.1120 0.0858 0.0754 0.0685 0.0665 0.0660 0.0659 0.0658 0.0658 0.0849  
96433 36 0.8440 0.8848 0.0551 0.0947 48505129.3369 408974.1536 72100801.9159 87378.8101 5545893758.1469 10526704725.7522 7465468141.7016 2739427516.4835 218228519.4806 26731787.1805 22402132.1037 22194400.8897 22194400.8897 22192739.2490 0.0000 0.0927 0.0947 0.1272 0.1280 0.1286 0.1333 0.1343 0.1343 0.1343 0.1343 0.0000 0.0007 0.0052 0.0090 0.0170 0.0213 0.0216 0.0216 0.0216 0.0216 0.0216 1.4359 0.1944 0.1677 0.1340 0.1336 0.1303 0.1055 0.1001 0.0998 0.0998 0.0998 0.0000  
