8761 4 0.7955 0.7953 0.1619 0.1994 24057977.4816 22810437.7232 249634397.9742 28081.1225 589808.6928 30494002.3139 34772709.2188 12224306.5591 10664174.0372 10655223.6237 10655223.6237 10655223.6237 10655223.6237 10655223.6237 16.9144 0.5158 0.2614 0.2346 0.2140 0.2079 0.2079 0.2079 0.2079 0.2079 0.2079 0.2107 0.0406 0.5074 1.2979 1.5276 1.5375 1.5376 1.5376 1.5376 1.5376 1.5376 1.5376 0.1138 0.0802 0.0663 0.0578 0.0563 0.0563 0.0563 0.0563 0.0563 0.0563 0.0623  
8761 12 1.6377 0.6939 0.0184 0.0308 16571843.8844 4312189.1542 1205942548.1551 43242.3774 785401236.6693 4199782104.0853 1517022600.5521 304707699.8281 87430936.4926 52098223.4100 32355194.3928 17857494.8889 10572635.6021 8260102.8000 193.1828 0.5596 0.0193 0.0271 0.0421 0.0473 0.0486 0.0496 0.0515 0.0544 0.0563 0.0340 0.0185 0.1363 0.2773 0.3800 0.4347 0.4708 0.5142 0.5471 0.5637 0.5690 1.1640 0.1866 0.1142 0.0853 0.0733 0.0675 0.0657 0.0651 0.0638 0.0620 0.0608 0.1107  
8761 15 0.5313 0.6279 0.2013 0.1781 580593265.1719 0.0000 1660843022.2561 319106.6866 917137828.4976 11918331125.5751 9027512149.6295 3117441835.8760 1521845987.2127 928794349.6157 888463375.5440 879501489.4182 855302991.4866 822296911.6542 0.0000 1.1135 0.0100 0.0020 0.0358 0.2491 0.4553 0.4751 0.4757 0.4765 0.4777 0.0000 0.0037 0.0340 0.0805 0.1143 0.1546 0.1709 0.1721 0.1732 0.1763 0.1805 1.6453 0.2769 0.1999 0.1552 0.1331 0.1231 0.1147 0.1139 0.1138 0.1138 0.1137 0.0000  
8761 29 1.3306 0.6478 0.0574 0.1138 72823283.9363 203177086.2169 218233059.2021 170302.8737 2174070.6583 301858852.3206 788467949.2002 757084749.7154 532381991.9171 349392686.0559 233682393.6250 171423452.9903 144873325.8432 135797951.2334 1.7706 4.9794 1.3186 0.2665 0.0698 0.0451 0.0926 0.2827 0.5104 0.6332 0.6777 0.7981 0.0008 0.0083 0.0282 0.0621 0.1093 0.1667 0.2325 0.3028 0.3770 0.4303 2.5550 0.1650 0.1184 0.1030 0.0841 0.0696 0.0598 0.0529 0.0479 0.0442 0.0421 0.0367  
8761 30 0.0881 0.8891 0.0168 0.0373 21134595.3706 31644.1923 167564387.7402 2756.4314 21.2205 4152.6691 1095994.0696 10923249.1824 20764218.7050 21349696.8376 21068658.4301 21048286.4230 21048286.4230 21048286.4230 23.6654 0.9062 3.4324 0.8569 0.1998 0.0643 0.0305 0.0245 0.0242 0.0242 0.0242 0.0242 0.0091 0.1159 0.3994 0.8385 1.2578 1.4239 1.4453 1.4461 1.4461 1.4461 1.4461 0.1349 0.0866 0.0685 0.0636 0.0595 0.0568 0.0563 0.0563 0.0563 0.0563 0.0563  
8761 35 1.0329 0.4480 0.2907 0.5712 12242156.4214 1950578.3452 100311566.9403 12967.8958 3281784.8435 35348765.1338 63482460.0147 64313896.4371 43272672.9522 22514841.1570 14214336.8077 12819242.6605 12474806.2354 12212649.6767 18.5505 0.5214 1.9827 1.8005 0.2541 0.1916 0.1338 0.0641 0.0450 0.0428 0.0426 0.2005 0.0143 0.1166 0.2528 0.3540 0.4233 0.4819 0.5056 0.5108 0.5152 0.5201 1.4702 0.1352 0.1122 0.0839 0.0759 0.0726 0.0699 0.0668 0.0660 0.0659 0.0658 0.0816  
8761 36 0.3167 0.5429 0.0436 0.1019 162375313.4822 1741085.4612 254337110.3852 55873.6274 33639568033.0985 48700753131.4897 22630340599.2381 8388692472.8468 822653973.1118 247978298.8442 234985071.7782 234344937.2649 234344937.2649 234327392.4299 0.0000 1.3292 0.1358 0.1390 0.1392 0.1416 0.1474 0.1478 0.1478 0.1478 0.1478 0.0000 0.0007 0.0052 0.0090 0.0170 0.0213 0.0216 0.0216 0.0216 0.0216 0.0216 1.4359 0.1897 0.1731 0.1293 0.1283 0.1193 0.0977 0.0961 0.0960 0.0960 0.0960 0.0000  
17545 4 6.4791 2.0992 0.0507 0.0569 16439792.3602 5006370.7346 604375304.5186 10881.1038 1527086.9700 76610889.3317 92353428.2110 37423197.5809 33644033.4244 33623551.2753 33623551.2753 33623551.2753 33623551.2753 33623551.2753 53.0015 0.2041 0.0496 0.0419 0.0362 0.0348 0.0348 0.0348 0.0348 0.0348 0.0348 0.0349 0.0406 0.5074 1.2979 1.5276 1.5375 1.5376 1.5376 1.5376 1.5376 1.5376 1.5376 0.1151 0.0799 0.0658 0.0575 0.0563 0.0563 0.0563 0.0563 0.0563 0.0563 0.0611  
17545 12 1.7826 1.8153 0.0098 0.0138 18303030.9409 197518.7541 2896706687.8184 687617.7202 1375130076.5646 8733092149.8045 4817793594.6495 1109961694.6143 212931325.8863 92094471.9927 53541487.8330 26664168.9680 13160509.3111 8874366.7434 339.4680 0.1221 0.0042 0.0086 0.0149 0.0184 0.0196 0.0199 0.0203 0.0210 0.0216 0.0042 0.0185 0.1363 0.2773 0.3800 0.4347 0.4708 0.5142 0.5471 0.5637 0.5690 1.1640 0.1863 0.1079 0.0835 0.0747 0.0693 0.0660 0.0653 0.0644 0.0627 0.0613 0.1106  
17545 15 1.2180 1.1652 0.1548 0.1403 302558547.1620 82883.2482 1748194637.8807 561572.3604 1532209694.4707 14587529211.2886 13629871650.6950 4463423644.0054 1642223372.4313 581348766.1291 511232347.7117 505130111.7711 490912829.8146 471520846.6609 0.0000 0.1530 0.0012 0.0005 0.0143 0.1408 0.3994 0.4410 0.4421 0.4428 0.4438 0.0000 0.0037 0.0340 0.0805 0.1143 0.1546 0.1709 0.1721 0.1732 0.1763 0.1805 1.6453 0.2842 0.1937 0.1563 0.1345 0.1270 0.1157 0.1139 0.1139 0.1138 0.1137 0.0000  
17545 29 1.0106 0.8546 0.0620 0.1094 33922531.5888 494884.3401 186875250.8658 146074.7411 494741.1461 74431183.1298 416641712.6208 686030055.8667 585613437.9248 373726802.8999 225879100.4175 150547295.3320 115396716.7768 101385956.6804 1.0748 4.2862 0.9405 0.3529 0.0576 0.0111 0.0152 0.0435 0.1051 0.1915 0.2541 0.4625 0.0008 0.0083 0.0282 0.0621 0.1093 0.1667 0.2325 0.3028 0.3770 0.4303 2.5550 0.2385 0.1131 0.0943 0.0801 0.0692 0.0608 0.0540 0.0487 0.0446 0.0424 0.0367  
17545 30 1.1223 1.7081 0.0029 0.0068 2743065.3644 1651461.4882 174311520.7649 28399.6046 1611629.0048 53768334.3432 82505210.1938 29116964.6383 17230207.1810 21764880.9217 22783555.1882 22832144.4021 22832144.4021 22832144.4021 25.6711 0.0051 0.0228 0.0804 0.0560 0.0075 0.0038 0.0031 0.0030 0.0030 0.0030 0.0030 0.0091 0.1159 0.3994 0.8385 1.2578 1.4239 1.4453 1.4461 1.4461 1.4461 1.4461 0.1826 0.1290 0.1021 0.0766 0.0584 0.0564 0.0563 0.0563 0.0563 0.0563 0.0563  
17545 35 1.0762 0.8172 0.1978 0.2551 10649304.7613 1318.3649 89387665.7328 10716.5101 366227.5283 6852428.6974 37649444.4008 55918263.6498 41932596.1351 21604349.6361 13378279.0686 11999328.2145 11669263.1170 11423070.3138 14.7796 0.4653 1.3389 0.4899 0.1797 0.1803 0.1177 0.0353 0.0113 0.0085 0.0082 0.1668 0.0143 0.1166 0.2528 0.3540 0.4233 0.4819 0.5056 0.5108 0.5152 0.5201 1.4702 0.1339 0.1044 0.0804 0.0748 0.0726 0.0701 0.0669 0.0660 0.0659 0.0658 0.0766  
17545 36 0.7935 0.8750 0.0183 0.0802 55874450.4660 967118.7741 239280301.9790 287219.8405 24180719671.0548 38981651926.8671 22214578742.6069 8220772764.3731 769882513.9707 203952890.7056 191157425.3442 190531049.6008 190531049.6008 190516785.0050 0.0000 0.0660 0.0730 0.1015 0.1023 0.1035 0.1069 0.1072 0.1072 0.1072 0.1072 0.0000 0.0007 0.0052 0.0090 0.0170 0.0213 0.0216 0.0216 0.0216 0.0216 0.0216 1.4359 0.1944 0.1736 0.1338 0.1330 0.1250 0.1019 0.0998 0.0997 0.0997 0.0997 0.0000  
26305 4 2.0997 1.4596 0.0251 0.0259 10653360.6986 46218675.6578 1015462570.9123 70499.6625 1989163.4514 90989250.7215 130643375.6651 72255608.2815 67899765.4029 67874493.4532 67874493.4532 67874493.4532 67874493.4532 67874493.4532 105.3219 0.1794 0.0320 0.0236 0.0205 0.0200 0.0200 0.0200 0.0200 0.0200 0.0200 0.0202 0.0406 0.5074 1.2979 1.5276 1.5375 1.5376 1.5376 1.5376 1.5376 1.5376 1.5376 0.1160 0.0790 0.0643 0.0570 0.0563 0.0563 0.0563 0.0563 0.0563 0.0563 0.0588  
26305 12 1.0006 0.9595 0.0059 0.0069 20739318.1261 252539.7886 3883911745.4763 1225727.4813 90424045.0927 4267766859.4777 7490076539.5975 2563533978.5536 568011987.6565 264097796.4952 149164965.8603 67557508.2005 26560105.5028 13548352.0893 29.7301 0.0984 0.0038 0.0048 0.0073 0.0083 0.0089 0.0091 0.0094 0.0101 0.0111 0.0102 0.0185 0.1363 0.2773 0.3800 0.4347 0.4708 0.5142 0.5471 0.5637 0.5690 1.1640 0.1496 0.0915 0.0810 0.0743 0.0696 0.0661 0.0657 0.0652 0.0641 0.0626 0.1093  
26305 15 1.1173 1.3041 0.2413 0.3807 543648746.9528 0.0000 2004772304.1728 683994.8285 3808280722.0389 23597825387.2002 19725853473.1042 6723023216.8932 1971317256.5117 157218334.9312 39009481.2833 36845885.3489 36750316.2880 36619977.1219 0.0000 0.2089 0.0019 0.0004 0.0145 0.1830 1.3647 2.4742 2.5146 2.4887 2.4521 0.0000 0.0037 0.0340 0.0805 0.1143 0.1546 0.1709 0.1721 0.1732 0.1763 0.1805 1.6453 0.2926 0.1993 0.1557 0.1348 0.1317 0.1221 0.1142 0.1138 0.1136 0.1134 0.0000  
26305 29 0.9064 0.9057 0.0186 0.0573 27326940.8362 872857.2512 160735853.7195 147623.8838 70245.8348 17002352.0698 269685702.9485 596129475.1365 587356341.1355 381413220.2054 218185076.0700 132955813.6344 91942433.4501 75325023.7500 0.6366 5.5199 1.0825 0.1713 0.0252 0.0092 0.0146 0.0436 0.1069 0.1951 0.2607 0.4870 0.0008 0.0083 0.0282 0.0621 0.1093 0.1667 0.2325 0.3028 0.3770 0.4303 2.5550 0.2779 0.1065 0.0853 0.0771 0.0683 0.0611 0.0546 0.0492 0.0450 0.0428 0.0367  
26305 30 1.9988 1.3567 0.0037 0.0175 28379175.4890 3302886.1805 207919427.0626 31871.7067 3159537.9668 84888016.0971 150463571.3100 74425993.0185 30411681.7996 23553231.1229 23190981.5945 23186419.1644 23186419.1644 23186419.1644 26.0694 0.0075 0.0790 0.2642 0.2152 0.0401 0.0078 0.0067 0.0067 0.0067 0.0067 0.0067 0.0091 0.1159 0.3994 0.8385 1.2578 1.4239 1.4453 1.4461 1.4461 1.4461 1.4461 0.1849 0.1277 0.0965 0.0770 0.0615 0.0566 0.0563 0.0563 0.0563 0.0563 0.0563  
26305 35 0.8880 0.8895 0.2070 0.3091 10713796.4925 2734.8021 87710089.4406 11533.2802 532363.8134 6695548.5441 26350923.0261 45981007.6431 36147231.2173 19223054.0135 12345449.9565 11186121.5406 10891202.4696 10662528.9247 11.7458 0.4329 1.5401 0.6844 0.2167 0.2092 0.1352 0.0409 0.0143 0.0111 0.0108 0.2027 0.0143 0.1166 0.2528 0.3540 0.4233 0.4819 0.5056 0.5108 0.5152 0.5201 1.4702 0.1358 0.1097 0.0802 0.0744 0.0725 0.0700 0.0669 0.0660 0.0659 0.0658 0.0766  
26305 36 0.9781 0.9198 0.0477 0.0950 141875419.2421 791812.7221 202242806.3847 227915.5058 21785862870.1962 34751011194.0383 19459010706.3505 7189421068.8240 657679016.1550 161562958.9750 150345960.2611 149798574.0809 149798574.0809 149787359.0264 0.0000 0.0985 0.0999 0.1330 0.1345 0.1359 0.1402 0.1406 0.1407 0.1407 0.1407 0.0000 0.0007 0.0052 0.0090 0.0170 0.0213 0.0216 0.0216 0.0216 0.0216 0.0216 1.4359 0.1945 0.1735 0.1341 0.1333 0.1261 0.1023 0.1000 0.0999 0.0999 0.0999 0.0000  
35065 4 1.4382 1.2517 0.0304 0.0301 37268030.8822 13117647.7477 1333058154.0792 148026.0239 1847076.6417 92706348.0043 148759368.0339 106403364.3355 103226133.5850 103208706.6163 103208706.6163 103208706.6163 103208706.6163 103208706.6163 159.2573 0.2286 0.0402 0.0318 0.0295 0.0293 0.0293 0.0293 0.0293 0.0293 0.0293 0.0292 0.0406 0.5074 1.2979 1.5276 1.5375 1.5376 1.5376 1.5376 1.5376 1.5376 1.5376 0.1157 0.0787 0.0633 0.0568 0.0563 0.0563 0.0563 0.0563 0.0563 0.0563 0.0577  
35065 12 0.9596 0.9490 0.0029 0.0031 11452031.5290 75546.1433 4221763488.3975 1226499.9581 12052718.1305 2062287120.2406 6596627519.2471 3591946740.4030 1036419802.5468 557695463.0644 315346226.9886 138853122.2344 50189705.4675 22050293.4685 4.9749 0.1341 0.0021 0.0023 0.0029 0.0032 0.0034 0.0035 0.0035 0.0037 0.0042 0.0304 0.0185 0.1363 0.2773 0.3800 0.4347 0.4708 0.5142 0.5471 0.5637 0.5690 1.1640 0.1617 0.0842 0.0783 0.0733 0.0688 0.0661 0.0658 0.0656 0.0651 0.0641 0.0993  
35065 15 1.5639 1.0405 0.0166 0.0713 99568408.6974 0.0000 2550635814.0874 764252.2826 2460551607.6475 20073786116.8154 22130204701.7296 11198948158.5362 3327167229.4645 207190597.9908 3935307.3518 439961.9377 936450.2570 1613654.5162 0.0000 0.0933 0.0008 0.0004 0.0013 0.0121 0.2197 2.7212 5.0038 4.1200 3.4599 0.0000 0.0037 0.0340 0.0805 0.1143 0.1546 0.1709 0.1721 0.1732 0.1763 0.1805 1.6453 0.2819 0.1891 0.1537 0.1345 0.1333 0.1327 0.1238 0.1117 0.1092 0.1073 0.0000  
35065 29 0.8830 0.9271 0.0110 0.0204 25203672.6212 962620.9148 137377428.7292 133812.8860 33075.5354 9432584.9788 203265080.8334 514479271.9418 567728554.6612 381427164.4397 210753282.1378 116083898.2835 70783456.9220 53187417.0632 0.3390 6.1455 0.9272 0.0381 0.0124 0.0091 0.0160 0.0490 0.1237 0.2298 0.3109 0.5935 0.0008 0.0083 0.0282 0.0621 0.1093 0.1667 0.2325 0.3028 0.3770 0.4303 2.5550 0.3041 0.1053 0.0829 0.0756 0.0676 0.0611 0.0550 0.0498 0.0456 0.0432 0.0367  
35065 30 1.3287 1.1426 0.0025 0.0169 31860147.9854 3198322.2333 297412379.4174 63706.5937 2956003.7227 76733070.5167 157198743.4192 118071127.2990 53509404.1731 31510448.2832 29086258.9336 29000385.2940 29000385.2940 29000385.2940 32.6063 0.0045 0.0552 0.1533 0.1485 0.0370 0.0077 0.0059 0.0059 0.0059 0.0059 0.0059 0.0091 0.1159 0.3994 0.8385 1.2578 1.4239 1.4453 1.4461 1.4461 1.4461 1.4461 0.1860 0.1262 0.0922 0.0740 0.0629 0.0571 0.0563 0.0563 0.0563 0.0563 0.0563  
35065 35 0.8263 0.9387 0.3003 0.4359 9277233.6220 2835.1807 68119036.2932 10241.5141 816113.5000 9204861.3583 24038085.4793 39920638.4191 31406558.7808 17177068.2157 11396379.1734 10416371.3717 10151881.8367 9939670.2455 10.2660 0.4808 1.8379 1.2048 0.2287 0.2022 0.1289 0.0385 0.0140 0.0112 0.0109 0.2059 0.0143 0.1166 0.2528 0.3540 0.4233 0.4819 0.5056 0.5108 0.5152 0.5201 1.4702 0.1346 0.1121 0.0817 0.0745 0.0725 0.0698 0.0668 0.0660 0.0659 0.0658 0.0780  
35065 36 0.8181 0.8587 0.0552 0.0984 121028610.6678 877348.2797 169816598.0955 222930.1680 16582900617.8257 27630795272.9239 16575866720.7181 6120608280.6260 551040796.6166 128006355.6719 118441708.9704 117975930.5010 117975930.5010 117967097.9303 0.0000 0.0980 0.0995 0.1343 0.1350 0.1358 0.1386 0.1389 0.1390 0.1390 0.1390 0.0000 0.0007 0.0052 0.0090 0.0170 0.0213 0.0216 0.0216 0.0216 0.0216 0.0216 1.4359 0.1945 0.1718 0.1340 0.1334 0.1266 0.1025 0.1000 0.0999 0.0999 0.0999 0.0000  
43825 4 0.9897 1.0054 0.0241 0.0228 25655834.1407 20871420.9029 1407163254.3794 212883.7600 425818.4490 29557376.7633 101507998.7841 120100884.6834 120803607.6561 120805814.3079 120805814.3079 120805814.3079 120805814.3079 120805814.3079 184.5467 0.2613 0.0316 0.0228 0.0209 0.0207 0.0207 0.0207 0.0207 0.0207 0.0207 0.0207 0.0406 0.5074 1.2979 1.5276 1.5375 1.5376 1.5376 1.5376 1.5376 1.5376 1.5376 0.1155 0.0742 0.0599 0.0565 0.0563 0.0563 0.0563 0.0563 0.0563 0.0563 0.0566  
43825 12 0.9514 0.9492 0.0024 0.0024 10976943.7839 41785.7079 4335160500.1486 1176976.8454 3251092.1339 977988402.5561 5265663446.5865 3952760300.1700 1453108750.8623 875785479.9242 497312262.9088 216957383.5389 76118757.6311 31420608.5680 1.9566 0.1854 0.0019 0.0021 0.0025 0.0027 0.0028 0.0028 0.0029 0.0030 0.0032 0.0641 0.0185 0.1363 0.2773 0.3800 0.4347 0.4708 0.5142 0.5471 0.5637 0.5690 1.1640 0.1757 0.0817 0.0761 0.0725 0.0681 0.0660 0.0659 0.0658 0.0654 0.0647 0.0786  
43825 15 1.2844 1.0262 0.0032 0.0086 17197318.8473 0.0000 2920483161.1797 1195252.0391 2465640603.8149 17966294042.6218 21338141973.2423 15043304556.7343 4537818610.6823 282438955.5858 5184054.1325 259303.3435 475653.1558 770751.7979 0.0000 0.1149 0.0008 0.0002 0.0003 0.0013 0.0222 1.0598 7.1210 5.0053 3.6836 0.0000 0.0037 0.0340 0.0805 0.1143 0.1546 0.1709 0.1721 0.1732 0.1763 0.1805 1.6453 0.2812 0.1910 0.1500 0.1340 0.1333 0.1333 0.1323 0.1081 0.1039 0.1020 0.0000  
43825 29 0.9317 0.9251 0.0140 0.0215 24600991.5469 1021495.1180 115511740.6472 118151.9030 43433.4078 6904619.8567 154599911.2129 442154067.2554 539319525.8230 374813987.1214 200926026.2931 98844991.8390 51380752.1088 34257098.1937 0.1484 6.1933 1.2595 0.0383 0.0173 0.0115 0.0193 0.0602 0.1569 0.2971 0.4081 0.7890 0.0008 0.0083 0.0282 0.0621 0.1093 0.1667 0.2325 0.3028 0.3770 0.4303 2.5550 0.3078 0.1133 0.0823 0.0743 0.0670 0.0610 0.0553 0.0505 0.0463 0.0438 0.0367  
43825 30 0.6787 1.0766 0.0024 0.0254 63688638.6434 1491942.0543 415747397.9519 84650.1359 3625823.3094 88824574.8535 134439107.0949 99737895.9129 66700791.4801 47335650.4538 44394383.9575 44268876.6883 44268876.6883 44268876.6883 49.7733 0.0124 0.1606 0.4832 0.2423 0.0535 0.0141 0.0101 0.0100 0.0100 0.0100 0.0100 0.0091 0.1159 0.3994 0.8385 1.2578 1.4239 1.4453 1.4461 1.4461 1.4461 1.4461 0.1871 0.1281 0.0940 0.0714 0.0620 0.0571 0.0563 0.0563 0.0563 0.0563 0.0563  
43825 35 0.9648 0.8529 0.2879 0.3492 8668479.6935 3093.0568 64971811.4042 8462.7652 312630.0196 3965858.5948 16306166.3145 31126038.6220 25608150.2684 14840615.4788 10449390.1499 9695080.7067 9464928.0813 9268502.5226 7.7996 0.4643 1.6299 0.7506 0.2518 0.2369 0.1431 0.0415 0.0156 0.0126 0.0123 0.2396 0.0143 0.1166 0.2528 0.3540 0.4233 0.4819 0.5056 0.5108 0.5152 0.5201 1.4702 0.1347 0.1099 0.0798 0.0742 0.0724 0.0696 0.0667 0.0660 0.0659 0.0658 0.0761  
43825 36 0.8288 0.8767 0.0572 0.0998 91013739.0324 879446.0669 140905789.9687 182374.5280 13642829426.6292 22873508723.8638 13848305157.2954 5109988533.2547 454644301.3066 101049350.9603 93054706.9678 92665977.5062 92665977.5062 92659039.8301 0.0000 0.0985 0.1003 0.1350 0.1359 0.1370 0.1411 0.1416 0.1416 0.1416 0.1416 0.0000 0.0007 0.0052 0.0090 0.0170 0.0213 0.0216 0.0216 0.0216 0.0216 0.0216 1.4359 0.1945 0.1714 0.1340 0.1334 0.1270 0.1027 0.1000 0.0999 0.0999 0.0999 0.0000  
52609 4 1.0408 1.0138 0.0177 0.0165 19551740.0463 16329582.2829 1431341739.1620 210681.0682 469158.7753 27706365.2701 100197716.2825 123020379.2625 124042793.4027 124047102.3012 124047102.3012 124047102.3012 124047102.3012 124047102.3012 189.5209 0.2904 0.0271 0.0160 0.0155 0.0154 0.0154 0.0154 0.0154 0.0154 0.0154 0.0155 0.0406 0.5074 1.2979 1.5276 1.5375 1.5376 1.5376 1.5376 1.5376 1.5376 1.5376 0.1170 0.0763 0.0593 0.0564 0.0563 0.0563 0.0563 0.0563 0.0563 0.0563 0.0566  
52609 12 0.9641 0.9506 0.0023 0.0023 10908447.2898 41926.8389 4345580496.2897 1119773.6991 2671507.0021 522979796.7006 3943081043.5350 3656387219.9181 1857971485.3217 1256093663.0750 716869768.8349 311250783.3624 107485410.2542 42816323.4291 1.5810 0.2003 0.0023 0.0021 0.0024 0.0026 0.0026 0.0026 0.0027 0.0027 0.0029 0.0740 0.0185 0.1363 0.2773 0.3800 0.4347 0.4708 0.5142 0.5471 0.5637 0.5690 1.1640 0.1851 0.0803 0.0747 0.0718 0.0675 0.0660 0.0659 0.0658 0.0656 0.0651 0.0717  
52609 15 1.0953 1.0005 0.0026 0.0055 17380175.5983 0.0000 3094012032.1391 1535216.9857 2081497389.0494 16083385333.3661 21619631234.1227 16569867368.2275 5013289011.2612 312017433.1240 5700829.4306 210781.0332 305563.0916 434844.7650 0.0000 0.0879 0.0007 0.0003 0.0004 0.0012 0.0195 0.9440 8.0505 6.4927 5.2055 0.0000 0.0037 0.0340 0.0805 0.1143 0.1546 0.1709 0.1721 0.1732 0.1763 0.1805 1.6453 0.2798 0.1910 0.1478 0.1338 0.1333 0.1333 0.1324 0.1108 0.1069 0.1045 0.0000  
52609 29 0.8905 0.9200 0.0168 0.0218 25136881.7259 1026962.4178 93917376.4791 110080.6796 27845.2411 4915052.1012 116246037.9833 382165305.0502 509614941.6013 361037981.6938 184945476.7814 78908780.7323 33136164.7538 18621261.9208 0.0464 6.2015 1.0129 0.0311 0.0171 0.0133 0.0257 0.0832 0.2248 0.4290 0.5892 1.1263 0.0008 0.0083 0.0282 0.0621 0.1093 0.1667 0.2325 0.3028 0.3770 0.4303 2.5550 0.3225 0.1088 0.0816 0.0731 0.0665 0.0609 0.0558 0.0514 0.0473 0.0447 0.0367  
52609 30 1.4292 1.0627 0.0283 0.0315 75128911.5234 61683.8270 498731671.8540 57450.8901 4369515.9555 93140036.0175 128895709.0028 82625313.0509 63015019.1332 60470265.6796 60347858.1047 60346328.5780 60346328.5780 60346328.5780 67.8498 0.0230 0.1980 0.5861 0.3653 0.0616 0.0189 0.0152 0.0150 0.0150 0.0150 0.0150 0.0091 0.1159 0.3994 0.8385 1.2578 1.4239 1.4453 1.4461 1.4461 1.4461 1.4461 0.1877 0.1276 0.0952 0.0729 0.0605 0.0568 0.0563 0.0563 0.0563 0.0563 0.0563  
52609 35 0.7591 0.9166 0.2152 0.5194 8462369.4975 23912.1372 55011874.6293 8165.1606 618552.3143 6661133.8349 14238555.7716 24817353.3692 20625581.3655 12766758.1123 9560796.4049 8999510.8873 8800033.1637 8618737.9451 6.2855 0.4627 1.8011 1.3687 0.3075 0.2730 0.1566 0.0437 0.0172 0.0142 0.0139 0.2776 0.0143 0.1166 0.2528 0.3540 0.4233 0.4819 0.5056 0.5108 0.5152 0.5201 1.4702 0.1342 0.1131 0.0818 0.0743 0.0722 0.0692 0.0666 0.0660 0.0659 0.0658 0.0779  
52609 36 0.8375 0.8786 0.0555 0.0985 76514430.9830 625092.3868 118986054.0020 151154.6502 11125851279.2168 18946630731.3506 11731551711.9000 4325979442.8529 379846182.1999 80119090.1320 73342379.6700 73013422.9945 73013422.9945 73007956.6572 0.0000 0.0963 0.0980 0.1323 0.1332 0.1342 0.1380 0.1385 0.1385 0.1385 0.1385 0.0000 0.0007 0.0052 0.0090 0.0170 0.0213 0.0216 0.0216 0.0216 0.0216 0.0216 1.4359 0.1945 0.1711 0.1340 0.1334 0.1273 0.1028 0.1000 0.0999 0.0999 0.0999 0.0000  
61369 4 0.9894 0.9984 0.0177 0.0165 20733269.0896 16190834.5055 1426906952.1354 219269.6586 410973.0489 23182912.0622 94126266.3726 123736103.9138 125313412.3275 125321573.1613 125321573.1613 125321573.1613 125321573.1613 125321573.1613 191.4619 0.3015 0.0282 0.0169 0.0161 0.0161 0.0161 0.0161 0.0161 0.0161 0.0161 0.0161 0.0406 0.5074 1.2979 1.5276 1.5375 1.5376 1.5376 1.5376 1.5376 1.5376 1.5376 0.1174 0.0760 0.0588 0.0564 0.0563 0.0563 0.0563 0.0563 0.0563 0.0563 0.0565  
61369 12 0.9701 0.9521 0.0023 0.0023 11034516.0941 44231.5751 4320320998.6853 1079554.4779 3571635.5248 317398030.3811 2689797063.0075 3118847010.1080 2247816583.4243 1650293879.6562 945087613.1780 409282387.9386 140117611.9835 54692842.9124 1.7111 0.1846 0.0034 0.0021 0.0024 0.0025 0.0026 0.0026 0.0026 0.0027 0.0028 0.0615 0.0185 0.1363 0.2773 0.3800 0.4347 0.4708 0.5142 0.5471 0.5637 0.5690 1.1640 0.1871 0.0802 0.0741 0.0708 0.0668 0.0659 0.0659 0.0658 0.0657 0.0653 0.0782  
61369 15 1.0954 1.0021 0.0034 0.0056 18326107.7660 0.0000 3285894178.0962 1681598.7016 2812855217.1262 13837208005.2264 20666735794.7987 18555770879.2504 5642902078.3333 351235464.7745 6446071.8238 242401.0435 278320.5699 327314.4745 0.0000 0.0588 0.0005 0.0002 0.0003 0.0012 0.0207 1.0011 8.6568 7.8183 6.9197 0.0000 0.0037 0.0340 0.0805 0.1143 0.1546 0.1709 0.1721 0.1732 0.1763 0.1805 1.6453 0.2824 0.1932 0.1461 0.1337 0.1333 0.1333 0.1323 0.1126 0.1104 0.1083 0.0000  
61369 29 0.8181 0.9161 0.0233 0.0309 22744633.9350 776011.7758 75074853.8106 98023.4952 41659.7396 3493091.4374 87656774.4045 334085223.4949 478135466.9372 338764598.2931 163102449.9577 58488946.9300 18597426.4781 8398036.3203 0.0094 6.2243 1.5476 0.0536 0.0224 0.0167 0.0324 0.1042 0.2974 0.5907 0.8023 1.5556 0.0008 0.0083 0.0282 0.0621 0.1093 0.1667 0.2325 0.3028 0.3770 0.4303 2.5550 0.3232 0.1198 0.0809 0.0719 0.0661 0.0610 0.0564 0.0526 0.0486 0.0461 0.0367  
61369 30 0.8808 1.0245 0.0032 0.0204 57432210.1812 1761316.9181 546178097.4258 82109.2853 3507137.4047 81685139.6535 129840419.2663 73911971.5694 61297367.5834 68254671.3534 69728027.2855 69797409.4761 69797409.4761 69797409.4761 78.4760 0.0126 0.1634 0.4963 0.2888 0.0383 0.0111 0.0096 0.0096 0.0096 0.0096 0.0096 0.0091 0.1159 0.3994 0.8385 1.2578 1.4239 1.4453 1.4461 1.4461 1.4461 1.4461 0.1880 0.1274 0.0954 0.0729 0.0596 0.0566 0.0563 0.0563 0.0563 0.0563 0.0563  
61369 35 0.8618 0.8712 0.4405 0.5549 8018276.6723 4183.9065 51211782.6480 6198.4443 637808.5466 5382007.3840 11248898.5774 18244738.3147 15584238.9341 10701080.2813 8704986.4409 8340424.8237 8171359.0523 8004424.7765 4.6648 0.4691 1.7650 1.3475 0.3770 0.3272 0.1740 0.0474 0.0200 0.0170 0.0167 0.3471 0.0143 0.1166 0.2528 0.3540 0.4233 0.4819 0.5056 0.5108 0.5152 0.5201 1.4702 0.1355 0.1134 0.0818 0.0744 0.0720 0.0689 0.0665 0.0659 0.0658 0.0658 0.0780  
61369 36 0.8419 0.8864 0.0552 0.0960 65775883.5953 521137.1900 101717304.9903 126594.9264 9178079769.0754 15890451674.8044 10067532472.1847 3709719257.1609 321201635.0766 63828033.5561 58008920.7098 57726943.7656 57726943.7656 57722621.8899 0.0000 0.0930 0.0951 0.1283 0.1292 0.1302 0.1345 0.1350 0.1351 0.1351 0.1351 0.0000 0.0007 0.0052 0.0090 0.0170 0.0213 0.0216 0.0216 0.0216 0.0216 0.0216 1.4359 0.1945 0.1705 0.1340 0.1334 0.1277 0.1030 0.1000 0.0998 0.0998 0.0998 0.0000  
70129 4 0.9776 0.9870 0.0176 0.0162 20013211.2239 15594620.4158 1410502115.0087 216948.7150 355743.4258 19126103.2474 90279274.7597 122138865.8729 123834866.7919 123843471.4828 123843471.4828 123843471.4828 123843471.4828 123843471.4828 189.1096 0.3676 0.0301 0.0166 0.0158 0.0157 0.0157 0.0157 0.0157 0.0157 0.0157 0.0158 0.0406 0.5074 1.2979 1.5276 1.5375 1.5376 1.5376 1.5376 1.5376 1.5376 1.5376 0.1189 0.0753 0.0584 0.0563 0.0563 0.0563 0.0563 0.0563 0.0563 0.0563 0.0565  
70129 12 0.9569 0.9527 0.0024 0.0023 11097287.2873 43103.1690 4177908554.5631 1047277.1826 2987401.8917 202317968.6199 1861565489.3774 2693350840.9605 2437460159.9893 1858760972.3915 1066068937.5048 461179780.2090 157310541.7363 60871694.2328 1.3854 0.1809 0.0039 0.0022 0.0024 0.0026 0.0026 0.0026 0.0026 0.0026 0.0027 0.0598 0.0185 0.1363 0.2773 0.3800 0.4347 0.4708 0.5142 0.5471 0.5637 0.5690 1.1640 0.1879 0.0806 0.0736 0.0697 0.0664 0.0659 0.0659 0.0659 0.0657 0.0655 0.0798  
70129 15 1.0928 0.9754 0.0045 0.0073 27435666.0901 0.0000 3466488751.1607 1842037.4878 2201693687.8438 10405571032.7514 19787321789.6948 20617323375.3558 6295692318.0388 392197858.7457 7540766.6431 606118.7840 606074.9846 606015.5039 0.0000 0.0334 0.0004 0.0002 0.0004 0.0016 0.0271 1.2343 7.7048 7.4761 7.1755 0.0000 0.0037 0.0340 0.0805 0.1143 0.1546 0.1709 0.1721 0.1732 0.1763 0.1805 1.6453 0.2804 0.1951 0.1432 0.1336 0.1333 0.1333 0.1315 0.1136 0.1129 0.1121 0.0000  
70129 29 0.6822 0.9163 0.0317 0.0383 18009884.3786 697709.7660 61633969.4371 80197.7175 13380.9586 2424593.4391 66461229.2865 292261094.4948 442181711.8312 313267740.0913 143305724.9293 43262308.4193 9554414.3644 3111549.4731 0.0007 6.2603 1.1070 0.0648 0.0299 0.0218 0.0378 0.1043 0.3085 0.7211 1.0604 2.5510 0.0008 0.0083 0.0282 0.0621 0.1093 0.1667 0.2325 0.3028 0.3770 0.4303 2.5550 0.3205 0.1094 0.0797 0.0709 0.0659 0.0611 0.0570 0.0542 0.0507 0.0481 0.0367  
70129 30 1.2128 0.8923 0.0214 0.0321 82068671.6927 55405.4387 567117828.5572 72319.5902 2254069.6002 43977571.5002 63294079.7124 55229738.7835 61034030.4071 71727815.5552 73757118.5499 73852623.7059 73852623.7059 73852623.7059 83.0355 0.0303 0.3836 0.9859 0.5309 0.0628 0.0188 0.0170 0.0170 0.0170 0.0170 0.0170 0.0091 0.1159 0.3994 0.8385 1.2578 1.4239 1.4453 1.4461 1.4461 1.4461 1.4461 0.1882 0.1266 0.0926 0.0725 0.0592 0.0565 0.0563 0.0563 0.0563 0.0563 0.0563  
70129 35 0.7795 0.9441 0.1912 0.6042 6198134.6508 77879.0344 38959164.2087 5341.9884 922264.2279 7525732.7528 10998395.1552 15147436.6394 12856094.6216 9396132.2711 7984631.9074 7716834.3577 7567517.9968 7413611.6753 3.9854 0.5168 1.7428 1.6217 0.3593 0.2964 0.1473 0.0405 0.0193 0.0170 0.0168 0.3116 0.0143 0.1166 0.2528 0.3540 0.4233 0.4819 0.5056 0.5108 0.5152 0.5201 1.4702 0.1361 0.1148 0.0833 0.0748 0.0717 0.0684 0.0664 0.0659 0.0658 0.0658 0.0802  
70129 36 0.8590 0.8947 0.0545 0.0951 56438231.1102 431667.7171 85674534.8497 106576.3445 7808627281.0925 13555733913.2419 8619301939.1334 3173777960.0166 271387137.7757 50937118.1132 45952834.0115 45711682.9114 45711682.9114 45708260.5890 0.0000 0.0930 0.0948 0.1273 0.1283 0.1291 0.1330 0.1335 0.1335 0.1335 0.1335 0.0000 0.0007 0.0052 0.0090 0.0170 0.0213 0.0216 0.0216 0.0216 0.0216 0.0216 1.4359 0.1945 0.1703 0.1340 0.1335 0.1281 0.1033 0.1000 0.0998 0.0998 0.0998 0.0000  
78889 4 0.9938 1.0052 0.0175 0.0161 19546366.3574 15762405.0965 1424363537.7518 212088.9691 579290.2406 25459656.0693 97285331.4638 121735494.3131 122841854.5796 122846357.7120 122846357.7120 122846357.7120 122846357.7120 122846357.7120 187.7354 0.3711 0.0328 0.0168 0.0155 0.0154 0.0154 0.0154 0.0154 0.0154 0.0154 0.0154 0.0406 0.5074 1.2979 1.5276 1.5375 1.5376 1.5376 1.5376 1.5376 1.5376 1.5376 0.1204 0.0767 0.0589 0.0564 0.0563 0.0563 0.0563 0.0563 0.0563 0.0563 0.0565  
78889 12 0.9434 0.9532 0.0025 0.0024 10959366.0367 43535.1350 3978782523.8162 1002180.8282 3142210.5147 143008820.6486 1439458979.6634 2420718244.5721 2432274833.7968 1881581655.5301 1079752061.1845 466915376.3961 159053744.9047 61347859.1863 1.2996 0.1712 0.0053 0.0022 0.0025 0.0026 0.0026 0.0027 0.0027 0.0027 0.0028 0.0570 0.0185 0.1363 0.2773 0.3800 0.4347 0.4708 0.5142 0.5471 0.5637 0.5690 1.1640 0.1871 0.0813 0.0732 0.0690 0.0663 0.0659 0.0659 0.0659 0.0658 0.0655 0.0826  
78889 15 1.0462 0.9996 0.0041 0.0066 26088072.8485 0.0000 3566894442.7575 2013018.1581 2410020794.4729 9161344759.8151 19398744606.4779 21656535643.6252 6624176574.9001 412572440.8239 7839064.3061 539455.1561 530524.7380 518343.9880 0.0000 0.0405 0.0004 0.0001 0.0002 0.0013 0.0247 1.1471 7.9389 7.8311 7.6794 0.0000 0.0037 0.0340 0.0805 0.1143 0.1546 0.1709 0.1721 0.1732 0.1763 0.1805 1.6453 0.2828 0.1994 0.1413 0.1335 0.1333 0.1333 0.1317 0.1138 0.1134 0.1130 0.0000  
78889 29 0.6756 0.9209 0.0379 0.0481 12689665.2080 414113.4580 53595145.3467 54707.5916 18952.2905 1594867.7501 49062719.4863 255350793.5987 406632819.9711 287420307.3996 127536588.6558 34952717.2696 5843158.7415 1344338.1468 0.0000 6.2757 1.6146 0.0926 0.0376 0.0259 0.0382 0.0837 0.2341 0.6550 1.1370 5.0581 0.0008 0.0083 0.0282 0.0621 0.1093 0.1667 0.2325 0.3028 0.3770 0.4303 2.5550 0.3257 0.1196 0.0786 0.0699 0.0657 0.0612 0.0574 0.0555 0.0533 0.0513 0.0367  
78889 30 1.1441 0.9253 0.0136 0.0285 72289821.0125 114024.7298 566235508.6939 87711.7100 3532169.3480 38251964.2941 27364434.4809 26842317.9725 54566761.6399 73466083.6895 76532555.3892 76669791.3027 76669791.3027 76669791.3027 86.2029 0.0353 0.6379 1.7172 0.5815 0.0473 0.0194 0.0180 0.0180 0.0180 0.0180 0.0180 0.0091 0.1159 0.3994 0.8385 1.2578 1.4239 1.4453 1.4461 1.4461 1.4461 1.4461 0.1947 0.1343 0.0992 0.0685 0.0581 0.0564 0.0563 0.0563 0.0563 0.0563 0.0563  
78889 35 0.9323 0.8301 0.1345 0.5335 5341746.8605 123962.8646 33758224.4530 4163.9142 322282.3094 2892115.1382 7254157.1913 10619186.0602 9702392.9336 7994300.4399 7288409.5043 7136409.7205 7008032.3968 6866361.2188 2.7483 0.4900 1.7698 1.2341 0.3978 0.3374 0.1529 0.0418 0.0212 0.0190 0.0187 0.3655 0.0143 0.1166 0.2528 0.3540 0.4233 0.4819 0.5056 0.5108 0.5152 0.5201 1.4702 0.1356 0.1126 0.0818 0.0746 0.0713 0.0681 0.0663 0.0659 0.0658 0.0658 0.0781  
78889 36 0.8260 0.8744 0.0551 0.0952 47849968.6806 408948.9079 72033632.8394 91551.5291 6340313452.8512 11156420762.0107 7222329384.5667 2658245519.2186 225270851.2918 40475162.1707 36297008.6952 36095081.8905 36095081.8905 36092379.5396 0.0000 0.0932 0.0953 0.1287 0.1295 0.1305 0.1356 0.1363 0.1364 0.1364 0.1364 0.0000 0.0007 0.0052 0.0090 0.0170 0.0213 0.0216 0.0216 0.0216 0.0216 0.0216 1.4359 0.1945 0.1697 0.1340 0.1335 0.1284 0.1035 0.1000 0.0998 0.0998 0.0998 0.0000  
87673 4 1.0449 1.0319 0.0165 0.0158 19606111.7031 16615436.1375 1462703526.3479 210779.4171 699750.4274 35952971.2940 110272403.1705 125407409.0210 125806696.4229 125806591.4156 125806591.4156 125806591.4156 125806591.4156 125806591.4156 192.4933 0.3279 0.0300 0.0164 0.0151 0.0150 0.0150 0.0150 0.0150 0.0150 0.0150 0.0150 0.0406 0.5074 1.2979 1.5276 1.5375 1.5376 1.5376 1.5376 1.5376 1.5376 1.5376 0.1191 0.0773 0.0597 0.0564 0.0563 0.0563 0.0563 0.0563 0.0563 0.0563 0.0567  
87673 12 0.9428 0.9541 0.0026 0.0024 10821905.4219 50246.8734 3784816435.4452 945415.1043 4300286.8898 110334456.1019 1092791821.5989 2168001087.5885 2404919754.9400 1883186270.4092 1081177191.2528 467385245.9528 159043805.4375 61185663.5446 1.3392 0.1711 0.0080 0.0023 0.0026 0.0027 0.0027 0.0027 0.0027 0.0028 0.0029 0.0487 0.0185 0.1363 0.2773 0.3800 0.4347 0.4708 0.5142 0.5471 0.5637 0.5690 1.1640 0.1882 0.0833 0.0728 0.0685 0.0662 0.0659 0.0659 0.0659 0.0658 0.0655 0.0879  
87673 15 1.0333 0.9744 0.0046 0.0087 38842626.6051 0.0000 3596246311.3706 2106077.6208 1540755091.9808 7389472437.4587 18805399428.3614 22446965949.2524 6876881902.3139 428801215.2401 8658051.0180 1073024.7995 1041737.8820 999063.3671 0.0000 0.0307 0.0002 0.0001 0.0002 0.0017 0.0332 1.3845 5.6739 5.6600 5.6396 0.0000 0.0037 0.0340 0.0805 0.1143 0.1546 0.1709 0.1721 0.1732 0.1763 0.1805 1.6453 0.2804 0.1978 0.1398 0.1335 0.1333 0.1333 0.1303 0.1139 0.1138 0.1137 0.0000  
87673 29 0.6706 0.9208 0.0467 0.0646 9848775.9999 330252.7958 48332912.5964 36958.9031 20853.9578 975921.9139 35446947.6052 220596813.2561 367924173.3532 261836436.4861 115745267.7505 31181199.9672 4912895.6370 1030349.5360 0.0000 6.2873 2.1568 0.1441 0.0476 0.0294 0.0401 0.0750 0.1842 0.5355 1.0281 6.4030 0.0008 0.0083 0.0282 0.0621 0.1093 0.1667 0.2325 0.3028 0.3770 0.4303 2.5550 0.3248 0.1279 0.0771 0.0690 0.0655 0.0613 0.0576 0.0559 0.0546 0.0535 0.0367  
87673 30 0.9549 0.9527 0.0151 0.0251 65187293.5194 52232.5390 539868527.7470 100349.4526 4313998.0495 38163484.5293 19437939.1772 14456088.5911 46643103.5776 71065816.8304 75118328.5386 75301130.2219 75301130.2219 75301130.2219 84.6641 0.0378 0.7196 2.1326 0.8159 0.0367 0.0193 0.0187 0.0187 0.0187 0.0187 0.0187 0.0091 0.1159 0.3994 0.8385 1.2578 1.4239 1.4453 1.4461 1.4461 1.4461 1.4461 0.1956 0.1369 0.1061 0.0674 0.0570 0.0563 0.0563 0.0563 0.0563 0.0563 0.0563  
87673 35 0.7649 0.8923 0.1413 0.6015 4163717.8156 139425.1928 27256695.1647 3882.0473 386040.3842 2979925.7655 5819687.2455 7583607.0963 7315353.3960 6854728.4501 6656425.5118 6588466.2205 6477327.3053 6347077.9252 1.9946 0.4961 1.8244 1.5607 0.4035 0.3217 0.1313 0.0375 0.0215 0.0198 0.0196 0.3569 0.0143 0.1166 0.2528 0.3540 0.4233 0.4819 0.5056 0.5108 0.5152 0.5201 1.4702 0.1374 0.1139 0.0830 0.0747 0.0707 0.0676 0.0662 0.0659 0.0658 0.0658 0.0799  
87673 36 0.8623 0.9040 0.0546 0.0946 21265280.7280 335171.7188 61833970.0738 75622.7332 5549163974.9834 9685271391.0113 6202591590.8355 2281229834.8313 191062348.3334 32304452.1088 28715003.2779 28541774.2919 28541774.2919 28539637.4387 0.0000 0.0925 0.0943 0.1271 0.1282 0.1292 0.1342 0.1349 0.1349 0.1349 0.1349 0.0000 0.0007 0.0052 0.0090 0.0170 0.0213 0.0216 0.0216 0.0216 0.0216 0.0216 1.4359 0.1945 0.1703 0.1340 0.1335 0.1287 0.1037 0.1000 0.0998 0.0998 0.0998 0.0000  
96433 4 0.9930 0.9874 0.0163 0.0156 19695839.4057 15304659.3189 1458291442.1136 220241.2081 278663.0788 20690131.2970 96348973.4984 126112177.3129 127553144.6749 127559346.0567 127559346.0567 127559346.0567 127559346.0567 127559346.0567 194.6632 0.3865 0.0285 0.0160 0.0151 0.0150 0.0150 0.0150 0.0150 0.0150 0.0150 0.0150 0.0406 0.5074 1.2979 1.5276 1.5375 1.5376 1.5376 1.5376 1.5376 1.5376 1.5376 0.1193 0.0738 0.0586 0.0564 0.0563 0.0563 0.0563 0.0563 0.0563 0.0563 0.0565  
96433 12 0.9370 0.9564 0.0027 0.0025 10797253.8117 60646.4426 3603878660.2614 891312.6248 7347154.2944 104214341.6503 798778604.8941 1935199639.2508 2368374571.5121 1874835886.2172 1076828744.0690 465379361.8771 158214780.7053 60730155.6785 1.9104 0.1513 0.0113 0.0023 0.0028 0.0028 0.0029 0.0029 0.0029 0.0029 0.0030 0.0320 0.0185 0.1363 0.2773 0.3800 0.4347 0.4708 0.5142 0.5471 0.5637 0.5690 1.1640 0.1871 0.0890 0.0725 0.0679 0.0661 0.0659 0.0659 0.0659 0.0658 0.0655 0.0964  
96433 15 0.9975 0.9785 0.0037 0.0074 32357385.7342 0.0000 3561849007.0199 2176137.1072 1140125304.7259 6706873420.0684 18128648305.7974 22448236363.8764 6882464089.6586 428587552.8928 8067946.4308 481988.3761 467905.8636 448697.6945 0.0000 0.0601 0.0005 0.0001 0.0002 0.0014 0.0278 1.2267 6.4381 6.4282 6.4137 0.0000 0.0037 0.0340 0.0805 0.1143 0.1546 0.1709 0.1721 0.1732 0.1763 0.1805 1.6453 0.2808 0.1986 0.1388 0.1334 0.1333 0.1333 0.1310 0.1139 0.1138 0.1138 0.0000  
96433 29 0.6705 0.9155 0.0667 0.1038 9061256.4165 246718.6978 43582657.3054 24784.1154 16982.2604 375464.4105 22563443.3750 187744007.2617 330976099.5094 236871929.8425 104460946.7865 28114984.4733 4433447.5516 931923.4548 0.0000 6.2939 2.7033 0.2801 0.0671 0.0326 0.0421 0.0763 0.1783 0.5113 0.9959 6.4857 0.0008 0.0083 0.0282 0.0621 0.1093 0.1667 0.2325 0.3028 0.3770 0.4303 2.5550 0.3334 0.1334 0.0744 0.0680 0.0653 0.0613 0.0576 0.0560 0.0548 0.0538 0.0367  
96433 30 0.9410 1.0054 0.0178 0.0245 64802850.6361 47578.3534 507498115.0879 95823.8299 6509957.8661 53216905.3791 30820818.6801 14478151.4410 43097652.1165 66861284.7113 70849197.0892 71029682.9739 71029682.9739 71029682.9739 79.8615 0.0296 0.5493 1.7814 1.0229 0.0359 0.0189 0.0186 0.0186 0.0186 0.0186 0.0186 0.0091 0.1159 0.3994 0.8385 1.2578 1.4239 1.4453 1.4461 1.4461 1.4461 1.4461 0.1990 0.1372 0.1065 0.0704 0.0567 0.0563 0.0563 0.0563 0.0563 0.0563 0.0563  
96433 35 0.8867 0.8395 0.1490 0.6662 3881830.9879 125804.6650 24826472.4674 2969.4675 235964.9722 1710174.6667 3642700.7480 4377317.8287 4943985.8141 5711731.1929 6010389.1700 6024898.1998 5931207.6949 5812829.3870 1.1488 0.5339 1.8621 1.5855 0.5596 0.3910 0.1396 0.0427 0.0275 0.0259 0.0257 0.5354 0.0143 0.1166 0.2528 0.3540 0.4233 0.4819 0.5056 0.5108 0.5152 0.5201 1.4702 0.1379 0.1137 0.0829 0.0747 0.0699 0.0671 0.0661 0.0659 0.0658 0.0658 0.0796  
96433 36 0.8631 0.9021 0.0543 0.0945 401104.4635 267792.6327 52267448.1858 65212.9048 4820511846.6352 8374926444.2013 5330207338.0212 1959099929.1161 162324183.3092 25850748.3172 22765142.5028 22616420.7581 22616420.7581 22614727.5218 0.0000 0.0926 0.0945 0.1264 0.1275 0.1282 0.1322 0.1328 0.1329 0.1329 0.1329 0.0000 0.0007 0.0052 0.0090 0.0170 0.0213 0.0216 0.0216 0.0216 0.0216 0.0216 1.4359 0.1945 0.1704 0.1340 0.1335 0.1291 0.1040 0.1001 0.0998 0.0998 0.0998 0.0000  
