8761 4 0.7493 0.7918 0.1588 0.2043 24092840.5914 23327400.2502 231947527.6031 26450.7960 573179.3876 30307723.4251 33943259.0387 12191800.2277 10688811.5859 10680194.0655 10680194.0655 10680194.0655 10680194.0655 10680194.0655 16.9980 0.5256 0.2781 0.2462 0.2134 0.2051 0.2050 0.2050 0.2050 0.2050 0.2050 0.2089 0.0406 0.5074 1.2979 1.5276 1.5375 1.5376 1.5376 1.5376 1.5376 1.5376 1.5376 0.1122 0.0804 0.0664 0.0577 0.0563 0.0563 0.0563 0.0563 0.0563 0.0563 0.0623  
8761 12 1.5767 0.6935 0.0177 0.0307 16496728.4621 4027886.2444 1248209847.4208 41632.8822 819184198.5227 4109569164.9409 1546981749.8852 308056403.6177 93591149.9939 57310383.7651 35355060.8893 19149752.8002 11007070.0656 8422290.9858 166.5717 0.5615 0.0188 0.0271 0.0420 0.0472 0.0485 0.0494 0.0512 0.0540 0.0559 0.0333 0.0185 0.1363 0.2773 0.3800 0.4347 0.4708 0.5142 0.5471 0.5637 0.5690 1.1640 0.1867 0.1144 0.0853 0.0732 0.0674 0.0657 0.0651 0.0639 0.0621 0.0609 0.1107  
8761 15 0.5343 0.6274 0.2003 0.1781 582054251.5412 0.0000 1657011306.7408 320867.2646 1040009725.8201 12066012761.3171 8597318186.5887 3213245826.8445 1554984410.7996 930116337.3226 887714193.0846 878724278.8015 854553142.0000 821584382.0836 0.0000 1.1079 0.0103 0.0025 0.0361 0.2479 0.4558 0.4760 0.4766 0.4774 0.4786 0.0000 0.0037 0.0340 0.0805 0.1143 0.1546 0.1709 0.1721 0.1732 0.1763 0.1805 1.6453 0.2774 0.2007 0.1551 0.1331 0.1232 0.1147 0.1139 0.1138 0.1138 0.1137 0.0000  
8761 29 1.3096 0.6457 0.0559 0.1134 72014449.7350 203002654.7848 214930601.4450 167606.8516 2226446.1869 309341667.5092 799376980.6063 749295259.8021 516746040.9289 344726122.6466 233440946.5845 169957780.8283 142763179.1521 133646558.5845 1.7424 5.0037 1.3235 0.2677 0.0690 0.0435 0.0921 0.2862 0.5208 0.6480 0.6935 0.8141 0.0008 0.0083 0.0282 0.0621 0.1093 0.1667 0.2325 0.3028 0.3770 0.4303 2.5550 0.1646 0.1184 0.1033 0.0842 0.0696 0.0597 0.0529 0.0479 0.0442 0.0421 0.0367  
8761 30 0.0955 0.8901 0.0171 0.0361 20613730.7811 25358.9757 168911893.4700 2986.7097 15.4197 3963.0996 1075099.4457 9602122.5232 19062725.9111 21588449.4218 21806894.0609 21813165.4078 21813165.4078 21813165.4078 24.5254 1.0366 3.3562 0.8456 0.1983 0.0618 0.0295 0.0242 0.0240 0.0240 0.0240 0.0240 0.0091 0.1159 0.3994 0.8385 1.2578 1.4239 1.4453 1.4461 1.4461 1.4461 1.4461 0.1366 0.0855 0.0687 0.0638 0.0594 0.0568 0.0563 0.0563 0.0563 0.0563 0.0563  
8761 35 1.0974 0.4603 0.2767 0.5636 12233538.6273 1996858.4878 105224884.4459 13777.3751 4043046.4712 44269791.2556 60768534.3923 65585353.5288 45239365.3706 23196652.3592 14353911.3191 12871862.2152 12517497.2682 12253367.9266 18.5180 0.5596 1.7966 1.7728 0.2514 0.1906 0.1337 0.0635 0.0439 0.0416 0.0414 0.2024 0.0143 0.1166 0.2528 0.3540 0.4233 0.4819 0.5056 0.5108 0.5152 0.5201 1.4702 0.1346 0.1128 0.0839 0.0758 0.0726 0.0699 0.0669 0.0660 0.0659 0.0658 0.0813  
8761 36 0.3174 0.5421 0.0438 0.1031 164814947.9116 1431492.5878 253294564.4000 55987.4613 33462776355.6155 48566803739.0828 22693756682.6924 8410491386.6105 821832618.8870 245438831.1305 232406759.4216 231765038.4722 231765038.4722 231747686.7880 0.0000 1.3298 0.1375 0.1441 0.1444 0.1485 0.1581 0.1588 0.1589 0.1589 0.1589 0.0000 0.0007 0.0052 0.0090 0.0170 0.0213 0.0216 0.0216 0.0216 0.0216 0.0216 1.4359 0.1898 0.1730 0.1293 0.1283 0.1193 0.0978 0.0961 0.0960 0.0960 0.0960 0.0000  
17545 4 5.2855 1.8712 0.0540 0.0607 15620409.7961 5021625.3874 538762219.8892 10858.8126 1151021.1230 62003155.1610 75360355.4207 32247553.2334 29117044.8547 29097660.5580 29097660.5580 29097660.5580 29097660.5580 29097660.5580 45.8758 0.1938 0.0528 0.0453 0.0403 0.0391 0.0391 0.0391 0.0391 0.0391 0.0391 0.0391 0.0406 0.5074 1.2979 1.5276 1.5375 1.5376 1.5376 1.5376 1.5376 1.5376 1.5376 0.1130 0.0799 0.0653 0.0574 0.0563 0.0563 0.0563 0.0563 0.0563 0.0563 0.0603  
17545 12 1.9909 1.9744 0.0085 0.0126 17633886.4374 201487.0202 3345646388.6897 688367.9850 1606254291.1171 9787497032.5116 5198175725.7138 1387006778.7984 284682989.9014 125857572.6297 72308277.8540 34749900.2778 15880570.6781 9891532.3868 335.9537 0.0999 0.0036 0.0076 0.0131 0.0161 0.0171 0.0173 0.0177 0.0184 0.0190 0.0038 0.0185 0.1363 0.2773 0.3800 0.4347 0.4708 0.5142 0.5471 0.5637 0.5690 1.1640 0.1853 0.1093 0.0833 0.0743 0.0692 0.0660 0.0654 0.0646 0.0630 0.0616 0.1107  
17545 15 1.2146 1.1597 0.1504 0.1368 304109696.5663 9116.3145 1735613591.8473 551759.0711 1275163071.5725 15541928236.9336 11967570567.6291 4955984171.8828 1809984065.2229 590468694.3555 510018679.2530 503744982.1743 489571290.4652 470238763.2853 0.0000 0.1275 0.0008 0.0004 0.0130 0.1308 0.3962 0.4427 0.4439 0.4446 0.4456 0.0000 0.0037 0.0340 0.0805 0.1143 0.1546 0.1709 0.1721 0.1732 0.1763 0.1805 1.6453 0.2790 0.1964 0.1553 0.1341 0.1275 0.1159 0.1139 0.1139 0.1138 0.1137 0.0000  
17545 29 1.0391 0.8630 0.0543 0.0929 33379100.2190 753514.9241 182319076.6550 142639.2253 446729.5678 74375055.0100 473974829.3143 730263709.4506 541253940.4530 350033566.7421 223327381.1169 149098570.0379 113515168.6798 99616750.0953 1.0567 4.0065 0.8227 0.2906 0.0504 0.0114 0.0159 0.0436 0.1047 0.1917 0.2547 0.4634 0.0008 0.0083 0.0282 0.0621 0.1093 0.1667 0.2325 0.3028 0.3770 0.4303 2.5550 0.2330 0.1116 0.0939 0.0811 0.0698 0.0604 0.0539 0.0487 0.0446 0.0424 0.0367  
17545 30 1.0163 1.4165 0.0029 0.0066 2976023.9441 1377838.2020 171157522.5579 29739.1881 1293885.6817 31377007.8341 46988520.3222 18681048.2145 15932741.0865 21773354.4884 22921779.0336 22975751.4107 22975751.4107 22975751.4107 25.8326 0.0086 0.0435 0.1462 0.0757 0.0068 0.0039 0.0033 0.0033 0.0033 0.0033 0.0033 0.0091 0.1159 0.3994 0.8385 1.2578 1.4239 1.4453 1.4461 1.4461 1.4461 1.4461 0.1864 0.1303 0.1021 0.0742 0.0578 0.0564 0.0563 0.0563 0.0563 0.0563 0.0563  
17545 35 1.0511 0.8111 0.2276 0.2894 11305968.1895 1166.3424 92237103.1210 10873.3986 697993.7394 11189646.4201 41495391.3375 55089006.2732 40379843.2470 21162761.9652 13407030.1666 12102418.1116 11777727.9172 11529345.8512 14.8981 0.4013 1.3568 0.6043 0.1939 0.1902 0.1236 0.0367 0.0119 0.0089 0.0086 0.1764 0.0143 0.1166 0.2528 0.3540 0.4233 0.4819 0.5056 0.5108 0.5152 0.5201 1.4702 0.1323 0.1076 0.0812 0.0750 0.0726 0.0700 0.0669 0.0660 0.0659 0.0658 0.0771  
17545 36 0.7747 0.8715 0.0184 0.0804 55992884.0149 1193903.4964 228256771.8323 286513.0830 24801454589.1188 38962990588.0797 21259443905.2372 7869209394.2151 742784242.1435 201499244.5717 189260982.7227 188661242.4501 188661242.4501 188647117.8422 0.0000 0.0660 0.0728 0.1012 0.1019 0.1029 0.1058 0.1060 0.1060 0.1060 0.1060 0.0000 0.0007 0.0052 0.0090 0.0170 0.0213 0.0216 0.0216 0.0216 0.0216 0.0216 1.4359 0.1944 0.1741 0.1338 0.1330 0.1249 0.1018 0.0998 0.0997 0.0997 0.0997 0.0000  
26305 4 2.5571 1.6390 0.0249 0.0275 10615246.7911 41760691.4019 948547323.3281 57394.4370 1901878.9683 110957274.7275 139480273.7235 68189911.1197 63197762.7661 63168768.9853 63168768.9853 63168768.9853 63168768.9853 63168768.9853 98.9759 0.1718 0.0300 0.0243 0.0225 0.0222 0.0222 0.0222 0.0222 0.0222 0.0222 0.0222 0.0406 0.5074 1.2979 1.5276 1.5375 1.5376 1.5376 1.5376 1.5376 1.5376 1.5376 0.1149 0.0795 0.0650 0.0572 0.0563 0.0563 0.0563 0.0563 0.0563 0.0563 0.0594  
26305 12 0.9705 0.9437 0.0052 0.0065 23072586.0742 249939.9469 4764793786.0320 1370451.5633 59347319.6640 3312093852.9876 8061821152.7407 4128294063.4126 839948769.3468 334057385.0972 185460856.7063 83188893.3102 31810601.8689 15504280.1876 18.9433 0.0342 0.0033 0.0048 0.0066 0.0073 0.0078 0.0080 0.0082 0.0089 0.0098 0.0130 0.0185 0.1363 0.2773 0.3800 0.4347 0.4708 0.5142 0.5471 0.5637 0.5690 1.1640 0.1256 0.0911 0.0797 0.0738 0.0699 0.0662 0.0657 0.0654 0.0644 0.0630 0.1086  
26305 15 1.1884 1.2943 0.2222 0.3607 542286624.5449 0.0000 1950311930.0700 670174.6254 2255883682.2091 26692682204.4152 16189902946.9027 7416419720.2428 2219595842.7368 172555046.6805 39168236.8289 36730815.9088 36634672.6993 36503550.3520 0.0000 0.1222 0.0011 0.0005 0.0133 0.1652 1.3012 2.4671 2.5137 2.4878 2.4512 0.0000 0.0037 0.0340 0.0805 0.1143 0.1546 0.1709 0.1721 0.1732 0.1763 0.1805 1.6453 0.2820 0.2016 0.1544 0.1343 0.1318 0.1226 0.1143 0.1138 0.1136 0.1134 0.0000  
26305 29 0.8486 0.9070 0.0172 0.0468 27967353.2863 991680.5395 156236830.6393 148209.3617 79272.6803 21287885.3939 347951513.8570 642997972.2306 517849612.2711 352431663.8822 219581470.3695 132487999.3203 89578427.7593 72971470.5399 0.6119 5.6980 0.8630 0.1302 0.0233 0.0100 0.0160 0.0451 0.1104 0.2043 0.2737 0.5096 0.0008 0.0083 0.0282 0.0621 0.1093 0.1667 0.2325 0.3028 0.3770 0.4303 2.5550 0.2981 0.1045 0.0853 0.0792 0.0693 0.0604 0.0543 0.0493 0.0451 0.0428 0.0367  
26305 30 1.3578 1.4419 0.0032 0.0209 29719228.9618 2119051.6524 193654503.8699 30223.8563 3191225.9239 74297904.5333 116453360.8000 51527917.1202 25058112.2491 22627747.3616 22795228.6303 22812877.1399 22812877.1399 22812877.1399 25.6494 0.0144 0.1130 0.3948 0.3160 0.0432 0.0117 0.0106 0.0106 0.0106 0.0106 0.0106 0.0091 0.1159 0.3994 0.8385 1.2578 1.4239 1.4453 1.4461 1.4461 1.4461 1.4461 0.1882 0.1295 0.0995 0.0765 0.0604 0.0565 0.0563 0.0563 0.0563 0.0563 0.0563  
26305 35 0.8353 0.8882 0.2543 0.3254 10872551.2938 3152.9916 81409435.8406 11428.8885 624456.9972 9014773.5642 31407293.5428 45064296.7878 34201690.4943 18705283.0958 12433390.0374 11369403.1778 11080230.0240 10847319.9964 11.9616 0.4554 1.5176 0.7337 0.2244 0.2141 0.1356 0.0402 0.0142 0.0112 0.0109 0.2067 0.0143 0.1166 0.2528 0.3540 0.4233 0.4819 0.5056 0.5108 0.5152 0.5201 1.4702 0.1363 0.1093 0.0810 0.0747 0.0725 0.0698 0.0668 0.0660 0.0659 0.0658 0.0775  
26305 36 0.9408 0.8797 0.0478 0.0952 135054316.5669 952020.6451 194597613.2719 221963.3673 19906877402.1041 32200666615.3261 18450249503.5874 6821717571.0335 629857635.9569 159557198.3134 148923878.5077 148404337.0617 148404337.0617 148393226.3903 0.0000 0.0986 0.1001 0.1343 0.1353 0.1364 0.1398 0.1401 0.1401 0.1401 0.1401 0.0000 0.0007 0.0052 0.0090 0.0170 0.0213 0.0216 0.0216 0.0216 0.0216 0.0216 1.4359 0.1945 0.1730 0.1341 0.1333 0.1258 0.1022 0.1000 0.0999 0.0999 0.0999 0.0000  
35065 4 1.2066 1.1150 0.0415 0.0397 44188785.4305 12319044.9155 1157266129.0859 146761.8698 782118.5557 58481394.0722 110715772.1435 93803518.6605 92249885.3413 92239319.0578 92239319.0578 92239319.0578 92239319.0578 92239319.0578 141.8197 0.2200 0.0528 0.0442 0.0383 0.0378 0.0378 0.0378 0.0378 0.0378 0.0378 0.0378 0.0406 0.5074 1.2979 1.5276 1.5375 1.5376 1.5376 1.5376 1.5376 1.5376 1.5376 0.1127 0.0768 0.0623 0.0567 0.0563 0.0563 0.0563 0.0563 0.0563 0.0563 0.0572  
35065 12 0.9621 0.9482 0.0024 0.0026 11110721.5065 41838.2601 4979881980.2353 1330077.0839 4317455.1043 1068837807.8486 6882675386.5127 5170697746.6178 1368742484.9634 677287941.4340 380156355.2837 166758283.8585 59555527.4691 25532311.8434 2.4642 0.0847 0.0017 0.0020 0.0022 0.0024 0.0025 0.0025 0.0026 0.0027 0.0030 0.0491 0.0185 0.1363 0.2773 0.3800 0.4347 0.4708 0.5142 0.5471 0.5637 0.5690 1.1640 0.1334 0.0829 0.0756 0.0730 0.0693 0.0661 0.0658 0.0657 0.0652 0.0643 0.0892  
35065 15 1.4150 1.0974 0.0141 0.0672 101735673.7952 0.0000 2509492873.8262 796436.6943 1348967780.5119 24478538103.9099 23488171362.8601 10354299583.8317 3052400146.4095 190038214.9238 3568969.1047 378722.5883 882494.1892 1569632.7301 0.0000 0.3209 0.0025 0.0004 0.0012 0.0113 0.2072 2.6560 4.9648 4.0074 3.3400 0.0000 0.0037 0.0340 0.0805 0.1143 0.1546 0.1709 0.1721 0.1732 0.1763 0.1805 1.6453 0.2769 0.1916 0.1540 0.1344 0.1333 0.1327 0.1242 0.1112 0.1086 0.1068 0.0000  
35065 29 0.8909 0.9269 0.0110 0.0193 23956981.6170 861111.7763 133868158.9337 125774.7809 69230.0009 14071502.5188 284421574.4471 558192175.4489 488972947.2508 351731564.7752 214803685.6515 117129364.5930 69490700.9694 51935063.5345 0.3303 6.1796 0.9803 0.0339 0.0128 0.0095 0.0163 0.0464 0.1175 0.2233 0.3036 0.5797 0.0008 0.0083 0.0282 0.0621 0.1093 0.1667 0.2325 0.3028 0.3770 0.4303 2.5550 0.3203 0.1082 0.0838 0.0785 0.0686 0.0601 0.0546 0.0500 0.0457 0.0432 0.0367  
35065 30 1.4885 1.2175 0.0025 0.0173 30207988.3913 2960000.6909 267553413.2412 41037.4532 2848273.6441 72199775.3521 152780815.1347 98703767.3274 45666933.0852 28794642.0894 27081663.6037 27027074.8819 27027074.8819 27027074.8819 30.3876 0.0064 0.0740 0.2182 0.1598 0.0373 0.0077 0.0061 0.0060 0.0060 0.0060 0.0060 0.0091 0.1159 0.3994 0.8385 1.2578 1.4239 1.4453 1.4461 1.4461 1.4461 1.4461 0.1894 0.1257 0.0942 0.0744 0.0625 0.0570 0.0563 0.0563 0.0563 0.0563 0.0563  
35065 35 0.9438 0.9019 0.2604 0.3506 8729706.0667 2429.8015 73711002.9372 9546.8180 544752.9473 7473200.8188 25502586.2711 37440603.7033 29008318.5230 16581143.4398 11544474.9673 10681242.9790 10422906.9306 10204405.5985 9.8768 0.4358 1.6624 0.8601 0.2202 0.2025 0.1236 0.0359 0.0134 0.0109 0.0106 0.2007 0.0143 0.1166 0.2528 0.3540 0.4233 0.4819 0.5056 0.5108 0.5152 0.5201 1.4702 0.1371 0.1098 0.0813 0.0747 0.0724 0.0696 0.0667 0.0660 0.0659 0.0658 0.0777  
35065 36 0.8501 0.8834 0.0550 0.0986 115998985.3911 792645.7559 169380188.4539 208813.7288 15844024929.6109 26700323448.1449 16287434965.2798 6015271501.4445 542402449.3112 126712701.8556 117314115.4831 116856331.1471 116856331.1471 116847582.3981 0.0000 0.0982 0.0997 0.1334 0.1344 0.1354 0.1388 0.1391 0.1391 0.1391 0.1391 0.0000 0.0007 0.0052 0.0090 0.0170 0.0213 0.0216 0.0216 0.0216 0.0216 0.0216 1.4359 0.1945 0.1718 0.1340 0.1334 0.1265 0.1024 0.1000 0.0999 0.0999 0.0999 0.0000  
43825 4 1.0914 1.0542 0.0242 0.0239 22213220.0393 17940695.5251 1249745238.2315 177086.0890 543493.7795 43107603.5704 101513657.6088 105259651.4925 105140815.6696 105138685.4787 105138685.4787 105138685.4787 105138685.4787 105138685.4787 161.0387 0.2237 0.0341 0.0238 0.0199 0.0197 0.0197 0.0197 0.0197 0.0197 0.0197 0.0198 0.0406 0.5074 1.2979 1.5276 1.5375 1.5376 1.5376 1.5376 1.5376 1.5376 1.5376 0.1128 0.0769 0.0608 0.0565 0.0563 0.0563 0.0563 0.0563 0.0563 0.0563 0.0568  
43825 12 0.9469 0.9495 0.0021 0.0021 11004053.9287 29171.6956 4863547615.8311 1279610.0630 1231839.2665 490637970.7290 5786306801.7494 5047008450.7499 1613506889.8505 899218753.5099 508031398.9316 221587680.1138 77690297.0868 32021392.5661 1.3912 0.1690 0.0020 0.0020 0.0021 0.0022 0.0023 0.0024 0.0024 0.0025 0.0027 0.0900 0.0185 0.1363 0.2773 0.3800 0.4347 0.4708 0.5142 0.5471 0.5637 0.5690 1.1640 0.1661 0.0784 0.0740 0.0725 0.0686 0.0661 0.0659 0.0658 0.0655 0.0648 0.0626  
43825 15 1.2272 1.0232 0.0036 0.0075 13467455.5812 0.0000 2852506221.5560 1126955.7258 850667992.0668 21151270638.0234 26307715502.3478 12698607989.8387 3762201575.4128 234186295.8781 4325536.6073 259498.5017 488445.0291 800725.4386 0.0000 0.1355 0.0007 0.0003 0.0003 0.0011 0.0183 0.8898 6.4403 4.2046 2.9968 0.0000 0.0037 0.0340 0.0805 0.1143 0.1546 0.1709 0.1721 0.1732 0.1763 0.1805 1.6453 0.2736 0.1831 0.1532 0.1344 0.1333 0.1333 0.1325 0.1062 0.1025 0.1012 0.0000  
43825 29 0.9166 0.9253 0.0128 0.0168 24744097.2682 1085565.2342 110919306.7962 112052.6469 51931.8411 11654962.2710 238578753.7508 488529304.4671 458906361.8648 342601490.0876 203238892.4328 98957436.6089 49684074.3736 32833393.2044 0.1411 6.1006 0.8470 0.0228 0.0122 0.0111 0.0209 0.0603 0.1570 0.3064 0.4237 0.8140 0.0008 0.0083 0.0282 0.0621 0.1093 0.1667 0.2325 0.3028 0.3770 0.4303 2.5550 0.3269 0.1068 0.0835 0.0778 0.0680 0.0600 0.0550 0.0507 0.0464 0.0438 0.0367  
43825 30 1.7922 1.3935 0.0019 0.0150 41024663.7104 2730394.5986 392906056.5172 61083.4159 6537639.4529 134411635.3384 251022978.5993 159383664.2359 72066364.9729 41453238.3556 38340947.5035 38245252.6896 38245252.6896 38245252.6896 43.0007 0.0048 0.0619 0.2057 0.1209 0.0309 0.0079 0.0056 0.0055 0.0055 0.0055 0.0055 0.0091 0.1159 0.3994 0.8385 1.2578 1.4239 1.4453 1.4461 1.4461 1.4461 1.4461 0.1903 0.1281 0.0950 0.0735 0.0629 0.0572 0.0563 0.0563 0.0563 0.0563 0.0563  
43825 35 0.9063 0.8967 0.3045 0.4417 9546300.7057 3302.4809 59509116.9637 9010.5980 589055.8841 7612151.1053 20438529.4314 29686063.7837 23541476.1592 14396963.3794 10685866.8066 10037529.9554 9810648.7206 9605635.8376 7.8232 0.4431 1.6909 1.0752 0.2907 0.2633 0.1529 0.0431 0.0168 0.0138 0.0135 0.2662 0.0143 0.1166 0.2528 0.3540 0.4233 0.4819 0.5056 0.5108 0.5152 0.5201 1.4702 0.1370 0.1107 0.0818 0.0747 0.0722 0.0693 0.0666 0.0660 0.0659 0.0658 0.0783  
43825 36 0.8600 0.8976 0.0574 0.0996 92541190.6646 788904.4086 144728504.1265 177507.8879 13220807747.1365 22775670753.3191 14332160762.9721 5287180853.4970 466784343.2138 100652908.8703 92374821.4809 91972706.9171 91972706.9171 91965821.1444 0.0000 0.0984 0.1000 0.1334 0.1345 0.1355 0.1392 0.1396 0.1396 0.1396 0.1396 0.0000 0.0007 0.0052 0.0090 0.0170 0.0213 0.0216 0.0216 0.0216 0.0216 0.0216 1.4359 0.1945 0.1709 0.1340 0.1334 0.1271 0.1027 0.1000 0.0999 0.0999 0.0999 0.0000  
52609 4 1.0120 1.0116 0.0207 0.0199 20912519.8603 16991064.1700 1296595559.3469 193272.5769 351345.1343 31711985.4758 92906115.9076 109450692.2031 110242425.8248 110246163.1148 110246163.1148 110246163.1148 110246163.1148 110246163.1148 168.5521 0.2031 0.0285 0.0205 0.0184 0.0182 0.0182 0.0182 0.0182 0.0182 0.0182 0.0183 0.0406 0.5074 1.2979 1.5276 1.5375 1.5376 1.5376 1.5376 1.5376 1.5376 1.5376 0.1117 0.0760 0.0598 0.0564 0.0563 0.0563 0.0563 0.0563 0.0563 0.0563 0.0566  
52609 12 0.9503 0.9502 0.0021 0.0021 10859834.6128 33480.8624 4676450168.8930 1211679.0678 1252536.4208 325399793.9660 4825672815.8861 4567543457.1189 1791497485.8953 1102552401.2929 626158197.7140 272234384.6080 94438243.0449 38010968.2361 1.2655 0.2128 0.0025 0.0020 0.0021 0.0023 0.0023 0.0024 0.0024 0.0024 0.0026 0.0889 0.0185 0.1363 0.2773 0.3800 0.4347 0.4708 0.5142 0.5471 0.5637 0.5690 1.1640 0.1789 0.0759 0.0735 0.0722 0.0680 0.0660 0.0659 0.0658 0.0656 0.0651 0.0622  
52609 15 1.0801 1.0000 0.0034 0.0070 18561673.8185 0.0000 3006998927.0630 1383027.3304 623947548.9123 18735339925.6152 27010253906.8890 14157440838.0379 4212720529.1455 262234355.6767 4837525.7946 231624.4348 332920.8650 471088.0719 0.0000 0.1541 0.0006 0.0002 0.0003 0.0015 0.0259 1.2080 8.0974 6.5685 5.2857 0.0000 0.0037 0.0340 0.0805 0.1143 0.1546 0.1709 0.1721 0.1732 0.1763 0.1805 1.6453 0.2770 0.1789 0.1522 0.1343 0.1333 0.1333 0.1321 0.1110 0.1072 0.1048 0.0000  
52609 29 0.8825 0.9205 0.0151 0.0179 24640133.7231 1100899.2861 88733130.7645 102703.7042 22752.6439 9728935.0534 201979134.7864 432165177.3313 430291296.8470 325531595.8274 184052614.1539 77779987.3984 31242275.3803 17310234.6793 0.0430 6.2572 0.5658 0.0182 0.0125 0.0132 0.0277 0.0824 0.2222 0.4400 0.6114 1.1522 0.0008 0.0083 0.0282 0.0621 0.1093 0.1667 0.2325 0.3028 0.3770 0.4303 2.5550 0.3297 0.1001 0.0833 0.0773 0.0675 0.0599 0.0554 0.0516 0.0474 0.0448 0.0367  
52609 30 0.9423 1.1163 0.0016 0.0191 61065326.5867 2832759.2051 573680711.9843 109473.4318 5394396.6233 113064499.7284 247206846.5489 196346124.7804 102900808.3553 62296319.7526 57612411.6349 57450422.3333 57450422.3333 57450422.3333 64.5938 0.0113 0.0819 0.2390 0.1426 0.0389 0.0112 0.0080 0.0079 0.0079 0.0079 0.0079 0.0091 0.1159 0.3994 0.8385 1.2578 1.4239 1.4453 1.4461 1.4461 1.4461 1.4461 0.1902 0.1256 0.0920 0.0724 0.0627 0.0572 0.0563 0.0563 0.0563 0.0563 0.0563  
52609 35 0.8923 0.8466 0.3005 0.4543 9009760.2969 2791.5433 52674129.4137 8166.0328 389796.2243 4717636.0268 13362554.2721 21263182.0407 17976362.0815 12218322.5419 9867205.7773 9438955.7774 9243233.6232 9050720.7626 5.4724 0.4408 1.5960 0.9710 0.3554 0.3214 0.1716 0.0469 0.0197 0.0167 0.0164 0.3348 0.0143 0.1166 0.2528 0.3540 0.4233 0.4819 0.5056 0.5108 0.5152 0.5201 1.4702 0.1377 0.1104 0.0811 0.0745 0.0720 0.0689 0.0665 0.0659 0.0659 0.0658 0.0775  
52609 36 0.8268 0.8671 0.0577 0.1000 79452641.6174 529043.4581 120439124.7808 152648.9141 10366629705.5853 18438176788.0989 12104803680.4347 4463138413.8371 389125244.6327 79685082.0206 72688764.1262 72349449.5419 72349449.5419 72344032.9148 0.0000 0.0984 0.1002 0.1347 0.1354 0.1363 0.1397 0.1401 0.1401 0.1401 0.1401 0.0000 0.0007 0.0052 0.0090 0.0170 0.0213 0.0216 0.0216 0.0216 0.0216 0.0216 1.4359 0.1945 0.1695 0.1340 0.1335 0.1276 0.1029 0.1000 0.0999 0.0999 0.0999 0.0000  
61369 4 1.0833 1.0564 0.0182 0.0176 19820516.5541 16958005.7597 1356549253.6442 195586.8327 565297.4664 52737588.3941 113225852.2336 114679067.4565 114629856.7875 114629978.2692 114629978.2692 114629978.2692 114629978.2692 114629978.2692 175.4326 0.2178 0.0269 0.0183 0.0164 0.0163 0.0163 0.0163 0.0163 0.0163 0.0163 0.0164 0.0406 0.5074 1.2979 1.5276 1.5375 1.5376 1.5376 1.5376 1.5376 1.5376 1.5376 0.1124 0.0776 0.0609 0.0564 0.0563 0.0563 0.0563 0.0563 0.0563 0.0563 0.0567  
61369 12 0.9445 0.9506 0.0022 0.0021 10876304.0082 29487.2401 4439403359.3395 1151398.2313 1112495.9438 253445614.6211 4129421628.4041 4125337149.8543 1854525486.9643 1202351857.6840 684582120.0778 297201216.9558 102597879.8537 40836555.9142 1.0734 0.2169 0.0030 0.0021 0.0022 0.0024 0.0024 0.0024 0.0025 0.0025 0.0027 0.0875 0.0185 0.1363 0.2773 0.3800 0.4347 0.4708 0.5142 0.5471 0.5637 0.5690 1.1640 0.1783 0.0748 0.0733 0.0718 0.0676 0.0660 0.0659 0.0658 0.0656 0.0652 0.0648  
61369 15 1.0682 1.0315 0.0021 0.0054 15440177.0077 0.0000 3124793101.1530 1493768.8730 1316331285.1205 19643625029.2737 27048709842.4218 15138165184.9231 4519799997.8733 281272455.0719 5103569.2376 139780.9994 183886.6575 244046.3026 0.0000 0.0967 0.0006 0.0003 0.0004 0.0012 0.0194 0.9404 8.4872 7.4140 6.3457 0.0000 0.0037 0.0340 0.0805 0.1143 0.1546 0.1709 0.1721 0.1732 0.1763 0.1805 1.6453 0.2814 0.1823 0.1514 0.1342 0.1333 0.1333 0.1325 0.1121 0.1091 0.1067 0.0000  
61369 29 0.8182 0.9165 0.0213 0.0244 22124151.1228 826053.8382 70565289.8532 90640.7575 29333.3984 7955313.3429 167172169.2265 379785732.0208 404001075.2318 306760031.8358 162895416.2218 57260151.9772 16695977.8642 7230126.3876 0.0080 6.2175 0.7479 0.0276 0.0177 0.0177 0.0357 0.1027 0.2915 0.6156 0.8592 1.6480 0.0008 0.0083 0.0282 0.0621 0.1093 0.1667 0.2325 0.3028 0.3770 0.4303 2.5550 0.3289 0.1043 0.0832 0.0766 0.0671 0.0600 0.0560 0.0529 0.0490 0.0462 0.0367  
61369 30 1.0985 1.0290 0.0270 0.0299 106450322.0406 56231.4861 752400776.8416 103154.8238 4580792.6020 98177023.2926 191491598.9776 163361769.0685 115023580.0671 87821738.0121 84266924.2666 84133203.1974 84133203.1974 84133203.1974 94.5943 0.0231 0.2051 0.5117 0.2768 0.0603 0.0182 0.0135 0.0134 0.0134 0.0134 0.0134 0.0091 0.1159 0.3994 0.8385 1.2578 1.4239 1.4453 1.4461 1.4461 1.4461 1.4461 0.1897 0.1255 0.0919 0.0717 0.0617 0.0570 0.0563 0.0563 0.0563 0.0563 0.0563  
61369 35 0.7941 0.8888 0.2958 0.5910 8165704.3982 24272.9535 44611607.5685 7286.2290 609879.1853 7352448.9914 10593691.8687 14554816.7924 12847473.9941 10115675.6742 8994644.4471 8766413.1539 8601634.9058 8423751.6513 3.8163 0.3640 1.4590 1.3794 0.4488 0.3782 0.1805 0.0479 0.0221 0.0192 0.0190 0.4130 0.0143 0.1166 0.2528 0.3540 0.4233 0.4819 0.5056 0.5108 0.5152 0.5201 1.4702 0.1362 0.1122 0.0830 0.0746 0.0716 0.0684 0.0663 0.0659 0.0659 0.0658 0.0792  
61369 36 0.8316 0.8781 0.0552 0.0962 66065280.3869 492701.2398 100247805.4758 126208.6416 8666285261.1329 15339933421.4258 10008362433.1075 3688411948.7335 319221468.6950 63315853.1230 57529930.9046 57249577.0573 57249577.0573 57245290.9209 0.0000 0.0931 0.0949 0.1279 0.1287 0.1296 0.1337 0.1342 0.1342 0.1342 0.1342 0.0000 0.0007 0.0052 0.0090 0.0170 0.0213 0.0216 0.0216 0.0216 0.0216 0.0216 1.4359 0.1945 0.1694 0.1340 0.1334 0.1278 0.1031 0.1000 0.0998 0.0998 0.0998 0.0000  
70129 4 0.9988 0.9955 0.0184 0.0179 21059204.0852 16822860.8008 1379111228.1068 211878.4092 271599.1904 33481299.0311 100596472.9613 117615254.2120 118465390.8492 118470101.9157 118470101.9157 118470101.9157 118470101.9157 118470101.9157 180.8253 0.2315 0.0257 0.0187 0.0172 0.0171 0.0171 0.0171 0.0171 0.0171 0.0171 0.0171 0.0406 0.5074 1.2979 1.5276 1.5375 1.5376 1.5376 1.5376 1.5376 1.5376 1.5376 0.1119 0.0743 0.0598 0.0564 0.0563 0.0563 0.0563 0.0563 0.0563 0.0563 0.0565  
70129 12 0.9432 0.9509 0.0023 0.0022 10818411.0482 34660.8880 4207580865.3549 1087538.7281 1351051.0251 212253785.5001 3523673099.9976 3705732926.2587 1892415692.7396 1278127329.1365 729126724.2109 316206128.0894 108772920.8499 42939823.8682 0.9697 0.2374 0.0035 0.0022 0.0023 0.0025 0.0025 0.0025 0.0026 0.0026 0.0027 0.0832 0.0185 0.1363 0.2773 0.3800 0.4347 0.4708 0.5142 0.5471 0.5637 0.5690 1.1640 0.1808 0.0747 0.0732 0.0715 0.0673 0.0660 0.0659 0.0658 0.0657 0.0653 0.0668  
70129 15 1.0328 1.0068 0.0017 0.0039 11928148.1735 0.0000 3194993731.3594 1595608.9737 1511236377.9206 19389004905.2700 26848332182.5384 15825093604.3609 4736628185.8898 294749969.6464 5329427.9972 117822.3093 135730.0370 160156.0120 0.0000 0.1102 0.0006 0.0002 0.0003 0.0009 0.0139 0.6990 8.7239 7.9850 7.1600 0.0000 0.0037 0.0340 0.0805 0.1143 0.1546 0.1709 0.1721 0.1732 0.1763 0.1805 1.6453 0.2817 0.1829 0.1509 0.1341 0.1333 0.1333 0.1328 0.1126 0.1104 0.1082 0.0000  
70129 29 0.7489 0.9189 0.0240 0.0301 16241395.3673 664209.7185 59358213.0943 74164.0155 25482.2394 6399013.3076 136487878.5522 329718900.7327 374175090.7461 288499290.0171 147336976.2353 44181127.9696 8632251.0892 2451242.5884 0.0004 6.2539 0.8041 0.0330 0.0235 0.0235 0.0413 0.0953 0.2662 0.6838 1.1114 2.9366 0.0008 0.0083 0.0282 0.0621 0.1093 0.1667 0.2325 0.3028 0.3770 0.4303 2.5550 0.3277 0.1057 0.0829 0.0758 0.0668 0.0601 0.0566 0.0545 0.0516 0.0488 0.0367  
70129 30 1.1326 0.9090 0.0176 0.0308 103111832.4150 54905.8965 854994560.9770 113320.5985 1997565.8078 43644915.1036 86736923.2284 101169208.1591 106596281.8102 105830490.0984 106008594.4797 106029341.2343 106029341.2343 106029341.2343 119.2131 0.0305 0.3810 0.8327 0.3664 0.0591 0.0184 0.0151 0.0149 0.0149 0.0149 0.0149 0.0091 0.1159 0.3994 0.8385 1.2578 1.4239 1.4453 1.4461 1.4461 1.4461 1.4461 0.1906 0.1239 0.0906 0.0698 0.0602 0.0567 0.0563 0.0563 0.0563 0.0563 0.0563  
70129 35 0.7512 0.8446 0.3966 0.7212 7285943.6858 26110.8595 41668181.0939 5785.9626 421080.6370 5298659.9800 7654395.7161 9111894.0646 8716842.3488 8309872.8744 8132740.3850 8059144.0123 7921540.6785 7759016.4894 2.4387 0.3885 1.6593 1.6866 0.5845 0.4492 0.1862 0.0503 0.0266 0.0241 0.0238 0.5361 0.0143 0.1166 0.2528 0.3540 0.4233 0.4819 0.5056 0.5108 0.5152 0.5201 1.4702 0.1352 0.1120 0.0839 0.0749 0.0710 0.0678 0.0662 0.0659 0.0658 0.0658 0.0804  
70129 36 0.8500 0.8980 0.0548 0.0951 55180593.8796 418497.6229 85419918.0136 104958.6880 7640372237.5319 13236630944.3512 8393230828.1932 3090999658.4395 265050791.5876 50406892.1655 45553881.7197 45319000.9970 45319000.9970 45315608.0738 0.0000 0.0930 0.0947 0.1270 0.1280 0.1290 0.1333 0.1338 0.1339 0.1339 0.1339 0.0000 0.0007 0.0052 0.0090 0.0170 0.0213 0.0216 0.0216 0.0216 0.0216 0.0216 1.4359 0.1945 0.1702 0.1340 0.1335 0.1280 0.1032 0.1000 0.0998 0.0998 0.0998 0.0000  
78889 4 1.0339 1.0201 0.0172 0.0167 19867715.0715 16227469.7694 1395158395.5523 211622.0933 402759.5297 41272806.9059 108080915.4668 119643494.6355 120181344.9075 120184654.9610 120184654.9610 120184654.9610 120184654.9610 120184654.9610 183.4637 0.2122 0.0251 0.0174 0.0158 0.0158 0.0158 0.0158 0.0158 0.0158 0.0158 0.0158 0.0406 0.5074 1.2979 1.5276 1.5375 1.5376 1.5376 1.5376 1.5376 1.5376 1.5376 0.1126 0.0763 0.0600 0.0564 0.0563 0.0563 0.0563 0.0563 0.0563 0.0563 0.0565  
78889 12 0.9383 0.9520 0.0024 0.0023 10786067.7914 43008.7473 3972967641.8225 1025749.2501 3468796.8665 195580260.8243 3061967429.0096 3354554995.9047 1875929293.0822 1299434306.6143 742136988.6403 321650972.3964 110417325.6201 43378110.5705 1.6878 0.2193 0.0054 0.0023 0.0024 0.0026 0.0027 0.0027 0.0027 0.0027 0.0029 0.0487 0.0185 0.1363 0.2773 0.3800 0.4347 0.4708 0.5142 0.5471 0.5637 0.5690 1.1640 0.1815 0.0766 0.0731 0.0712 0.0671 0.0660 0.0659 0.0658 0.0657 0.0653 0.0846  
78889 15 1.0243 0.9978 0.0022 0.0044 14043301.0764 0.0000 3247071162.8863 1647962.5727 1488711350.0838 18428344610.3278 26936277703.6442 16337337359.0285 4896144137.6512 304709178.5038 5542948.0166 151056.7966 155478.6200 161509.9988 0.0000 0.1346 0.0008 0.0002 0.0003 0.0010 0.0160 0.7947 8.9264 8.6093 8.1974 0.0000 0.0037 0.0340 0.0805 0.1143 0.1546 0.1709 0.1721 0.1732 0.1763 0.1805 1.6453 0.2827 0.1827 0.1505 0.1341 0.1333 0.1333 0.1326 0.1134 0.1124 0.1112 0.0000  
78889 29 0.6772 0.9259 0.0243 0.0330 11087989.4764 396137.7401 53751355.1970 55544.7115 36410.7845 5116382.1872 110233493.9942 284313913.3801 344066098.9558 271575400.6033 137505776.4706 38556886.9575 5957059.5697 1165448.9157 0.0000 6.2666 1.2194 0.0410 0.0244 0.0256 0.0413 0.0731 0.1704 0.4874 0.9669 6.0145 0.0008 0.0083 0.0282 0.0621 0.1093 0.1667 0.2325 0.3028 0.3770 0.4303 2.5550 0.3241 0.1138 0.0828 0.0751 0.0664 0.0601 0.0568 0.0557 0.0545 0.0532 0.0367  
78889 30 1.1859 0.9052 0.0214 0.0293 87031466.1114 41642.2751 865860548.9563 128345.0886 1618152.9538 21909955.0637 23802806.6378 43094657.5172 86749992.5835 112016896.0240 116220302.4214 116414499.5487 116414499.5487 116414499.5487 130.8895 0.0492 0.8538 1.7308 0.4763 0.0491 0.0200 0.0183 0.0182 0.0182 0.0182 0.0182 0.0091 0.1159 0.3994 0.8385 1.2578 1.4239 1.4453 1.4461 1.4461 1.4461 1.4461 0.1906 0.1299 0.0948 0.0667 0.0585 0.0565 0.0563 0.0563 0.0563 0.0563 0.0563  
78889 35 0.8118 0.9140 0.3281 0.8361 5785722.9371 51886.8866 37608910.9721 4346.4175 458247.7474 5707249.7886 7115389.3475 6653765.5028 6550251.7940 7149684.9894 7385940.5372 7382156.1731 7262641.4734 7114297.4485 1.8816 0.4117 1.8855 2.1817 0.6323 0.4018 0.1478 0.0446 0.0283 0.0266 0.0264 0.5501 0.0143 0.1166 0.2528 0.3540 0.4233 0.4819 0.5056 0.5108 0.5152 0.5201 1.4702 0.1361 0.1124 0.0858 0.0758 0.0702 0.0672 0.0661 0.0659 0.0658 0.0658 0.0844  
78889 36 0.8926 0.9348 0.0548 0.0946 47405132.2720 445136.0518 74276790.7240 89213.0174 7228379908.0974 12134689472.4795 7359314732.8764 2707109297.4861 228588414.6852 40333279.8745 36076910.1406 35871292.9552 35871292.9552 35868607.3588 0.0000 0.0927 0.0944 0.1257 0.1272 0.1282 0.1332 0.1339 0.1340 0.1340 0.1340 0.0000 0.0007 0.0052 0.0090 0.0170 0.0213 0.0216 0.0216 0.0216 0.0216 0.0216 1.4359 0.1945 0.1718 0.1340 0.1335 0.1284 0.1035 0.1000 0.0998 0.0998 0.0998 0.0000  
87673 4 0.9589 0.9788 0.0177 0.0170 20122510.6418 15060383.0553 1374035556.2954 218786.9075 194734.1981 23216906.7730 92194628.6551 119448648.3182 120933726.0699 120941605.0783 120941605.0783 120941605.0783 120941605.0783 120941605.0783 184.4172 0.2371 0.0265 0.0179 0.0161 0.0161 0.0161 0.0161 0.0161 0.0161 0.0161 0.0161 0.0406 0.5074 1.2979 1.5276 1.5375 1.5376 1.5376 1.5376 1.5376 1.5376 1.5376 0.1126 0.0729 0.0589 0.0564 0.0563 0.0563 0.0563 0.0563 0.0563 0.0563 0.0564  
87673 12 0.9410 0.9522 0.0026 0.0025 10776079.2624 45139.6503 3768701173.8039 962507.5125 3818430.8005 173203643.2228 2600974446.4450 3013743735.4669 1880498694.8244 1338124143.4715 765143017.5947 331406151.9175 113515967.0915 44364197.1778 1.7503 0.2058 0.0060 0.0024 0.0026 0.0027 0.0028 0.0028 0.0028 0.0029 0.0030 0.0408 0.0185 0.1363 0.2773 0.3800 0.4347 0.4708 0.5142 0.5471 0.5637 0.5690 1.1640 0.1795 0.0781 0.0731 0.0709 0.0669 0.0659 0.0659 0.0658 0.0657 0.0654 0.0934  
87673 15 0.9838 0.9874 0.0022 0.0043 13544882.3421 0.0000 3218114340.1493 1687973.4058 914148009.7318 17636418633.4230 27301163584.2347 16170785774.2949 4840726735.5435 301258806.2253 5478264.8235 145685.8547 145037.9929 144154.3801 0.0000 0.1580 0.0006 0.0001 0.0002 0.0009 0.0161 0.8085 9.0275 8.8865 8.6896 0.0000 0.0037 0.0340 0.0805 0.1143 0.1546 0.1709 0.1721 0.1732 0.1763 0.1805 1.6453 0.2810 0.1796 0.1505 0.1341 0.1333 0.1333 0.1326 0.1137 0.1132 0.1126 0.0000  
87673 29 0.7397 0.9291 0.0262 0.0350 7489292.2002 283948.3128 50588862.3364 37616.4675 12416.0972 3813008.2876 85283296.3928 242564391.2405 317522477.7433 256444566.8913 130336290.8025 36427714.4433 5540392.9997 1051183.0789 0.0000 6.2491 0.7574 0.0445 0.0293 0.0273 0.0394 0.0560 0.0937 0.2244 0.4582 6.8360 0.0008 0.0083 0.0282 0.0621 0.1093 0.1667 0.2325 0.3028 0.3770 0.4303 2.5550 0.3270 0.1034 0.0822 0.0742 0.0660 0.0600 0.0569 0.0559 0.0554 0.0551 0.0367  
87673 30 1.0112 0.9267 0.0157 0.0229 56325011.5331 41843.2523 827091652.1968 152198.0297 985799.1176 10276362.2621 5210319.3897 18249685.4899 72141880.7297 109016787.1240 115037069.9239 115307517.6912 115307517.6912 115307517.6912 129.6449 0.0767 1.3550 2.9254 0.3801 0.0299 0.0191 0.0185 0.0185 0.0185 0.0185 0.0185 0.0091 0.1159 0.3994 0.8385 1.2578 1.4239 1.4453 1.4461 1.4461 1.4461 1.4461 0.1899 0.1357 0.1040 0.0622 0.0571 0.0564 0.0563 0.0563 0.0563 0.0563 0.0563  
87673 35 0.9131 0.9336 0.2505 0.8211 4346169.3643 138875.6901 30424341.8700 3528.3996 397680.3377 4886630.9633 6204479.0949 6053430.9902 6042292.4712 6572639.3022 6780037.0563 6775076.1717 6665294.6661 6529209.0496 1.6894 0.3978 1.9812 2.3023 0.5540 0.3141 0.1115 0.0367 0.0253 0.0241 0.0240 0.4531 0.0143 0.1166 0.2528 0.3540 0.4233 0.4819 0.5056 0.5108 0.5152 0.5201 1.4702 0.1364 0.1125 0.0860 0.0759 0.0699 0.0670 0.0661 0.0659 0.0658 0.0658 0.0854  
87673 36 0.8583 0.8971 0.0550 0.0944 31734209.2478 361259.3722 65103358.6161 79632.4445 6047942409.8090 10346329709.4405 6446484408.8819 2369763651.9026 197307770.3636 32299689.8681 28568927.5361 28389006.0316 28389006.0316 28386880.6159 0.0000 0.0923 0.0944 0.1272 0.1282 0.1290 0.1334 0.1341 0.1341 0.1341 0.1341 0.0000 0.0007 0.0052 0.0090 0.0170 0.0213 0.0216 0.0216 0.0216 0.0216 0.0216 1.4359 0.1945 0.1711 0.1340 0.1335 0.1289 0.1038 0.1000 0.0998 0.0998 0.0998 0.0000  
96433 4 0.9935 0.9835 0.0168 0.0159 18528245.1986 14457292.5180 1348735121.6905 209794.6401 198124.2212 23973296.9033 89671037.9996 116427689.2436 117964377.9882 117973014.2364 117973014.2364 117973014.2364 117973014.2364 117973014.2364 179.9019 0.2305 0.0240 0.0162 0.0154 0.0153 0.0153 0.0153 0.0153 0.0153 0.0153 0.0153 0.0406 0.5074 1.2979 1.5276 1.5375 1.5376 1.5376 1.5376 1.5376 1.5376 1.5376 0.1125 0.0746 0.0587 0.0564 0.0563 0.0563 0.0563 0.0563 0.0563 0.0563 0.0564  
96433 12 0.9337 0.9550 0.0027 0.0026 10792280.2332 69170.7439 3564852899.4814 905676.9473 10118094.0726 177810955.9795 2235050823.1195 2724901645.1093 1855700263.8665 1345839249.7909 770186351.8971 333440471.4887 114038763.8207 44407303.2781 2.9177 0.1768 0.0082 0.0025 0.0027 0.0029 0.0029 0.0029 0.0030 0.0030 0.0031 0.0266 0.0185 0.1363 0.2773 0.3800 0.4347 0.4708 0.5142 0.5471 0.5637 0.5690 1.1640 0.1840 0.0830 0.0731 0.0706 0.0668 0.0659 0.0659 0.0658 0.0657 0.0654 0.1007  
96433 15 0.9895 0.9885 0.0017 0.0037 11487272.6760 0.0000 3178579472.0666 1660705.3494 889259678.5276 16943664443.7659 27297292514.3000 15889089921.2710 4752274374.0017 295725474.9918 5347653.2707 112089.4034 110308.4117 107879.2089 0.0000 0.1792 0.0007 0.0001 0.0002 0.0008 0.0137 0.6991 8.9954 8.9197 8.8112 0.0000 0.0037 0.0340 0.0805 0.1143 0.1546 0.1709 0.1721 0.1732 0.1763 0.1805 1.6453 0.2828 0.1781 0.1506 0.1341 0.1333 0.1333 0.1328 0.1138 0.1135 0.1131 0.0000  
96433 29 0.8623 0.9262 0.0301 0.0424 7348479.8945 208600.9791 47770508.5827 27826.1375 19269.5918 2803762.1626 64482604.6884 203667953.0450 288617920.5462 241570355.7890 124575957.2191 34960435.0794 5324889.6025 1009874.5062 0.0000 6.2347 1.0752 0.0597 0.0353 0.0314 0.0443 0.0607 0.0960 0.2173 0.4350 6.9370 0.0008 0.0083 0.0282 0.0621 0.1093 0.1667 0.2325 0.3028 0.3770 0.4303 2.5550 0.3344 0.1115 0.0818 0.0732 0.0655 0.0599 0.0568 0.0559 0.0554 0.0552 0.0367  
96433 30 0.9387 0.9595 0.0166 0.0202 51030539.3800 32236.0032 772564911.7638 153908.6208 1197761.2451 14583665.8940 7470415.8576 12627023.8399 64265260.4474 102360736.5376 108661756.3988 108945685.0832 108945685.0832 108945685.0832 122.4920 0.0688 1.1687 2.7344 0.4795 0.0232 0.0186 0.0184 0.0184 0.0184 0.0184 0.0184 0.0091 0.1159 0.3994 0.8385 1.2578 1.4239 1.4453 1.4461 1.4461 1.4461 1.4461 0.1894 0.1361 0.1108 0.0607 0.0565 0.0563 0.0563 0.0563 0.0563 0.0563 0.0563  
96433 35 0.8733 0.8954 0.2304 0.7465 3528175.5010 150893.8276 26176997.7117 3221.6195 271818.0852 3503988.1014 4795131.8450 4673439.4082 5007674.0468 5854930.0987 6189386.8590 6207924.9829 6109789.2314 5985395.2527 1.2933 0.3620 1.8255 2.0742 0.4989 0.2976 0.1030 0.0357 0.0255 0.0245 0.0244 0.4285 0.0143 0.1166 0.2528 0.3540 0.4233 0.4819 0.5056 0.5108 0.5152 0.5201 1.4702 0.1352 0.1122 0.0857 0.0756 0.0696 0.0669 0.0660 0.0659 0.0658 0.0658 0.0839  
96433 36 0.8964 0.9146 0.0549 0.0944 422207.3494 323354.8126 59441536.8487 68351.2978 5075408437.7094 9025602453.7840 5922799498.6386 2175591765.2968 177831575.6645 26092442.3556 22661686.7301 22496593.6346 22496593.6346 22494909.3695 0.0000 0.0927 0.0944 0.1259 0.1272 0.1279 0.1321 0.1328 0.1328 0.1328 0.1328 0.0000 0.0007 0.0052 0.0090 0.0170 0.0213 0.0216 0.0216 0.0216 0.0216 0.0216 1.4359 0.1945 0.1706 0.1340 0.1335 0.1294 0.1043 0.1001 0.0998 0.0998 0.0998 0.0000  
