8761 4 0.7814 0.7942 0.1672 0.2000 24003879.2144 22895698.4783 267417414.2261 27584.9570 595137.2590 30643267.9077 36162513.8200 12157032.0725 10372641.5231 10361184.1611 10361184.1611 10361184.1611 10361184.1611 10361184.1611 16.5936 0.5313 0.2697 0.2421 0.2078 0.1968 0.1967 0.1967 0.1967 0.1967 0.1967 0.2023 0.0406 0.5074 1.2979 1.5276 1.5375 1.5376 1.5376 1.5376 1.5376 1.5376 1.5376 0.1132 0.0801 0.0662 0.0578 0.0563 0.0563 0.0563 0.0563 0.0563 0.0563 0.0624  
8761 12 1.6088 0.6937 0.0171 0.0299 16560921.6974 3497856.1299 1287914829.8962 42479.8223 751573891.6730 4024826655.2235 1656000200.0111 362042973.5663 94994871.5736 53192690.0715 32861417.0084 18083503.3046 10657873.5263 8300663.4638 153.4667 0.5639 0.0190 0.0265 0.0409 0.0457 0.0470 0.0479 0.0498 0.0525 0.0543 0.0361 0.0185 0.1363 0.2773 0.3800 0.4347 0.4708 0.5142 0.5471 0.5637 0.5690 1.1640 0.1876 0.1140 0.0851 0.0732 0.0676 0.0657 0.0651 0.0639 0.0620 0.0608 0.1106  
8761 15 0.5279 0.6264 0.2012 0.1792 584467948.4632 0.0000 1624845585.1190 317031.6937 1078564957.9930 12625150168.4453 8026849084.8308 3145513487.9534 1537304640.4385 927068385.9082 885621534.6960 876658204.0197 852514577.2024 819583339.6817 0.0000 1.1177 0.0103 0.0024 0.0363 0.2496 0.4583 0.4784 0.4791 0.4799 0.4811 0.0000 0.0037 0.0340 0.0805 0.1143 0.1546 0.1709 0.1721 0.1732 0.1763 0.1805 1.6453 0.2765 0.2016 0.1550 0.1330 0.1232 0.1147 0.1139 0.1138 0.1138 0.1137 0.0000  
8761 29 1.3008 0.6437 0.0561 0.1183 74517544.7536 203281979.7040 213829456.1279 166488.9378 2366853.1492 328397154.1176 807604594.2758 724631427.9530 506640076.3641 340492876.4108 231053764.0566 169191908.8928 142482211.8686 133369404.2168 1.7348 4.9680 1.3200 0.2720 0.0743 0.0488 0.0978 0.2918 0.5246 0.6504 0.6958 0.8185 0.0008 0.0083 0.0282 0.0621 0.1093 0.1667 0.2325 0.3028 0.3770 0.4303 2.5550 0.1651 0.1183 0.1036 0.0843 0.0695 0.0597 0.0529 0.0479 0.0442 0.0421 0.0367  
8761 30 0.0928 0.8895 0.0168 0.0367 20858063.5096 29210.5239 168597899.5023 2902.1283 10.5735 4692.4032 1137472.3489 10261000.5590 19843863.3452 21457700.1203 21439041.0008 21432574.1417 21432574.1417 21432574.1417 24.0975 1.2055 3.3841 0.8501 0.1975 0.0627 0.0301 0.0245 0.0243 0.0243 0.0243 0.0243 0.0091 0.1159 0.3994 0.8385 1.2578 1.4239 1.4453 1.4461 1.4461 1.4461 1.4461 0.1352 0.0846 0.0688 0.0638 0.0595 0.0568 0.0563 0.0563 0.0563 0.0563 0.0563  
8761 35 1.1537 0.4747 0.2786 0.5470 12228279.7946 1891533.5161 107065783.6695 14485.1683 4831963.6903 55498236.7029 62847810.6903 65394832.3215 44790136.5835 23043675.0162 14327348.2203 12865539.2408 12513387.0198 12249594.4997 18.5905 0.4966 1.6147 1.7077 0.2488 0.1898 0.1327 0.0631 0.0438 0.0416 0.0414 0.2002 0.0143 0.1166 0.2528 0.3540 0.4233 0.4819 0.5056 0.5108 0.5152 0.5201 1.4702 0.1344 0.1130 0.0842 0.0759 0.0726 0.0699 0.0668 0.0660 0.0659 0.0658 0.0817  
8761 36 0.3378 0.5430 0.0443 0.1025 171750449.2902 2284346.0125 282502671.7031 59584.0058 30771300620.2011 47712228930.1018 25435219086.4267 9418238205.8323 895885303.7806 248573126.5991 233937624.7228 233219648.2444 233219648.2444 233202187.6571 0.0000 1.3292 0.1366 0.1412 0.1414 0.1444 0.1520 0.1526 0.1526 0.1526 0.1526 0.0000 0.0007 0.0052 0.0090 0.0170 0.0213 0.0216 0.0216 0.0216 0.0216 0.0216 1.4359 0.1897 0.1718 0.1292 0.1283 0.1197 0.0978 0.0961 0.0960 0.0960 0.0960 0.0000  
17545 4 7.9032 2.3468 0.0477 0.0536 16285013.5766 5414567.3247 662262892.3270 10553.9528 2081078.8754 101779480.0985 113987824.5812 41884296.9554 36647028.4629 36613158.5015 36613158.5015 36613158.5015 36613158.5015 36613158.5015 58.6620 0.1857 0.0440 0.0382 0.0323 0.0304 0.0303 0.0303 0.0303 0.0303 0.0303 0.0304 0.0406 0.5074 1.2979 1.5276 1.5375 1.5376 1.5376 1.5376 1.5376 1.5376 1.5376 0.1136 0.0806 0.0659 0.0577 0.0563 0.0563 0.0563 0.0563 0.0563 0.0563 0.0618  
17545 12 1.7290 1.7986 0.0082 0.0122 17955683.3262 194573.9959 3258517106.4504 680414.6463 1369303778.9891 7430667047.5108 4987254736.7940 1826082965.6578 343532749.7786 129327250.0637 73162899.0960 35127646.9743 16018753.0494 9953683.2031 253.2907 0.1173 0.0039 0.0076 0.0124 0.0145 0.0156 0.0159 0.0164 0.0172 0.0179 0.0046 0.0185 0.1363 0.2773 0.3800 0.4347 0.4708 0.5142 0.5471 0.5637 0.5690 1.1640 0.1887 0.1083 0.0819 0.0741 0.0700 0.0661 0.0654 0.0645 0.0629 0.0615 0.1105  
17545 15 1.1941 1.3392 0.1579 0.1403 299430841.7856 64867.2906 1646780312.9777 532193.3429 2342740384.0588 24499683186.8309 11829734042.0481 3974563567.8712 1507405764.6405 573487366.9375 511640396.6777 505674061.7338 491418045.9324 471973230.5165 0.0000 0.2037 0.0015 0.0004 0.0146 0.1422 0.3975 0.4372 0.4382 0.4389 0.4400 0.0000 0.0037 0.0340 0.0805 0.1143 0.1546 0.1709 0.1721 0.1732 0.1763 0.1805 1.6453 0.2844 0.2035 0.1567 0.1342 0.1270 0.1157 0.1139 0.1139 0.1138 0.1137 0.0000  
17545 29 1.0376 0.8615 0.0566 0.0950 33130701.9212 589830.4093 184060431.2258 142383.5470 843586.0137 123728355.8568 463535050.1699 647363287.0250 551798637.2015 362797737.1967 223836160.9745 149209991.8676 113847812.7646 99785260.8292 1.0553 3.5630 0.6096 0.2948 0.0548 0.0112 0.0155 0.0433 0.1040 0.1900 0.2524 0.4604 0.0008 0.0083 0.0282 0.0621 0.1093 0.1667 0.2325 0.3028 0.3770 0.4303 2.5550 0.2278 0.1134 0.0971 0.0808 0.0691 0.0605 0.0540 0.0487 0.0446 0.0424 0.0367  
17545 30 1.0571 1.6029 0.0030 0.0067 2892604.1686 1607454.9207 173692252.6344 29038.3184 1625067.6907 45422317.3235 68969603.9505 25381563.1061 16889066.1869 21787931.4105 22849638.4160 22900369.0570 22900369.0570 22900369.0570 25.7478 0.0063 0.0293 0.1016 0.0667 0.0072 0.0037 0.0031 0.0031 0.0031 0.0031 0.0031 0.0091 0.1159 0.3994 0.8385 1.2578 1.4239 1.4453 1.4461 1.4461 1.4461 1.4461 0.1859 0.1293 0.1023 0.0761 0.0582 0.0564 0.0563 0.0563 0.0563 0.0563 0.0563  
17545 35 1.0114 0.7847 0.2427 0.3232 11881753.4455 2589.3570 90000823.6718 11089.4824 606778.8483 10090400.5034 36251654.1212 56939866.4080 43250969.2380 22093862.4646 13520136.6396 12085034.6800 11747404.7369 11498501.8914 14.8559 0.4006 1.4569 0.7300 0.2007 0.1957 0.1292 0.0390 0.0124 0.0093 0.0089 0.1844 0.0143 0.1166 0.2528 0.3540 0.4233 0.4819 0.5056 0.5108 0.5152 0.5201 1.4702 0.1315 0.1080 0.0810 0.0747 0.0726 0.0701 0.0670 0.0660 0.0659 0.0658 0.0769  
17545 36 0.9206 0.9399 0.0183 0.0789 59585394.4495 1607014.9284 277779065.5866 294506.1263 25398195873.6031 42749011692.9569 26031472482.7679 9615760658.1386 869836189.2575 205542725.9142 190523303.2653 189791436.2178 189791436.2178 189777226.9950 0.0000 0.0661 0.0711 0.0934 0.0950 0.0974 0.1055 0.1063 0.1063 0.1063 0.1063 0.0000 0.0007 0.0052 0.0090 0.0170 0.0213 0.0216 0.0216 0.0216 0.0216 0.0216 1.4359 0.1944 0.1728 0.1338 0.1331 0.1259 0.1022 0.0999 0.0997 0.0997 0.0997 0.0000  
26305 4 1.8493 1.3270 0.0259 0.0249 10368733.5555 51735696.2564 981149067.1710 83410.1675 1593787.8926 87652208.2353 123329487.1062 75373569.1068 71732789.3397 71708668.7188 71708668.7188 71708668.7188 71708668.7188 71708668.7188 111.3934 0.1854 0.0286 0.0224 0.0203 0.0200 0.0200 0.0200 0.0200 0.0200 0.0200 0.0201 0.0406 0.5074 1.2979 1.5276 1.5375 1.5376 1.5376 1.5376 1.5376 1.5376 1.5376 0.1148 0.0786 0.0639 0.0570 0.0563 0.0563 0.0563 0.0563 0.0563 0.0563 0.0583  
26305 12 1.0096 0.9476 0.0048 0.0058 20076486.6668 194495.4904 4500113337.6640 1176468.9756 33351598.0694 2174301936.5548 6874457124.1424 4137771428.3818 960970897.6752 432307584.5071 241871115.2224 107477060.8639 39962124.3457 18534538.7987 8.6312 0.0729 0.0032 0.0044 0.0057 0.0062 0.0066 0.0067 0.0070 0.0075 0.0083 0.0199 0.0185 0.1363 0.2773 0.3800 0.4347 0.4708 0.5142 0.5471 0.5637 0.5690 1.1640 0.1376 0.0903 0.0784 0.0735 0.0698 0.0662 0.0657 0.0654 0.0646 0.0633 0.1057  
26305 15 0.9219 1.0305 0.3025 0.4219 532136924.8988 0.0000 1519201048.8467 635517.7059 1675662629.5789 24455710385.4496 15924700494.6572 4968098154.3763 1455011513.6783 126179563.2132 39585919.3963 37974809.4590 37827886.7595 37627502.3371 0.0000 0.2476 0.0012 0.0005 0.0178 0.2217 1.4946 2.4570 2.4846 2.4600 2.4250 0.0000 0.0037 0.0340 0.0805 0.1143 0.1546 0.1709 0.1721 0.1732 0.1763 0.1805 1.6453 0.2744 0.1941 0.1570 0.1349 0.1313 0.1211 0.1141 0.1138 0.1136 0.1134 0.0000  
26305 29 0.9349 0.8758 0.0330 0.1065 27856122.5872 763304.1055 158461391.9730 147734.6965 125813.5221 22511923.1610 233374170.3592 537695946.4349 577349049.9784 381666935.7956 216763687.6372 131381928.4050 90219346.2489 73482732.6836 0.6135 4.9937 1.3872 0.3574 0.0454 0.0101 0.0150 0.0449 0.1103 0.2020 0.2705 0.5057 0.0008 0.0083 0.0282 0.0621 0.1093 0.1667 0.2325 0.3028 0.3770 0.4303 2.5550 0.2667 0.1097 0.0880 0.0768 0.0679 0.0610 0.0546 0.0492 0.0451 0.0428 0.0367  
26305 30 1.3602 1.1852 0.0033 0.0219 29019809.7276 2791139.3358 207001319.7035 30696.0492 2110060.7713 51216391.3322 92459703.4635 53953735.2895 28355917.3191 23823085.4401 23580804.7794 23578231.0015 23578231.0015 23578231.0015 26.5100 0.0137 0.1205 0.3768 0.2733 0.0473 0.0113 0.0100 0.0100 0.0100 0.0100 0.0100 0.0091 0.1159 0.3994 0.8385 1.2578 1.4239 1.4453 1.4461 1.4461 1.4461 1.4461 0.1914 0.1271 0.0960 0.0750 0.0609 0.0566 0.0563 0.0563 0.0563 0.0563 0.0563  
26305 35 0.9040 0.8768 0.2520 0.3115 10496221.3288 3510.2429 76694209.0362 11215.6562 459495.6554 6046367.1466 24660100.2560 46861105.4418 37357873.4820 19710780.9333 12528767.2012 11319839.7272 11017015.6430 10784425.7943 11.7969 0.3873 1.5642 0.7008 0.2102 0.2017 0.1313 0.0398 0.0135 0.0104 0.0101 0.1977 0.0143 0.1166 0.2528 0.3540 0.4233 0.4819 0.5056 0.5108 0.5152 0.5201 1.4702 0.1371 0.1096 0.0798 0.0742 0.0726 0.0700 0.0669 0.0660 0.0659 0.0658 0.0763  
26305 36 0.9475 0.8871 0.0481 0.0950 182499692.5381 1154248.6982 268776746.2104 271111.2840 16083219266.6228 34181530369.8033 27123768614.5217 10001774275.1294 860182412.3611 165836188.0073 150137303.8024 149377216.9586 149377216.9586 149366033.4501 0.0000 0.0986 0.1004 0.1340 0.1349 0.1358 0.1392 0.1396 0.1396 0.1396 0.1396 0.0000 0.0007 0.0052 0.0090 0.0170 0.0213 0.0216 0.0216 0.0216 0.0216 0.0216 1.4359 0.1945 0.1668 0.1340 0.1335 0.1276 0.1030 0.1000 0.0999 0.0999 0.0999 0.0000  
35065 4 1.0638 1.0505 0.0346 0.0323 33650870.1138 10845944.6353 1118514867.7561 154248.4023 529761.5358 38968678.9756 91599161.2828 91761047.5479 91297833.7588 91292602.6148 91292602.6148 91292602.6148 91292602.6148 91292602.6148 139.9391 0.2236 0.0460 0.0363 0.0301 0.0296 0.0296 0.0296 0.0296 0.0296 0.0296 0.0297 0.0406 0.5074 1.2979 1.5276 1.5375 1.5376 1.5376 1.5376 1.5376 1.5376 1.5376 0.1120 0.0763 0.0612 0.0565 0.0563 0.0563 0.0563 0.0563 0.0563 0.0563 0.0569  
35065 12 0.9834 0.9495 0.0025 0.0027 11511516.7195 43296.1012 4772524029.3920 1187711.6536 2233221.1290 448881752.7271 5176931822.8810 4665792214.9426 1696994129.4033 1010959086.6488 573475650.5697 249958299.5578 87436754.2241 35857099.0802 1.8914 0.1663 0.0022 0.0022 0.0023 0.0025 0.0026 0.0027 0.0027 0.0028 0.0030 0.0818 0.0185 0.1363 0.2773 0.3800 0.4347 0.4708 0.5142 0.5471 0.5637 0.5690 1.1640 0.1625 0.0805 0.0744 0.0725 0.0685 0.0661 0.0659 0.0657 0.0654 0.0647 0.0707  
35065 15 1.2562 1.0783 0.0230 0.1000 100216133.4564 0.0000 1765033356.2803 585864.4455 1324099001.3272 26416829253.4769 18231236788.3959 6365348911.3205 1847618037.6883 115126820.3366 2276483.8513 410178.8547 904350.6919 1578395.2846 0.0000 0.3261 0.0012 0.0005 0.0018 0.0186 0.3257 3.1057 4.8541 3.9767 3.3417 0.0000 0.0037 0.0340 0.0805 0.1143 0.1546 0.1709 0.1721 0.1732 0.1763 0.1805 1.6453 0.2714 0.1919 0.1565 0.1350 0.1333 0.1323 0.1221 0.1117 0.1092 0.1073 0.0000  
35065 29 0.8870 0.9197 0.0219 0.0436 25803277.2683 882788.2701 135471431.8500 138120.2435 71076.1831 7235552.3692 141679435.5374 450601031.0161 579315423.1964 388389591.8362 207533329.3555 113900254.5666 69126932.3122 51394183.5875 0.3182 6.0427 1.5412 0.1173 0.0204 0.0100 0.0164 0.0513 0.1297 0.2397 0.3247 0.6198 0.0008 0.0083 0.0282 0.0621 0.1093 0.1667 0.2325 0.3028 0.3770 0.4303 2.5550 0.3092 0.1174 0.0832 0.0738 0.0670 0.0612 0.0551 0.0498 0.0456 0.0433 0.0367  
35065 30 1.3174 1.2134 0.0024 0.0160 30682552.3262 2436886.9058 275062783.8410 41751.7632 2212687.4457 61398470.9164 121358440.4573 79070091.1054 42063623.0401 31107747.6511 29839026.9674 29790273.4594 29790273.4594 29790273.4594 33.4944 0.0072 0.0928 0.2817 0.1622 0.0333 0.0077 0.0059 0.0058 0.0058 0.0058 0.0058 0.0091 0.1159 0.3994 0.8385 1.2578 1.4239 1.4453 1.4461 1.4461 1.4461 1.4461 0.1917 0.1266 0.0947 0.0733 0.0617 0.0569 0.0563 0.0563 0.0563 0.0563 0.0563  
35065 35 0.8734 0.8721 0.2798 0.3467 9428957.0716 3293.5745 69486338.5225 10138.9489 422571.0667 3535297.1758 16489419.2138 37320881.7107 31090703.5766 17217752.2082 11550270.8681 10586999.6478 10320540.5938 10103877.4844 9.1376 0.5090 1.7926 0.8022 0.2331 0.2196 0.1377 0.0406 0.0144 0.0114 0.0111 0.2258 0.0143 0.1166 0.2528 0.3540 0.4233 0.4819 0.5056 0.5108 0.5152 0.5201 1.4702 0.1434 0.1106 0.0791 0.0739 0.0724 0.0698 0.0668 0.0660 0.0659 0.0658 0.0760  
35065 36 0.8910 0.9035 0.0555 0.0990 175158478.2919 1083723.5134 246237872.8394 256880.9305 11962677381.5420 28910352205.2116 25389874750.7821 9352258254.7878 783856742.3074 133046983.1977 118332449.7823 117622255.7263 117622255.7263 117613449.6343 0.0000 0.0983 0.1003 0.1335 0.1344 0.1351 0.1386 0.1391 0.1391 0.1391 0.1391 0.0000 0.0007 0.0052 0.0090 0.0170 0.0213 0.0216 0.0216 0.0216 0.0216 0.0216 1.4359 0.1944 0.1625 0.1339 0.1335 0.1286 0.1036 0.1001 0.0999 0.0999 0.0999 0.0000  
43825 4 1.1964 1.0908 0.0220 0.0214 20301828.7816 17607075.5365 1237780276.3708 164092.7680 855536.2800 51097490.0772 102624836.2170 102752381.5248 102523100.7945 102521220.3931 102521220.3931 102521220.3931 102521220.3931 102521220.3931 157.5038 0.1873 0.0310 0.0210 0.0190 0.0189 0.0189 0.0189 0.0189 0.0189 0.0189 0.0190 0.0406 0.5074 1.2979 1.5276 1.5375 1.5376 1.5376 1.5376 1.5376 1.5376 1.5376 0.1115 0.0790 0.0612 0.0565 0.0563 0.0563 0.0563 0.0563 0.0563 0.0563 0.0569  
43825 12 0.9843 0.9509 0.0022 0.0022 11232078.6780 28690.1597 4784512748.4765 1167989.6742 1068621.4012 205645078.9420 3427246463.3132 3877136971.4098 2313198779.3639 1628837543.9648 931139276.5657 403667346.7236 138688642.2338 54592345.9591 1.4313 0.2344 0.0029 0.0021 0.0022 0.0023 0.0024 0.0024 0.0024 0.0025 0.0026 0.1002 0.0185 0.1363 0.2773 0.3800 0.4347 0.4708 0.5142 0.5471 0.5637 0.5690 1.1640 0.1896 0.0752 0.0732 0.0714 0.0673 0.0660 0.0659 0.0658 0.0656 0.0652 0.0568  
43825 15 1.3497 1.1149 0.0028 0.0085 24807074.9803 0.0000 2053533524.9924 735974.0627 1775251035.5508 30931165434.2194 20671740381.8055 7674677739.4700 2238332996.7906 139288129.2116 2535451.4442 147515.4011 375113.4933 685554.6051 0.0000 0.4704 0.0033 0.0005 0.0006 0.0013 0.0166 0.8062 5.4478 3.1386 2.1390 0.0000 0.0037 0.0340 0.0805 0.1143 0.1546 0.1709 0.1721 0.1732 0.1763 0.1805 1.6453 0.2731 0.1937 0.1558 0.1348 0.1333 0.1333 0.1325 0.1040 0.1011 0.1002 0.0000  
43825 29 0.9012 0.9240 0.0171 0.0283 24691538.1613 830220.9532 114768185.2261 122506.8754 32060.1974 3499646.9465 90740845.7805 380574375.0394 556698451.9271 384403604.2756 198324359.7009 97094407.5924 50235425.7140 33015499.9309 0.1362 6.3139 1.5034 0.0622 0.0183 0.0110 0.0191 0.0626 0.1629 0.3038 0.4166 0.8121 0.0008 0.0083 0.0282 0.0621 0.1093 0.1667 0.2325 0.3028 0.3770 0.4303 2.5550 0.3196 0.1172 0.0806 0.0716 0.0663 0.0613 0.0555 0.0505 0.0463 0.0439 0.0367  
43825 30 1.1437 1.1432 0.0022 0.0208 41737390.2278 2280785.7166 364360645.5688 55001.9830 2105756.6523 66914577.8386 131579836.7237 95391435.4835 56917919.8093 41596345.1004 39575993.4445 39494292.5790 39494292.5790 39494292.5790 44.4050 0.0139 0.1066 0.3325 0.1897 0.0425 0.0118 0.0091 0.0090 0.0090 0.0090 0.0090 0.0091 0.1159 0.3994 0.8385 1.2578 1.4239 1.4453 1.4461 1.4461 1.4461 1.4461 0.1908 0.1259 0.0938 0.0724 0.0616 0.0569 0.0563 0.0563 0.0563 0.0563 0.0563  
43825 35 0.8488 0.8921 0.3564 0.4732 9142284.1351 4054.9832 63726842.0567 8855.5997 773297.5433 4470782.0016 13426605.4341 28859569.1314 24510051.7778 14630382.9918 10588749.7512 9888753.1701 9659917.8576 9458643.7695 7.1246 0.4668 1.9155 1.2115 0.2887 0.2596 0.1540 0.0437 0.0164 0.0133 0.0129 0.2759 0.0143 0.1166 0.2528 0.3540 0.4233 0.4819 0.5056 0.5108 0.5152 0.5201 1.4702 0.1478 0.1128 0.0802 0.0740 0.0723 0.0695 0.0667 0.0660 0.0659 0.0658 0.0776  
43825 36 0.8962 0.9183 0.0582 0.1004 156691978.3391 974697.7838 220109382.6890 228874.5090 9640915109.3735 25286651905.1966 23434543144.9537 8623679548.6318 708082246.0672 106855991.8197 93262527.0135 92608042.7979 92608042.7979 92601109.4592 0.0000 0.0986 0.1009 0.1338 0.1348 0.1354 0.1387 0.1392 0.1392 0.1392 0.1392 0.0000 0.0007 0.0052 0.0090 0.0170 0.0213 0.0216 0.0216 0.0216 0.0216 0.0216 1.4359 0.1944 0.1604 0.1339 0.1336 0.1293 0.1042 0.1001 0.0999 0.0999 0.0999 0.0000  
52609 4 1.0323 1.0359 0.0208 0.0202 22117480.9021 17701300.9896 1312783783.0073 196314.9033 592388.8177 37613247.0893 97983848.7226 111100903.4794 111698637.1016 111702085.2124 111702085.2124 111702085.2124 111702085.2124 111702085.2124 170.9167 0.1642 0.0289 0.0211 0.0190 0.0189 0.0189 0.0189 0.0189 0.0189 0.0189 0.0189 0.0406 0.5074 1.2979 1.5276 1.5375 1.5376 1.5376 1.5376 1.5376 1.5376 1.5376 0.1103 0.0773 0.0603 0.0564 0.0563 0.0563 0.0563 0.0563 0.0563 0.0563 0.0567  
52609 12 0.9621 0.9517 0.0022 0.0021 11247745.6075 30291.7428 4639215615.1257 1149685.7044 936176.8285 137484756.1547 2400551775.7724 3273739706.8530 2570146027.0357 1914886623.8165 1097242049.9432 474957691.8650 162349741.2988 63137451.4566 1.1641 0.2478 0.0037 0.0021 0.0022 0.0023 0.0024 0.0024 0.0024 0.0024 0.0025 0.1076 0.0185 0.1363 0.2773 0.3800 0.4347 0.4708 0.5142 0.5471 0.5637 0.5690 1.1640 0.1904 0.0745 0.0729 0.0703 0.0666 0.0659 0.0659 0.0658 0.0657 0.0654 0.0551  
52609 15 1.1030 1.0038 0.0014 0.0036 8259811.6963 0.0000 2246191982.9878 993359.6938 1433765568.5000 28218229684.5156 22241390332.6534 9056069663.9367 2657150127.1279 165331987.3784 2978272.1165 85404.5140 185489.8786 322005.1436 0.0000 0.3212 0.0011 0.0003 0.0004 0.0009 0.0119 0.5981 6.6151 4.3005 3.0403 0.0000 0.0037 0.0340 0.0805 0.1143 0.1546 0.1709 0.1721 0.1732 0.1763 0.1805 1.6453 0.2682 0.1893 0.1551 0.1347 0.1333 0.1333 0.1328 0.1062 0.1023 0.1010 0.0000  
52609 29 0.8306 0.9184 0.0274 0.0385 24475259.0583 900078.1769 95504190.7670 110403.2575 22669.0010 1681250.8960 55259035.2605 318194970.7570 520220762.1592 374234835.1197 188110315.1472 79772682.5255 33245173.3814 18400132.8494 0.0427 6.2351 1.8940 0.0913 0.0258 0.0140 0.0247 0.0821 0.2223 0.4191 0.5749 1.1220 0.0008 0.0083 0.0282 0.0621 0.1093 0.1667 0.2325 0.3028 0.3770 0.4303 2.5550 0.3132 0.1227 0.0782 0.0697 0.0657 0.0611 0.0559 0.0514 0.0473 0.0448 0.0367  
52609 30 0.9451 1.0720 0.0021 0.0226 54979322.7121 1525426.4849 456346635.5273 62904.8325 1868009.4451 60550881.8955 121705184.5447 99873145.8348 67267379.2339 53243786.5797 51489794.7710 51423003.0811 51423003.0811 51423003.0811 57.8170 0.0149 0.1743 0.4714 0.2283 0.0455 0.0127 0.0100 0.0099 0.0099 0.0099 0.0099 0.0091 0.1159 0.3994 0.8385 1.2578 1.4239 1.4453 1.4461 1.4461 1.4461 1.4461 0.1888 0.1258 0.0931 0.0715 0.0613 0.0569 0.0563 0.0563 0.0563 0.0563 0.0563  
52609 35 0.7795 0.9140 0.4262 0.5728 8853724.8832 3284.7657 51059207.9057 7516.3099 1039835.5985 7465278.2737 12626234.7564 22079174.5541 18818983.2952 12327283.9329 9672750.4700 9197943.8456 9002882.9941 8816755.4261 5.6240 0.5082 1.7061 1.4735 0.3567 0.3077 0.1698 0.0464 0.0186 0.0155 0.0152 0.3352 0.0143 0.1166 0.2528 0.3540 0.4233 0.4819 0.5056 0.5108 0.5152 0.5201 1.4702 0.1451 0.1132 0.0822 0.0743 0.0721 0.0691 0.0665 0.0660 0.0659 0.0658 0.0796  
52609 36 0.8461 0.8853 0.0593 0.1011 138516474.7611 1023928.1989 187236432.2077 205106.4068 7719226518.4665 21124559251.5375 20076902576.5480 7384629741.6212 600296241.3757 84994710.5377 73343969.1371 72783678.6201 72783678.6201 72778229.4833 0.0000 0.0984 0.1013 0.1355 0.1361 0.1367 0.1403 0.1410 0.1410 0.1410 0.1410 0.0000 0.0007 0.0052 0.0090 0.0170 0.0213 0.0216 0.0216 0.0216 0.0216 0.0216 1.4359 0.1943 0.1583 0.1339 0.1336 0.1297 0.1047 0.1001 0.0999 0.0999 0.0999 0.0000  
61369 4 1.0340 1.0203 0.0193 0.0179 20278383.2736 16318596.7246 1350130425.5764 202662.3390 444085.7137 33119401.4991 98491962.6462 115386590.6728 116120693.3696 116124040.3623 116124040.3623 116124040.3623 116124040.3623 116124040.3623 177.5127 0.1635 0.0260 0.0185 0.0168 0.0167 0.0167 0.0167 0.0167 0.0167 0.0167 0.0168 0.0406 0.5074 1.2979 1.5276 1.5375 1.5376 1.5376 1.5376 1.5376 1.5376 1.5376 0.1095 0.0770 0.0597 0.0564 0.0563 0.0563 0.0563 0.0563 0.0563 0.0563 0.0566  
61369 12 0.9525 0.9525 0.0022 0.0022 11008894.1450 34469.4725 4454121146.3482 1106081.4258 1567074.1274 96026375.7343 1695226007.5408 2817247884.3101 2681150200.6929 2058399459.5535 1180889793.3616 510778312.9996 174144333.9905 67306965.3214 1.0116 0.2399 0.0052 0.0021 0.0022 0.0024 0.0024 0.0024 0.0024 0.0024 0.0025 0.1001 0.0185 0.1363 0.2773 0.3800 0.4347 0.4708 0.5142 0.5471 0.5637 0.5690 1.1640 0.1933 0.0755 0.0726 0.0694 0.0664 0.0659 0.0659 0.0659 0.0657 0.0655 0.0582  
61369 15 1.1294 1.0047 0.0013 0.0029 7885583.2886 0.0000 2503383770.7030 1095644.8087 1409562899.8625 26211651689.0205 21836683235.4566 11200832264.5022 3332057454.0035 207329983.8417 3733542.6764 78040.2229 121978.8508 181910.6420 0.0000 0.3895 0.0012 0.0002 0.0003 0.0008 0.0102 0.5232 7.7350 5.8919 4.5494 0.0000 0.0037 0.0340 0.0805 0.1143 0.1546 0.1709 0.1721 0.1732 0.1763 0.1805 1.6453 0.2705 0.1894 0.1537 0.1344 0.1333 0.1333 0.1330 0.1091 0.1048 0.1027 0.0000  
61369 29 0.7244 0.9138 0.0429 0.0645 21603155.2630 792373.4637 79557088.9993 91704.2777 20572.7086 576658.6476 32080285.6145 265456666.8128 474962181.5715 356440041.0102 175304526.9309 63281772.6522 20058527.8562 8939341.4473 0.0093 6.3262 2.8529 0.1769 0.0379 0.0178 0.0299 0.0953 0.2731 0.5452 0.7463 1.4918 0.0008 0.0083 0.0282 0.0621 0.1093 0.1667 0.2325 0.3028 0.3770 0.4303 2.5550 0.3141 0.1355 0.0748 0.0681 0.0653 0.0609 0.0564 0.0526 0.0487 0.0462 0.0367  
61369 30 1.2447 1.1732 0.0028 0.0237 62880732.0293 1124252.3113 547959643.7375 59448.7567 2644385.7312 89116048.0811 163609848.9235 114702018.7153 77516972.3593 65173552.3857 63537861.8975 63469397.0325 63469397.0325 63469397.0325 71.3612 0.0187 0.1523 0.4498 0.2449 0.0456 0.0143 0.0114 0.0113 0.0113 0.0113 0.0113 0.0091 0.1159 0.3994 0.8385 1.2578 1.4239 1.4453 1.4461 1.4461 1.4461 1.4461 0.1873 0.1267 0.0951 0.0720 0.0608 0.0568 0.0563 0.0563 0.0563 0.0563 0.0563  
61369 35 0.9233 0.8745 0.3217 0.5482 7515997.6883 31092.1659 47454984.7115 5859.3224 973486.1127 7327743.7806 9198534.3737 15797427.6159 14157371.9824 10370454.2224 8812412.2255 8516396.7978 8350407.2172 8179113.8058 4.0148 0.3788 1.2931 1.2797 0.3965 0.3413 0.1713 0.0457 0.0200 0.0172 0.0169 0.3759 0.0143 0.1166 0.2528 0.3540 0.4233 0.4819 0.5056 0.5108 0.5152 0.5201 1.4702 0.1442 0.1129 0.0823 0.0742 0.0718 0.0686 0.0664 0.0659 0.0658 0.0658 0.0792  
61369 36 0.8709 0.9163 0.0586 0.1009 117575745.7726 718170.7991 159652405.2471 173533.1193 7432078328.9046 18877252424.2228 17142706107.1509 6301200475.0894 507715262.8045 67673246.5881 57724091.7725 57246121.1366 57246121.1366 57241835.2589 0.0000 0.0985 0.1009 0.1342 0.1351 0.1356 0.1395 0.1402 0.1403 0.1403 0.1403 0.0000 0.0007 0.0052 0.0090 0.0170 0.0213 0.0216 0.0216 0.0216 0.0216 0.0216 1.4359 0.1944 0.1601 0.1339 0.1336 0.1300 0.1050 0.1001 0.0999 0.0999 0.0999 0.0000  
70129 4 1.0091 1.0033 0.0182 0.0175 20362563.8385 15603795.0540 1373674706.2196 209549.1433 299583.8256 26173011.6571 93823247.8120 117313957.4362 118499460.8740 118505581.0084 118505581.0084 118505581.0084 118505581.0084 118505581.0084 180.9998 0.1611 0.0261 0.0183 0.0167 0.0166 0.0166 0.0166 0.0166 0.0166 0.0166 0.0166 0.0406 0.5074 1.2979 1.5276 1.5375 1.5376 1.5376 1.5376 1.5376 1.5376 1.5376 0.1095 0.0760 0.0592 0.0564 0.0563 0.0563 0.0563 0.0563 0.0563 0.0563 0.0565  
70129 12 0.9450 0.9537 0.0023 0.0022 10898651.6361 46604.3143 4227485621.2437 1053513.1102 3383995.5595 79582627.9940 1272343940.0516 2493777312.1179 2665779323.3279 2077868017.9609 1192766642.3176 515725307.8604 175610172.8932 67668018.1050 1.1467 0.2312 0.0097 0.0021 0.0023 0.0024 0.0025 0.0025 0.0025 0.0025 0.0026 0.0749 0.0185 0.1363 0.2773 0.3800 0.4347 0.4708 0.5142 0.5471 0.5637 0.5690 1.1640 0.1913 0.0797 0.0723 0.0686 0.0662 0.0659 0.0659 0.0659 0.0658 0.0655 0.0717  
70129 15 1.1069 0.9854 0.0024 0.0039 10682682.1826 0.0000 2621662641.0440 1237420.8117 1385056303.2322 22671130817.5056 22281476132.2648 12544291487.4412 3748272092.1163 233270776.9695 4243135.2493 119785.7120 136187.3171 158558.9601 0.0000 0.4401 0.0014 0.0003 0.0005 0.0011 0.0138 0.6847 8.6430 7.7401 6.8060 0.0000 0.0037 0.0340 0.0805 0.1143 0.1546 0.1709 0.1721 0.1732 0.1763 0.1805 1.6453 0.2742 0.1883 0.1520 0.1341 0.1333 0.1333 0.1329 0.1121 0.1093 0.1069 0.0000  
70129 29 0.8418 0.9150 0.0357 0.0865 17638052.6401 564671.2657 67352274.0576 66426.5453 18940.0348 111666.6622 20608772.7154 224458024.3843 425027460.4702 332145279.9411 161867083.2207 50700955.9585 11718432.7498 3941836.6736 0.0010 6.3914 4.6096 0.2544 0.0419 0.0203 0.0329 0.0939 0.2814 0.6467 0.9348 2.2034 0.0008 0.0083 0.0282 0.0621 0.1093 0.1667 0.2325 0.3028 0.3770 0.4303 2.5550 0.3137 0.1610 0.0702 0.0670 0.0649 0.0606 0.0567 0.0540 0.0506 0.0481 0.0367  
70129 30 1.0772 0.9487 0.0018 0.0211 59430976.7373 1377353.5247 633909558.2141 73996.1332 959453.5862 37329031.7174 94794186.1042 111596871.2892 88501887.9536 76741873.6400 75349799.7394 75299248.9683 75299248.9683 75299248.9683 84.6620 0.0175 0.2043 0.4785 0.2324 0.0415 0.0118 0.0096 0.0095 0.0095 0.0095 0.0095 0.0091 0.1159 0.3994 0.8385 1.2578 1.4239 1.4453 1.4461 1.4461 1.4461 1.4461 0.1856 0.1226 0.0892 0.0704 0.0607 0.0568 0.0563 0.0563 0.0563 0.0563 0.0563  
70129 35 0.6478 0.9665 0.2095 0.6136 5859026.8353 105594.2828 38776723.0817 5410.1251 1666352.1173 12276698.1805 9010388.9505 12668138.2690 11438050.5699 9051147.6385 8067544.8330 7866852.7527 7720986.4293 7563358.5302 3.3511 0.4465 1.1727 1.6128 0.3888 0.3170 0.1470 0.0403 0.0203 0.0182 0.0179 0.3555 0.0143 0.1166 0.2528 0.3540 0.4233 0.4819 0.5056 0.5108 0.5152 0.5201 1.4702 0.1452 0.1138 0.0850 0.0746 0.0714 0.0681 0.0663 0.0659 0.0658 0.0658 0.0836  
70129 36 0.8521 0.8943 0.0588 0.1011 96832018.1469 612993.0185 136599396.2593 151135.4359 6265320065.6861 16075664182.2864 14693393750.4889 5398444549.3036 431212643.1140 53928390.5114 45398162.5623 44988767.4474 44988767.4474 44985399.2479 0.0000 0.0984 0.1012 0.1356 0.1363 0.1368 0.1403 0.1410 0.1411 0.1411 0.1411 0.0000 0.0007 0.0052 0.0090 0.0170 0.0213 0.0216 0.0216 0.0216 0.0216 0.0216 1.4359 0.1944 0.1600 0.1339 0.1336 0.1303 0.1054 0.1002 0.0999 0.0999 0.0999 0.0000  
78889 4 1.0374 1.0294 0.0176 0.0166 19891111.9881 15987369.4146 1414179403.3754 211445.5978 467805.5271 35000423.9259 103253978.4342 120749849.3658 121546176.2618 121550358.2485 121550358.2485 121550358.2485 121550358.2485 121550358.2485 185.8245 0.1568 0.0244 0.0171 0.0158 0.0158 0.0158 0.0158 0.0158 0.0158 0.0158 0.0158 0.0406 0.5074 1.2979 1.5276 1.5375 1.5376 1.5376 1.5376 1.5376 1.5376 1.5376 0.1099 0.0775 0.0597 0.0564 0.0563 0.0563 0.0563 0.0563 0.0563 0.0563 0.0566  
78889 12 0.9408 0.9538 0.0025 0.0023 10816926.5861 45268.4116 3995146971.2545 995616.6886 3227109.8926 63493617.1686 999546189.8680 2248348455.3178 2590500744.1818 2036990985.3891 1169698939.7077 505645113.6210 172054370.5933 66182873.4379 1.0031 0.2288 0.0112 0.0022 0.0025 0.0026 0.0026 0.0026 0.0026 0.0026 0.0027 0.0747 0.0185 0.1363 0.2773 0.3800 0.4347 0.4708 0.5142 0.5471 0.5637 0.5690 1.1640 0.1882 0.0816 0.0721 0.0682 0.0661 0.0659 0.0659 0.0659 0.0658 0.0655 0.0741  
78889 15 0.9780 0.9879 0.0022 0.0042 11012904.4716 0.0000 2622272287.9691 1369683.8872 1732418259.0670 21135325529.0561 21830529486.4657 12957496242.4838 3881078335.2302 241544513.2079 4401852.3395 128357.9716 133456.5265 140410.9490 0.0000 0.4367 0.0015 0.0002 0.0003 0.0009 0.0154 0.7688 8.8649 8.4724 7.9776 0.0000 0.0037 0.0340 0.0805 0.1143 0.1546 0.1709 0.1721 0.1732 0.1763 0.1805 1.6453 0.2825 0.1882 0.1512 0.1341 0.1333 0.1333 0.1328 0.1132 0.1119 0.1103 0.0000  
78889 29 0.8221 0.9219 0.0316 0.0541 14614847.9291 357528.9910 58527846.8654 55914.8275 19556.2909 69833.2481 17304753.7297 195978781.6044 378513913.1806 304681320.5116 148239416.2937 42013249.3018 7135542.6214 1649868.3347 0.0000 6.2925 5.1248 0.1216 0.0228 0.0249 0.0416 0.0882 0.2375 0.6442 1.1027 4.5317 0.0008 0.0083 0.0282 0.0621 0.1093 0.1667 0.2325 0.3028 0.3770 0.4303 2.5550 0.3132 0.1728 0.0687 0.0666 0.0646 0.0604 0.0570 0.0552 0.0531 0.0511 0.0367  
78889 30 1.2649 0.9449 0.0088 0.0282 73971242.3968 381034.4966 680971572.0881 79705.5154 1164364.0526 31046940.6137 44153601.3396 65068871.4000 80720517.7350 85930691.3679 86916444.3064 86967395.6573 86967395.6573 86967395.6573 97.7809 0.0424 0.5600 1.1260 0.3186 0.0515 0.0187 0.0158 0.0157 0.0157 0.0157 0.0157 0.0091 0.1159 0.3994 0.8385 1.2578 1.4239 1.4453 1.4461 1.4461 1.4461 1.4461 0.1865 0.1289 0.0924 0.0680 0.0597 0.0567 0.0563 0.0563 0.0563 0.0563 0.0563  
78889 35 0.9543 0.8313 0.2712 0.6557 5409790.7338 53893.0518 41611596.8085 3504.6518 886241.1806 6275319.8087 5807088.5426 8879429.1465 8723021.7307 7767743.5766 7361761.3895 7256636.2883 7130206.2032 6985359.3705 2.2904 0.4507 1.3244 1.6182 0.4784 0.3737 0.1595 0.0439 0.0234 0.0212 0.0210 0.4501 0.0143 0.1166 0.2528 0.3540 0.4233 0.4819 0.5056 0.5108 0.5152 0.5201 1.4702 0.1449 0.1132 0.0840 0.0744 0.0711 0.0678 0.0662 0.0659 0.0658 0.0658 0.0815  
78889 36 0.8762 0.8968 0.0565 0.0969 83444976.4729 546830.3288 123006585.3717 128778.0674 4692393583.6333 13530416755.6926 13234391302.6430 4860499312.1916 383709348.9946 43676432.8076 35988442.8937 35619961.2690 35619961.2690 35617294.4892 0.0000 0.0930 0.0955 0.1290 0.1297 0.1301 0.1330 0.1336 0.1337 0.1337 0.1337 0.0000 0.0007 0.0052 0.0090 0.0170 0.0213 0.0216 0.0216 0.0216 0.0216 0.0216 1.4359 0.1943 0.1586 0.1339 0.1336 0.1306 0.1058 0.1002 0.0998 0.0998 0.0998 0.0000  
87673 4 1.0051 1.0038 0.0173 0.0166 20415646.7694 15933400.7379 1447696347.5919 219348.6322 388844.7365 27573712.7387 97064407.9344 122945541.5012 124344782.2109 124352860.5527 124352860.5527 124352860.5527 124352860.5527 124352860.5527 189.9319 0.1537 0.0240 0.0170 0.0161 0.0160 0.0160 0.0160 0.0160 0.0160 0.0160 0.0161 0.0406 0.5074 1.2979 1.5276 1.5375 1.5376 1.5376 1.5376 1.5376 1.5376 1.5376 0.1096 0.0763 0.0592 0.0564 0.0563 0.0563 0.0563 0.0563 0.0563 0.0563 0.0565  
87673 12 0.9363 0.9550 0.0026 0.0024 10804419.0171 55337.4155 3763982714.8140 936633.1072 4954265.4299 62290877.9784 814539738.3898 2048535036.1168 2485445644.0237 1965442130.2860 1128858999.9757 487926328.0740 165950642.9983 63765418.9478 1.2625 0.1991 0.0158 0.0023 0.0026 0.0027 0.0027 0.0027 0.0027 0.0028 0.0028 0.0542 0.0185 0.1363 0.2773 0.3800 0.4347 0.4708 0.5142 0.5471 0.5637 0.5690 1.1640 0.1876 0.0870 0.0718 0.0678 0.0661 0.0659 0.0659 0.0659 0.0658 0.0655 0.0844  
87673 15 0.9896 1.0282 0.0028 0.0052 13171454.1679 0.0000 2590956684.3908 1339596.0598 2703508135.9985 23527652657.0065 21163656911.6701 12810108775.1955 3841092385.0231 239073898.7797 4375242.6745 143851.2475 143196.7863 142304.1711 0.0000 0.3662 0.0017 0.0002 0.0002 0.0011 0.0195 0.9504 8.9912 8.8456 8.6429 0.0000 0.0037 0.0340 0.0805 0.1143 0.1546 0.1709 0.1721 0.1732 0.1763 0.1805 1.6453 0.2849 0.1928 0.1510 0.1340 0.1333 0.1333 0.1325 0.1137 0.1132 0.1125 0.0000  
87673 29 0.7339 0.9285 0.0264 0.0404 10377911.0294 186153.0608 52541185.8855 45965.0917 10349.6925 36327.2194 15326923.5991 174314363.0423 339225337.2281 276936313.3020 135320912.0348 37369381.0677 5719355.0318 1111413.7212 0.0000 6.3703 5.1495 0.0702 0.0201 0.0264 0.0426 0.0702 0.1469 0.4036 0.8098 6.5133 0.0008 0.0083 0.0282 0.0621 0.1093 0.1667 0.2325 0.3028 0.3770 0.4303 2.5550 0.3206 0.1725 0.0680 0.0666 0.0645 0.0603 0.0571 0.0559 0.0550 0.0543 0.0367  
87673 30 1.1560 0.9229 0.0155 0.0276 73167189.0663 45858.3211 679447294.7891 100818.8164 948016.0769 16242295.0114 15300916.4544 30032152.4793 66746248.3149 88330207.7099 91709605.3233 91858855.7747 91858855.7747 91858855.7747 103.2806 0.0983 1.2536 2.1588 0.4365 0.0437 0.0204 0.0187 0.0186 0.0186 0.0186 0.0186 0.0091 0.1159 0.3994 0.8385 1.2578 1.4239 1.4453 1.4461 1.4461 1.4461 1.4461 0.1860 0.1317 0.0989 0.0658 0.0582 0.0565 0.0563 0.0563 0.0563 0.0563 0.0563  
87673 35 0.7647 1.0924 0.2732 0.6721 3504477.9527 178095.5339 36256340.7883 3344.3346 2282657.2246 12955006.6229 7478985.3697 9991741.4720 9176222.1438 7545506.4015 6870707.7737 6725611.8823 6603514.1966 6468836.4073 2.7418 0.4469 1.2959 2.0327 0.3307 0.2307 0.0972 0.0297 0.0184 0.0172 0.0171 0.2840 0.0143 0.1166 0.2528 0.3540 0.4233 0.4819 0.5056 0.5108 0.5152 0.5201 1.4702 0.1482 0.1142 0.0872 0.0752 0.0709 0.0677 0.0662 0.0659 0.0658 0.0658 0.0899  
87673 36 0.8946 0.9090 0.0561 0.0963 77478555.4557 562568.3181 111840866.7152 112837.9317 3396656672.2875 11567737327.1802 12233014036.1741 4490929799.0013 350159470.0739 35648801.1487 28537859.5953 28197509.4415 28197509.4415 28195398.3626 0.0000 0.0932 0.0961 0.1277 0.1284 0.1288 0.1327 0.1338 0.1338 0.1338 0.1338 0.0000 0.0007 0.0052 0.0090 0.0170 0.0213 0.0216 0.0216 0.0216 0.0216 0.0216 1.4359 0.1942 0.1555 0.1339 0.1337 0.1310 0.1067 0.1002 0.0998 0.0998 0.0998 0.0000  
96433 4 1.0646 1.0546 0.0166 0.0154 19270429.0363 16112782.0851 1519975315.8887 220462.5059 957064.1628 47757826.8845 115170289.3314 129220334.7211 129906257.3237 129910956.3126 129910956.3126 129910956.3126 129910956.3126 129910956.3126 198.8168 0.1378 0.0250 0.0162 0.0143 0.0142 0.0142 0.0142 0.0142 0.0142 0.0142 0.0142 0.0406 0.5074 1.2979 1.5276 1.5375 1.5376 1.5376 1.5376 1.5376 1.5376 1.5376 0.1096 0.0790 0.0603 0.0564 0.0563 0.0563 0.0563 0.0563 0.0563 0.0563 0.0567  
96433 12 0.9318 0.9575 0.0027 0.0026 10720586.9536 63347.2483 3550212086.9724 876984.7289 8130852.0049 76607949.3175 688931022.7388 1882578480.4559 2369016079.3010 1880520630.7875 1080240696.6726 466869184.5871 158739004.6897 60947926.0754 1.8677 0.1775 0.0168 0.0024 0.0028 0.0028 0.0028 0.0029 0.0029 0.0029 0.0030 0.0331 0.0185 0.1363 0.2773 0.3800 0.4347 0.4708 0.5142 0.5471 0.5637 0.5690 1.1640 0.1890 0.0941 0.0717 0.0675 0.0661 0.0659 0.0659 0.0659 0.0658 0.0655 0.0962  
96433 15 0.9725 0.9802 0.0029 0.0055 13563220.6125 0.0000 2532056088.9997 1325690.8976 2646084703.1176 22468175721.8161 20864832977.7379 12509686791.6868 3749196351.6781 233361841.4405 4278552.4833 147579.2705 144526.5864 140362.8259 0.0000 0.3399 0.0013 0.0001 0.0002 0.0011 0.0207 1.0054 9.0386 8.9756 8.8850 0.0000 0.0037 0.0340 0.0805 0.1143 0.1546 0.1709 0.1721 0.1732 0.1763 0.1805 1.6453 0.2814 0.1917 0.1510 0.1340 0.1333 0.1333 0.1324 0.1138 0.1136 0.1133 0.0000  
96433 29 0.8289 0.9305 0.0269 0.0478 8821877.2619 143365.0846 47807449.3435 33733.5166 16548.9095 47142.2562 13679022.0410 155635517.4675 304433118.3264 251093943.8832 123609035.5843 34202759.1504 5228811.2382 1011973.4704 0.0000 6.3051 5.3397 0.1050 0.0197 0.0261 0.0415 0.0645 0.1233 0.3249 0.6650 6.7259 0.0008 0.0083 0.0282 0.0621 0.1093 0.1667 0.2325 0.3028 0.3770 0.4303 2.5550 0.3163 0.1760 0.0686 0.0666 0.0644 0.0602 0.0571 0.0559 0.0552 0.0548 0.0367  
96433 30 0.9636 0.9751 0.0154 0.0239 71271284.9732 42461.5330 647483286.3932 116543.7233 1474972.6123 23277976.2233 18890425.9716 18591286.7148 56877375.8310 85161786.5083 89832202.7810 90042426.0072 90042426.0072 90042426.0072 101.2383 0.0883 1.1772 2.2223 0.6322 0.0331 0.0192 0.0186 0.0186 0.0186 0.0186 0.0186 0.0091 0.1159 0.3994 0.8385 1.2578 1.4239 1.4453 1.4461 1.4461 1.4461 1.4461 0.1905 0.1325 0.1062 0.0660 0.0571 0.0563 0.0563 0.0563 0.0563 0.0563 0.0563  
96433 35 0.9982 0.9205 0.2083 0.6103 3344087.1050 204899.3395 31453265.9760 2557.3914 1610149.4250 9801115.6856 6388071.7150 9363867.8614 8685948.0512 7049519.3472 6371209.7960 6228310.2753 6114359.1186 5989561.3875 2.4910 0.4459 1.2009 1.7544 0.3181 0.2489 0.1096 0.0321 0.0183 0.0169 0.0167 0.2869 0.0143 0.1166 0.2528 0.3540 0.4233 0.4819 0.5056 0.5108 0.5152 0.5201 1.4702 0.1487 0.1141 0.0857 0.0746 0.0711 0.0679 0.0662 0.0659 0.0658 0.0658 0.0863  
96433 36 0.8851 0.9171 0.0557 0.0959 69836659.5486 570649.1929 98071171.5680 100943.2726 2959736316.2774 10213338026.8639 10859052125.1501 3984888144.5566 308212900.5348 28952401.5625 22638451.2363 22336516.8367 22336516.8367 22334844.5561 0.0000 0.0927 0.0958 0.1271 0.1279 0.1283 0.1320 0.1331 0.1332 0.1332 0.1332 0.0000 0.0007 0.0052 0.0090 0.0170 0.0213 0.0216 0.0216 0.0216 0.0216 0.0216 1.4359 0.1942 0.1546 0.1339 0.1337 0.1313 0.1074 0.1003 0.0998 0.0998 0.0998 0.0000  
